0 13.283325 52.575523 436568 1.0 4
1 13.497849 52.546886 173224 1.0 65
2 13.297384 52.48651 228846 0.0 84
3 13.57882 52.458225 140522 0.0 27
4 13.509152 52.456837 173691 1.0 21
5 13.576087 52.447456 41212 1.0 57
6 13.540436 52.419765 307893 1.0 10
7 13.527552 52.42472 293452 1.0 34
8 13.370009 52.421623 96219 1.0 85
9 13.507607 52.49955 125756 0.0 74
10 13.43452 52.513073 14693 1.0 72
11 13.495815 52.54582 187276 1.0 61
12 13.291401 52.506958 254525 1.0 49
13 13.289187 52.510555 12999 1.0 21
14 13.496308 52.518223 141348 1.0 13
15 13.286809 52.58607 483645 0.0 23
16 13.399737 52.386677 445951 0.522 35
17 13.370149 52.541927 93109 1.0 84
18 13.294761 52.510727 335660 1.0 84
19 13.395692 52.38668 307802 1.0 92
20 13.385529 52.550175 35217 1.0 27
21 13.368382 52.418884 376377 1.0 48
22 13.388931 52.55011 141707 1.0 49
23 13.385107 52.549927 370577 1.0 36
24 13.343785 52.435143 70263 1.0 10
25 13.403291 52.5247 43291 1.0 95
26 13.450665 52.548634 154651 1.0 20
27 13.216227 52.43837 538 1.0 81
28 13.455195 52.54928 220270 1.0 83
29 13.455834 52.549416 220269 1.0 88
30 13.405309 52.38668 1160 0.715 10
31 13.404185 52.38668 1161 0.565 98
32 13.408977 52.387074 200195 1.0 11
33 13.406954 52.386158 136353 1.0 93
34 13.457079 52.42947 269527 0.143 19
35 13.218376 52.53811 185315 1.0 16
36 13.414002 52.550045 392824 1.0 51
37 13.453599 52.429356 202812 1.0 90
38 13.353604 52.549427 456947 0.0 76
39 13.424663 52.48796 382953 0.0 52
40 13.520069 52.513744 471192 1.0 28
41 13.288817 52.633026 346620 1.0 18
42 13.384254 52.550663 267112 1.0 14
43 13.518158 52.51368 361027 1.0 29
44 13.479211 52.516224 329370 0.0 63
45 13.447483 52.437542 373149 1.0 67
46 13.440342 52.499237 17573 1.0 10
47 13.479317 52.51981 336508 0.0 14
48 13.392119 52.55413 12061 0.0 24
49 13.535603 52.51111 203355 1.0 22
50 13.495787 52.50598 18193 1.0 64
51 13.50352 52.50969 18260 1.0 50
52 13.320908 52.41225 248740 1.0 33
53 13.28864 52.476814 1002 1.0 10
54 13.466653 52.524574 112321 1.0 58
55 13.398074 52.53482 177345 1.0 62
56 13.336363 52.523407 155462 1.0 59
57 13.303674 52.449257 240231 1.0 38
58 13.32262 52.51834 323395 0.0 93
59 13.384441 52.458168 264297 1.0 3
60 13.336846 52.52667 177931 1.0 25
61 13.342636 52.502747 302144 1.0 15
62 13.335447 52.52649 9096 1.0 70
63 13.335447 52.52649 9096 1.0 35
64 13.305038 52.512947 7061 1.0 14
65 13.304513 52.517338 5497 1.0 31
66 13.350278 52.541726 481598 0.8 79
67 13.324171 52.460564 136020 1.0 92
68 13.241928 52.42363 28084 1.0 96
69 13.155617 52.532616 454697 1.0 8
70 13.440073 52.540874 17249 1.0 90
71 13.266144 52.41442 59261 1.0 90
72 13.301452 52.488564 501934 1.0 16
73 13.279986 52.53776 207238 1.0 97
74 13.30201 52.507957 6682 1.0 20
75 13.336069 52.5021 110429 0.0 64
76 13.282346 52.47801 382126 1.0 91
77 13.293308 52.474472 267439 1.0 32
78 13.304595 52.51661 5581 1.0 41
79 13.283493 52.47838 6444 0.0 2
80 13.253018 52.449932 339349 1.0 60
81 13.511727 52.504154 79358 1.0 28
82 13.260932 52.516033 340637 1.0 83
83 13.261371 52.51602 322027 1.0 71
84 13.269829 52.510803 437514 1.0 27
85 13.257401 52.518906 10039 1.0 52
86 13.265465 52.511696 12351 1.0 32
87 13.268413 52.51163 437510 1.0 17
88 13.307506 52.504574 6619 0.0 97
89 13.313389 52.620712 167989 1.0 37
90 13.278749 52.518383 155324 1.0 30
91 13.201419 52.547775 25218 1.0 27
92 13.543617 52.52355 38802 1.0 11
93 13.462762 52.523514 263359 1.0 24
94 13.360871 52.49818 91469 1.0 24
95 13.301303 52.58369 15836 1.0 34
96 13.47801 52.429283 348456 1.0 70
97 13.33888 52.486706 7828 1.0 56
98 13.507059 52.403946 347075 0.0 36
99 13.492209 52.42028 140976 1.0 88
100 13.332239 52.46851 227433 1.0 33
101 13.333298 52.469017 9869 0.0 76
102 13.32143 52.457565 261266 1.0 85
103 13.329971 52.458153 18808 1.0 54
104 13.366963 52.493305 206802 1.0 25
105 13.363674 52.50079 14911 0.0 7
106 13.297786 52.510525 4762 1.0 56
107 13.283957 52.506397 330236 1.0 62
108 13.324056 52.493927 2064 1.0 85
109 13.322927 52.489872 359715 1.0 26
110 13.299192 52.4732 236829 1.0 61
111 13.322759 52.488926 359716 1.0 73
112 13.401696 52.589478 386104 1.0 47
113 13.411044 52.57133 492990 1.0 87
114 13.39794 52.580116 21398 1.0 72
115 13.40369 52.5804 178251 1.0 41
116 13.363531 52.499626 14928 0.0 99
117 13.359926 52.433666 393313 1.0 78
118 13.462873 52.425434 198252 1.0 98
119 13.479004 52.526733 353830 1.0 95
120 13.331813 52.506634 478892 1.0 93
121 13.359597 52.574253 391 1.0 93
122 13.54773 52.438255 54519 0.0 94
123 13.542882 52.436 76493 0.0 71
124 13.258966 52.43223 166087 1.0 10
125 13.409472 52.48994 444582 1.0 36
126 13.574803 52.487076 139335 1.0 49
127 13.397543 52.56584 72361 0.0 65
128 13.32244 52.458763 136024 1.0 65
129 13.422026 52.535698 79294 1.0 60
130 13.431904 52.5545 138928 1.0 4
131 13.33966 52.497578 6839 1.0 30
132 13.415894 52.491 465283 1.0 23
133 13.413699 52.491714 248848 0.0 12
134 13.359377 52.573406 84114 1.0 30
135 13.413295 52.502926 13702 1.0 22
136 13.517615 52.5673 148238 1.0 4
137 13.350706 52.53238 477771 1.0 38
138 13.525564 52.567936 32617 1.0 61
139 13.507556 52.564514 148287 1.0 16
140 13.413537 52.540848 252219 1.0 40
141 13.341213 52.45078 429211 0.0 29
142 13.411834 52.540585 135478 1.0 66
143 13.361779 52.568516 15645 1.0 68
144 13.587567 52.441242 331808 0.0 75
145 13.402369 52.41186 230696 1.0 34
146 13.326565 52.46433 204350 1.0 29
147 13.4194 52.49926 227207 1.0 67
148 13.34308 52.51871 227266 1.0 1
149 13.402532 52.569305 485839 1.0 35
150 13.328671 52.465027 227426 1.0 86
151 13.296382 52.44326 200062 1.0 41
152 13.385128 52.49834 288683 1.0 86
153 13.297212 52.511826 5784 1.0 86
154 13.334409 52.526794 92538 1.0 56
155 13.498168 52.51399 94625 1.0 90
156 13.559367 52.55523 34402 0.0 87
157 13.455211 52.51201 251055 1.0 81
158 13.363223 52.550865 369117 1.0 34
159 13.28629 52.535328 439668 1.0 13
160 13.469142 52.507637 255859 1.0 46
161 13.15783 52.419395 131296 1.0 19
162 13.47315 52.51379 422477 1.0 11
163 13.345267 52.436745 107203 1.0 21
164 13.390057 52.512135 89242 1.0 34
165 13.490356 52.61731 284359 0.0 3
166 13.443495 52.484238 221958 1.0 57
167 13.215092 52.43898 405778 1.0 74
168 13.260955 52.436077 183020 1.0 32
169 13.261642 52.410885 46841 1.0 93
170 13.162944 52.551052 207371 1.0 80
171 13.17724 52.54706 29007 1.0 71
172 13.294492 52.474236 236840 1.0 50
173 13.495527 52.53587 244508 0.0 16
174 13.436466 52.418213 62401 0.0 79
175 13.43065 52.49782 234124 1.0 53
176 13.319724 52.456963 149665 1.0 69
177 13.427761 52.490227 390309 0.129 26
178 13.538617 52.52787 144693 0.025 66
179 13.259652 52.435276 92637 1.0 8
180 13.261887 52.437412 150192 1.0 72
181 13.408985 52.50146 13679 1.0 5
182 13.183938 52.544544 74437 1.0 99
183 13.260202 52.434525 32051 1.0 97
184 13.357096 52.40735 125526 1.0 22
185 13.282447 52.50996 207593 1.0 85
186 13.295723 52.513386 262574 1.0 16
187 13.38008 52.438686 246340 1.0 34
188 13.441383 52.54352 14177 1.0 65
189 13.27917 52.577347 281816 1.0 3
190 13.289628 52.634068 353718 1.0 22
191 13.286774 52.6326 356450 1.0 9
192 13.509993 52.45704 473223 1.0 19
193 13.450978 52.515846 258550 1.0 13
194 13.353013 52.55001 383885 1.0 1
195 13.409137 52.504276 345730 1.0 43
196 13.345537 52.554184 261683 0.0 21
197 13.601095 52.480686 57238 0.0 41
198 13.28152 52.510185 467836 1.0 4
199 13.52427 52.478603 246984 1.0 93
200 13.385185 52.538002 332287 1.0 35
201 13.430383 52.469112 291581 1.0 99
202 13.31969 52.47162 88428 1.0 78
203 13.393827 52.540318 468290 1.0 29
204 13.286954 52.59031 367354 1.0 13
205 13.439686 52.523796 14468 1.0 18
206 13.284205 52.589108 170922 1.0 11
207 13.282804 52.589306 132607 1.0 29
208 13.521312 52.497467 235351 1.0 23
209 13.432147 52.501938 346737 1.0 54
210 13.574645 52.444813 93374 1.0 69
211 13.584538 52.428944 246908 1.0 31
212 13.576914 52.455482 236936 1.0 61
213 13.576249 52.454567 37839 1.0 75
214 13.461704 52.516075 321248 1.0 59
215 13.387301 52.491947 159119 1.0 65
216 13.42575 52.5297 13991 1.0 71
217 13.361087 52.49466 227240 1.0 71
218 13.218835 52.557827 31730 1.0 95
219 13.521049 52.451817 272786 1.0 23
220 13.354719 52.59834 165677 1.0 15
221 13.422202 52.53318 13953 1.0 22
222 13.241306 52.5433 139636 1.0 55
223 13.238603 52.54258 136486 1.0 20
224 13.371373 52.565205 434023 1.0 77
225 13.169755 52.51842 165225 1.0 84
226 13.33885 52.48847 165061 1.0 77
227 13.516681 52.510563 200470 1.0 47
228 13.267401 52.536766 139599 1.0 35
229 13.268516 52.53674 128890 1.0 66
230 13.349673 52.482613 182644 1.0 24
231 13.388876 52.436478 139938 1.0 44
232 13.524392 52.48275 289718 0.0 77
233 13.387623 52.526146 460239 1.0 34
234 13.343831 52.489 7676 1.0 48
235 13.428415 52.484432 18845 1.0 90
236 13.558484 52.50595 284563 1.0 18
237 13.451262 52.50899 91891 1.0 83
238 13.431502 52.532074 14016 1.0 16
239 13.50626 52.493565 338205 1.0 27
240 13.329396 52.609467 131768 1.0 71
241 13.402372 52.581425 266266 0.0 54
242 13.32924 52.445854 191256 1.0 41
243 13.269836 52.45149 423855 1.0 54
244 13.372726 52.44597 330058 1.0 67
245 13.389775 52.434948 139935 1.0 6
246 13.410025 52.52883 454613 1.0 8
247 13.386539 52.442146 129764 1.0 31
248 13.302309 52.437893 137962 1.0 36
249 13.460209 52.494111 49823 0.846 56
250 13.428268 52.588005 236375 1.0 73
251 13.305699 52.417103 50879 1.0 19
252 13.287012 52.432938 299549 1.0 90
253 13.420029 52.499004 329578 1.0 33
254 13.313246 52.423 20316 1.0 12
255 13.303488 52.42674 256087 0.0 5
256 13.57307 52.567978 229412 1.0 83
257 13.323735 52.471798 428012 1.0 40
258 13.451191 52.509857 252248 1.0 17
259 13.310628 52.465065 125278 1.0 70
260 13.270623 52.43852 485058 1.0 24
261 13.355891 52.548336 179667 1.0 14
262 13.33333 52.595448 84691 1.0 33
263 13.456287 52.436428 287637 1.0 99
264 13.459281 52.560246 433710 0.0 60
265 13.263795 52.487278 15159 0.0 50
266 13.496829 52.41828 316587 1.0 71
267 13.374887 52.507595 61038 1.0 52
268 13.195188 52.43014 737 1.0 38
269 13.56362 52.57082 229420 1.0 23
270 13.391408 52.39843 152883 1.0 16
271 13.471433 52.528362 395108 1.0 81
272 13.323888 52.49523 353449 1.0 49
273 13.319947 52.496033 4131 1.0 81
274 13.411922 52.567635 294727 1.0 67
275 13.324531 52.497944 4251 1.0 89
276 13.437901 52.53265 14038 1.0 72
277 13.385818 52.46564 353440 0.5 32
278 13.423996 52.549436 475621 0.462 20
279 13.391327 52.56345 15399 0.0 61
280 13.290731 52.515343 7518 1.0 11
281 13.43157 52.467422 464444 1.0 80
282 13.392346 52.49053 13523 1.0 68
283 13.290111 52.518887 48434 1.0 21
284 13.309119 52.516678 204648 0.0 63
285 13.493427 52.636177 80121 1.0 79
286 13.330723 52.500134 470533 1.0 12
287 13.322796 52.497307 4150 1.0 57
288 13.475464 52.42288 389564 0.27 22
289 13.504908 52.573124 433850 1.0 24
290 13.552068 52.534428 462320 1.0 1
291 13.587484 52.521225 335300 1.0 82
292 13.483935 52.425365 135163 1.0 36
293 13.558067 52.52513 350453 1.0 99
294 13.448424 52.485287 77262 1.0 16
295 13.420645 52.495384 290359 1.0 98
296 13.312053 52.498062 3625 1.0 50
297 13.310958 52.496174 4216 1.0 8
298 13.336155 52.530396 9092 1.0 30
299 13.312937 52.49968 3627 1.0 99
300 13.341912 52.4472 342959 1.0 11
301 13.339632 52.448353 421660 1.0 66
302 13.389901 52.510666 355116 1.0 63
303 13.326623 52.479763 419476 1.0 51
304 13.450516 52.489216 17603 1.0 52
305 13.395999 52.51069 242811 1.0 96
306 13.469956 52.531868 496188 1.0 84
307 13.468411 52.527676 325684 1.0 21
308 13.486722 52.54092 36517 1.0 8
309 13.328803 52.563 282625 1.0 72
310 13.317102 52.566666 121402 1.0 45
311 13.394375 52.506958 2218 1.0 96
312 13.408937 52.524178 13858 0.0 72
313 13.331324 52.486572 499160 1.0 85
314 13.442559 52.542976 174323 1.0 84
315 13.31894 52.48144 4511 1.0 4
316 13.32535 52.486538 237594 0.0 3
317 13.409595 52.521595 391070 1.0 97
318 13.411033 52.52016 81836 1.0 9
319 13.383755 52.530746 310536 0.0 48
320 13.386651 52.511925 193077 1.0 22
321 13.329067 52.481735 4546 1.0 35
322 13.271533 52.51024 459507 1.0 60
323 13.321387 52.570305 44348 1.0 40
324 13.32065 52.48527 8936 1.0 43
325 13.349965 52.526356 10233 1.0 46
326 13.356981 52.524835 44141 0.857 45
327 13.555939 52.520096 37168 0.0 67
328 13.326498 52.49115 7291 0.0 99
329 13.542598 52.526688 175725 0.543 75
330 13.542431 52.527794 141037 1.0 5
331 13.40549 52.513725 435381 1.0 75
332 13.328068 52.564415 225353 0.0 39
333 13.408013 52.550983 37012 1.0 29
334 13.572625 52.412254 372761 0.0 25
335 13.29705 52.506844 434946 1.0 36
336 13.413387 52.54926 391798 1.0 26
337 13.440061 52.481808 162336 1.0 39
338 13.43942 52.48025 392496 1.0 71
339 13.350035 52.549763 386708 1.0 31
340 13.321708 52.506763 320925 1.0 65
341 13.427081 52.53577 13944 1.0 22
342 13.188085 52.537373 145274 1.0 92
343 13.613662 52.509373 142630 1.0 70
344 13.591849 52.50733 81667 0.0 18
345 13.582696 52.51772 438053 1.0 82
346 13.612336 52.51129 34920 1.0 4
347 13.456597 52.490307 177138 1.0 21
348 13.47971 52.524338 106938 1.0 23
349 13.414309 52.5079 113098 1.0 5
350 13.219444 52.432133 63475 1.0 84
351 13.399045 52.50013 13559 0.379 60
352 13.413521 52.49337 188772 1.0 42
353 13.231667 52.612686 257212 1.0 23
354 13.234586 52.607483 29980 1.0 48
355 13.307058 52.49866 4738 1.0 74
356 13.445159 52.479126 162355 0.0 97
357 13.206114 52.537525 30707 1.0 21
358 13.203734 52.537548 28527 1.0 44
359 13.201683 52.53605 29706 1.0 33
360 13.205169 52.536716 30704 1.0 92
361 13.373684 52.54379 225001 1.0 33
362 13.198069 52.532417 215325 1.0 22
363 13.216547 52.42733 483740 1.0 11
364 13.709623 52.432774 66760 1.0 1
365 13.393999 52.489143 410019 1.0 43
366 13.195285 52.535492 39597 1.0 88
367 13.197023 52.52529 160573 1.0 37
368 13.442187 52.467785 458210 0.0 22
369 13.197244 52.52104 12828 1.0 78
370 13.194901 52.52015 406893 1.0 33
371 13.206107 52.542976 165713 1.0 12
372 13.195873 52.528618 75232 1.0 46
373 13.346357 52.436466 188406 1.0 54
374 13.468914 52.51747 155867 1.0 8
375 13.18311 52.51263 35905 1.0 84
376 13.342282 52.556038 100062 1.0 10
377 13.386694 52.52366 502099 1.0 66
378 13.488842 52.467037 52595 1.0 64
379 13.197825 52.521942 12939 0.0 31
380 13.61184 52.513294 387389 1.0 50
381 13.572535 52.568016 451154 1.0 33
382 13.444643 52.564644 188518 1.0 85
383 13.430286 52.49555 6993 1.0 44
384 13.42798 52.4935 183 0.0 68
385 13.526127 52.482445 289762 1.0 69
386 13.209393 52.54718 30505 0.0 43
387 13.46541 52.51457 422506 1.0 80
388 13.464741 52.514633 5902 0.0 25
389 13.330847 52.467392 9876 0.0 26
390 13.328227 52.467087 5282 1.0 23
391 13.496794 52.49967 381911 0.0 71
392 13.353101 52.412926 407953 1.0 9
393 13.321155 52.45663 444495 1.0 88
394 13.335172 52.595215 230271 1.0 49
395 13.399839 52.416542 139908 1.0 64
396 13.186518 52.547256 66465 1.0 37
397 13.343107 52.479908 10805 0.0 27
398 13.513022 52.505836 467479 0.0 42
399 13.328885 52.428753 500883 1.0 58
400 13.418796 52.492035 113467 1.0 82
401 13.514515 52.505314 360595 1.0 55
402 13.326386 52.427605 134012 1.0 95
403 13.142467 52.525047 267079 1.0 58
404 13.358742 52.54636 60526 1.0 38
405 13.320066 52.50162 149208 1.0 54
406 13.406451 52.535416 24298 1.0 32
407 13.450896 52.52737 332392 0.0 17
408 13.29248 52.457527 301656 1.0 51
409 13.2899 52.475494 3016 1.0 24
410 13.41536 52.566555 239415 1.0 98
411 13.317047 52.502876 419249 1.0 47
412 13.398245 52.423424 185272 1.0 44
413 13.356731 52.486565 230335 1.0 58
414 13.297016 52.49804 5083 1.0 48
415 13.414111 52.526947 13871 1.0 97
416 13.344975 52.491275 7692 0.5 66
417 13.399107 52.535305 282604 0.0 86
418 13.385244 52.44806 137741 0.0 35
419 13.311695 52.500847 258236 1.0 17
420 13.449927 52.523396 24225 0.0 43
421 13.317819 52.457935 150330 0.0 51
422 13.414936 52.5267 343595 1.0 43
423 13.537259 52.43192 214194 0.0 79
424 13.44275 52.51782 395540 1.0 92
425 13.327703 52.454586 152082 1.0 8
426 13.536315 52.433094 238970 1.0 97
427 13.301949 52.525833 2976 1.0 89
428 13.449795 52.521584 14537 1.0 40
429 13.429609 52.517838 499506 1.0 47
430 13.363938 52.41288 140021 1.0 83
431 13.410807 52.521866 395930 1.0 85
432 13.591764 52.520863 335337 1.0 78
433 13.397851 52.52769 13161 0.0 3
434 13.415325 52.518654 13832 1.0 83
435 13.275378 52.53617 439961 1.0 74
436 13.419041 52.522125 132309 1.0 34
437 13.386333 52.55939 120947 0.0 38
438 13.425995 52.47753 180650 1.0 1
439 13.366993 52.551716 458397 1.0 1
440 13.368329 52.549976 194782 1.0 46
441 13.461331 52.508663 66661 1.0 24
442 13.465652 52.506256 278290 1.0 67
443 13.397754 52.5325 43792 1.0 49
444 13.388288 52.503048 216219 0.0 75
445 13.322688 52.42909 298524 1.0 69
446 13.337802 52.431732 70275 1.0 58
447 13.32317 52.506428 309363 1.0 32
448 13.571475 52.543488 141064 1.0 3
449 13.307961 52.506668 129558 1.0 73
450 13.306578 52.507137 500784 1.0 57
451 13.422903 52.47717 313726 0.0 30
452 13.406002 52.552746 12566 1.0 3
453 13.455906 52.50106 234039 0.0 53
454 13.330421 52.52668 9080 1.0 94
455 13.38492 52.484497 457878 1.0 52
456 13.415391 52.549454 169134 1.0 59
457 13.313961 52.50621 6615 1.0 58
458 13.3241 52.454666 34906 1.0 41
459 13.298483 52.441334 137953 1.0 27
460 13.233043 52.43792 200047 1.0 81
461 13.508823 52.451458 350251 1.0 78
462 13.292378 52.49745 1045 1.0 13
463 13.379385 52.524857 334412 1.0 89
464 13.525537 52.458897 243482 1.0 31
465 13.415196 52.547516 225610 1.0 65
466 13.388249 52.518696 317734 1.0 35
467 13.334311 52.524517 9130 1.0 47
468 13.330402 52.4535 8182 1.0 43
469 13.579809 52.459206 141584 1.0 79
470 13.435189 52.494087 6989 1.0 70
471 13.206894 52.56209 60280 1.0 7
472 13.558483 52.50539 185144 1.0 9
473 13.420013 52.606716 206142 1.0 48
474 13.297888 52.4955 28735 0.0 30
475 13.295535 52.497498 246811 1.0 4
476 13.495158 52.50474 332599 1.0 16
477 13.305648 52.511456 142911 1.0 13
478 13.305597 52.50968 192555 1.0 13
479 13.419945 52.54219 254925 0.0 43
480 13.308698 52.51144 255627 0.0 72
481 13.20863 52.56228 216658 1.0 87
482 13.356669 52.486137 494559 1.0 81
483 13.5769 52.549667 39031 1.0 25
484 13.208299 52.55751 132236 1.0 30
485 13.315214 52.447994 6213 1.0 68
486 13.34415 52.478916 441721 1.0 75
487 13.496799 52.51189 39912 1.0 10
488 13.315654 52.441654 300260 1.0 87
489 13.382909 52.551582 84063 1.0 93
490 13.307186 52.446922 14586 1.0 96
491 13.30662 52.508892 6606 1.0 15
492 13.381405 52.552505 468635 1.0 14
493 13.624734 52.45044 38251 1.0 27
494 13.625351 52.45609 403950 1.0 1
495 13.44145 52.47069 313394 1.0 47
496 13.624753 52.451256 403961 1.0 4
497 13.496867 52.415302 353730 1.0 59
498 13.503996 52.548588 356377 1.0 67
499 13.35499 52.485577 259286 1.0 79
500 13.304946 52.525696 52275 1.0 94
501 13.434294 52.481426 404345 1.0 15
502 13.438214 52.47891 236623 1.0 16
503 13.434294 52.481426 404345 1.0 19
504 13.42659 52.485153 344341 1.0 83
505 13.436217 52.480213 230494 1.0 28
506 13.435178 52.480892 435622 1.0 93
507 13.390824 52.50514 258651 1.0 87
508 13.391273 52.499648 5823 0.167 51
509 13.449591 52.474007 27867 1.0 32
510 13.386096 52.467056 303658 1.0 91
511 13.425643 52.479298 189563 1.0 74
512 13.462942 52.47024 148006 1.0 56
513 13.44081 52.47337 83650 0.0 24
514 13.426792 52.476093 128335 1.0 37
515 13.438691 52.477356 192834 0.0 29
516 13.439943 52.47489 413687 1.0 27
517 13.39449 52.491833 13529 1.0 3
518 13.292378 52.49745 1045 1.0 83
519 13.431723 52.466496 501181 1.0 58
520 13.433574 52.463715 313363 1.0 38
521 13.385802 52.445942 129771 1.0 6
522 13.385716 52.445564 129759 0.0 36
523 13.38398 52.45674 434707 1.0 30
524 13.385492 52.446808 137741 1.0 80
525 13.448805 52.553146 17193 0.0 34
526 13.414502 52.55459 50975 1.0 72
527 13.424144 52.48988 290342 1.0 48
528 13.423624 52.49039 260711 1.0 56
529 13.306594 52.500076 467736 1.0 90
530 13.444819 52.499588 359485 0.5 8
531 13.437154 52.45615 30817 1.0 83
532 13.438506 52.453514 493575 1.0 6
533 13.413008 52.55994 161279 1.0 74
534 13.413692 52.55879 272300 1.0 58
535 13.240805 52.442387 20457 1.0 65
536 13.46797 52.527695 485314 1.0 52
537 13.509845 52.55059 32524 1.0 51
538 13.474415 52.536045 103335 1.0 86
539 13.412969 52.546776 15177 1.0 88
540 13.412302 52.532673 36663 1.0 82
541 13.456653 52.44243 140129 1.0 78
542 13.410209 52.57079 387723 1.0 74
543 13.505757 52.445824 292219 1.0 34
544 13.458784 52.44137 287713 1.0 39
545 13.52364 52.48702 295893 1.0 68
546 13.509407 52.452736 95384 0.0 58
547 13.403503 52.569622 331012 1.0 11
548 13.485571 52.515263 347465 1.0 24
549 13.403787 52.582355 295395 1.0 87
550 13.33554 52.5596 383861 0.0 56
551 13.419806 52.496513 136180 1.0 87
552 13.409849 52.571087 15316 1.0 73
553 13.423357 52.491085 7003 0.0 82
554 13.422466 52.492558 290353 1.0 41
555 13.368788 52.54494 11614 1.0 62
556 13.442675 52.48034 162315 0.0 52
557 13.474584 52.514393 270645 1.0 11
558 13.342335 52.499165 38169 1.0 89
559 13.488424 52.512455 379130 0.0 73
560 13.416878 52.571934 127267 1.0 97
561 13.440791 52.5165 333400 0.0 71
562 13.377612 52.45623 257983 0.0 23
563 13.360966 52.545273 9289 1.0 76
564 13.197511 52.524254 12901 1.0 89
565 13.42907 52.50237 209642 0.0 15
566 13.466547 52.485664 228271 1.0 95
567 13.261341 52.444695 20966 1.0 99
568 13.430524 52.468433 140357 1.0 30
569 13.605545 52.537163 147520 1.0 41
570 13.432692 52.51715 394923 0.0 23
571 13.379904 52.456078 15789 1.0 93
572 13.603275 52.53622 478156 1.0 4
573 13.43511 52.460136 440707 0.0 37
574 13.281364 52.477192 428106 1.0 85
575 13.433933 52.48483 267314 1.0 74
576 13.383633 52.49393 149764 1.0 53
577 13.145752 52.415596 4442 1.0 98
578 13.485766 52.46431 469730 1.0 18
579 13.561587 52.400925 309813 1.0 56
580 13.382448 52.592194 173423 1.0 63
581 13.314489 52.474293 8519 1.0 39
582 13.315162 52.472813 8336 1.0 10
583 13.457502 52.53162 178939 1.0 22
584 13.307508 52.472504 55397 1.0 65
585 13.285748 52.587463 170970 1.0 80
586 13.309999 52.511993 465765 0.0 78
587 13.385143 52.460808 303974 1.0 24
588 13.284143 52.589806 244535 1.0 11
