0 13.391382 52.513115 11151 1.0 84
1 13.302427 52.5842 123106 1.0 33
2 13.328669 52.563713 127543 1.0 72
3 13.313506 52.57135 121396 1.0 47
4 13.344363 52.548855 10294 1.0 44
5 13.309996 52.569977 254185 0.0 50
6 13.352166 52.5396 9220 1.0 1
7 13.367827 52.568417 15518 1.0 48
8 13.369407 52.56876 15519 1.0 41
9 13.322136 52.570175 44345 0.5 57
10 13.141974 52.534092 66223 0.0 14
11 13.316089 52.570995 8728 0.0 91
12 13.317148 52.568794 8725 1.0 34
13 13.320816 52.565334 454295 1.0 82
14 13.314039 52.569885 8737 1.0 70
15 13.332647 52.596664 31036 1.0 90
16 13.30492 52.57252 30149 1.0 98
17 13.301021 52.522907 288022 0.0 69
18 13.321498 52.569607 263077 0.0 12
19 13.356864 52.543266 409795 0.0 54
20 13.326595 52.564457 47501 0.0 80
21 13.33002 52.57548 373900 1.0 32
22 13.413036 52.544094 213470 0.0 64
23 13.425026 52.535675 274866 1.0 86
24 13.476899 52.523388 17760 1.0 44
25 13.420049 52.513103 205195 1.0 67
26 13.41634 52.533215 297849 0.0 94
27 13.420214 52.53612 36684 1.0 54
28 13.263433 52.487885 17454 1.0 16
29 13.364393 52.564 465440 0.0 44
30 13.395727 52.529667 467961 1.0 46
31 13.435686 52.469105 134584 0.0 82
32 13.466623 52.505424 278291 1.0 69
33 13.342512 52.461464 10939 1.0 83
34 13.339347 52.461414 303099 1.0 61
35 13.361401 52.555134 144425 0.0 19
36 13.578295 52.459324 497310 1.0 45
37 13.447859 52.471294 330608 1.0 51
38 13.215617 52.428802 87439 1.0 99
39 13.465864 52.51792 17287 1.0 36
40 13.462731 52.51984 319987 0.0 54
41 13.459409 52.516186 426786 1.0 95
42 13.45551 52.518684 416775 1.0 95
43 13.456634 52.510838 65259 0.0 4
44 13.459566 52.51409 341288 1.0 15
45 13.461518 52.512115 8249 1.0 31
46 13.456283 52.50989 278295 1.0 72
47 13.421605 52.492893 124151 1.0 21
48 13.460508 52.500294 17437 1.0 90
49 13.20262 52.537918 28527 0.0 4
50 13.456256 52.54832 23300 1.0 91
51 13.317176 52.506035 434394 1.0 19
52 13.20197 52.537228 22315 0.0 52
53 13.460582 52.510197 65254 1.0 22
54 13.459362 52.512505 17408 0.0 4
55 13.466372 52.513153 402084 1.0 3
56 13.466372 52.513153 402084 1.0 41
57 13.426369 52.490124 17674 1.0 36
58 13.426369 52.490124 17674 1.0 66
59 13.328484 52.50583 248991 1.0 44
60 13.438043 52.468845 313532 1.0 19
61 13.458735 52.512619 160285 0.404 1
62 13.32317 52.506428 309363 1.0 14
63 13.403779 52.55129 37009 1.0 25
64 13.344268 52.52043 1131 1.0 70
65 13.452213 52.525146 36387 1.0 20
66 13.423472 52.47895 220259 1.0 82
67 13.317691 52.517845 9683 1.0 9
68 13.488747 52.547783 268040 1.0 86
69 13.333015 52.57809 110195 1.0 71
70 13.281796 52.528843 122084 1.0 13
71 13.331914 52.52396 9135 1.0 59
72 13.480008 52.52736 328181 1.0 58
73 13.287916 52.58886 170915 1.0 42
74 13.420129 52.491695 17662 0.0 95
75 13.400147 52.494473 463190 1.0 19
76 13.368677 52.544384 11602 1.0 88
77 13.401827 52.525146 219794 1.0 57
78 13.408299 52.5292 340073 1.0 24
79 13.449177 52.528774 36359 1.0 37
80 13.447637 52.52546 504136 0.0 47
81 13.457207 52.528843 286644 1.0 38
82 13.398436 52.526447 233177 1.0 30
83 13.416351 52.549225 169130 1.0 8
84 13.404592 52.534187 12582 0.0 20
85 13.451515 52.52614 36386 1.0 8
86 13.454227 52.52217 24224 1.0 94
87 13.384431 52.52227 2893 1.0 26
88 13.38754 52.525352 158326 1.0 84
89 13.461331 52.508663 66661 1.0 58
90 13.386065 52.521423 326131 1.0 34
91 13.404565 52.535862 91549 1.0 50
92 13.402683 52.533478 58779 1.0 51
93 13.423245 52.519447 467899 1.0 51
94 13.363856 52.41413 53332 1.0 16
95 13.459402 52.51415 341287 1.0 93
96 13.460864 52.514336 77708 1.0 22
97 13.407135 52.533257 12629 1.0 26
98 13.386065 52.521423 326131 1.0 5
99 13.399816 52.532814 58776 1.0 94
100 13.406308 52.532375 12630 1.0 17
101 13.421307 52.477013 313728 0.0 14
102 13.4034 52.534023 12598 1.0 41
103 13.479066 52.540314 242099 1.0 8
104 13.324272 52.47989 4555 1.0 61
105 13.294556 52.44312 250917 1.0 35
106 13.564942 52.541622 33024 0.615 52
107 13.202971 52.542553 25208 1.0 26
108 13.525695 52.48153 445989 1.0 10
109 13.464338 52.497528 190110 1.0 23
110 13.459353 52.50105 74366 1.0 99
111 13.513561 52.46223 235595 1.0 16
112 13.453673 52.504128 17364 0.0 2
113 13.430524 52.468433 140357 1.0 24
114 13.309437 52.507877 80079 1.0 99
115 13.423472 52.47895 220259 1.0 60
116 13.570592 52.54998 37412 1.0 12
117 13.348224 52.48195 329968 1.0 23
118 13.419901 52.545784 43302 1.0 59
119 13.445434 52.499256 52238 0.0 32
120 13.466725 52.505375 278292 1.0 17
121 13.356445 52.49785 115563 1.0 43
122 13.558161 52.54649 71985 1.0 82
123 13.315386 52.50317 4176 1.0 98
124 13.387918 52.517914 484173 1.0 50
125 13.499977 52.509327 101632 1.0 63
126 13.281622 52.58933 24947 0.0 11
127 13.437425 52.493465 6987 1.0 83
128 13.434986 52.491264 386973 1.0 47
129 13.577901 52.497646 86202 1.0 71
130 13.433405 52.492405 138870 1.0 81
131 13.407638 52.531708 424711 1.0 11
132 13.271133 52.534977 11185 1.0 60
133 13.466725 52.505375 278292 1.0 59
134 13.456634 52.510838 65259 0.0 3
135 13.567983 52.550835 37321 1.0 88
136 13.421301 52.54172 36687 1.0 38
137 13.357633 52.545364 139133 0.0 2
138 13.588791 52.51235 193322 1.0 34
139 13.431728 52.497456 131708 1.0 82
140 13.416119 52.54285 144405 1.0 58
141 13.429634 52.49816 226603 0.0 15
142 13.42853 52.498676 329595 1.0 96
143 13.361973 52.488445 44364 1.0 92
144 13.281212 52.589256 39960 1.0 45
145 13.417254 52.543404 146228 1.0 41
146 13.353386 52.48922 120065 1.0 35
147 13.42417 52.544067 192477 1.0 57
148 13.418258 52.54652 43302 0.0 88
149 13.421301 52.54172 36687 1.0 85
150 13.423568 52.542336 499556 1.0 33
151 13.463926 52.513004 5904 1.0 32
152 13.47145 52.51083 43408 1.0 99
153 13.31002 52.50195 121722 1.0 82
154 13.463785 52.516617 17292 0.0 65
155 13.465167 52.516357 17289 1.0 36
156 13.459676 52.5113 66649 0.0 34
157 13.497773 52.511925 354945 1.0 91
158 13.309128 52.50029 121428 1.0 32
159 13.407188 52.52271 377646 1.0 34
160 13.404908 52.52068 206193 1.0 91
161 13.488958 52.502926 332547 1.0 89
162 13.460261 52.510487 66658 1.0 27
163 13.302332 52.52129 85392 0.519 60
164 13.313746 52.51817 7569 1.0 70
165 13.408758 52.529 80129 1.0 65
166 13.305186 52.502018 275604 1.0 45
167 13.425099 52.48043 128326 1.0 97
168 13.443407 52.475796 286987 1.0 67
169 13.202342 52.538616 30479 1.0 35
170 13.425207 52.480083 99754 0.0 29
171 13.42495 52.502052 136190 0.0 79
172 13.454811 52.472923 146534 1.0 72
173 13.407913 52.521683 87491 1.0 8
174 13.317896 52.528786 392713 1.0 89
175 13.437477 52.463547 170460 1.0 79
176 13.436609 52.466328 134596 1.0 50
177 13.384897 52.449265 305014 1.0 44
178 13.385716 52.445564 129759 0.0 23
179 13.383797 52.456474 352391 1.0 43
180 13.38376 52.455334 474369 1.0 76
181 13.449895 52.476784 197383 1.0 57
182 13.443096 52.470493 313576 1.0 78
183 13.437573 52.45511 30812 1.0 85
184 13.437386 52.455917 31272 1.0 15
185 13.204431 52.53619 30698 1.0 92
186 13.429641 52.552868 294549 1.0 14
187 13.442094 52.465736 83778 1.0 38
188 13.442488 52.465454 228750 1.0 11
189 13.440399 52.46743 131671 1.0 44
190 13.431723 52.466496 501181 1.0 37
191 13.420335 52.465088 343755 1.0 69
192 13.433425 52.46504 439212 1.0 16
193 13.438187 52.466507 313409 1.0 20
194 13.433574 52.463715 313363 1.0 40
195 13.394397 52.486 399798 1.0 50
196 13.434793 52.461895 30788 1.0 17
197 13.43829 52.452663 483984 1.0 75
198 13.394595 52.465477 233119 1.0 18
199 13.407838 52.50001 13678 1.0 14
200 13.392996 52.545357 12141 1.0 86
201 13.441112 52.472725 362777 1.0 91
202 13.419269 52.496403 225926 1.0 90
203 13.45188 52.49239 284003 1.0 44
204 13.441318 52.471535 286592 1.0 67
205 13.192736 52.524166 12911 1.0 48
206 13.451117 52.486893 313650 1.0 16
207 13.479791 52.461006 252941 1.0 16
208 13.450996 52.47174 486049 1.0 93
209 13.432717 52.487034 162309 1.0 96
210 13.439592 52.484016 162304 1.0 53
211 13.469193 52.51863 131743 1.0 25
212 13.412475 52.56115 343881 1.0 74
213 13.509845 52.55059 32524 1.0 99
214 13.456965 52.44211 140127 1.0 63
215 13.336361 52.559357 319173 1.0 78
216 13.342179 52.555954 385 1.0 46
217 13.39533 52.582764 22859 1.0 43
218 13.33365 52.560665 383853 0.0 3
219 13.42472 52.474903 7937 1.0 38
220 13.437375 52.48293 260251 1.0 9
221 13.506796 52.446457 95479 1.0 56
222 13.447223 52.47502 85156 1.0 59
223 13.422632 52.465908 404397 1.0 15
224 13.431316 52.4678 457301 1.0 62
225 13.46427 52.528942 342127 1.0 95
226 13.422632 52.465908 404397 1.0 43
227 13.452118 52.474598 27416 1.0 48
228 13.440576 52.47377 205916 0.0 88
229 13.390981 52.49954 5824 1.0 99
230 13.451011 52.474064 197158 1.0 61
231 13.42975 52.470295 279764 1.0 97
232 13.445274 52.47921 162355 1.0 31
233 13.479464 52.502907 173582 1.0 11
234 13.480514 52.50316 173584 1.0 4
235 13.604442 52.537834 172326 1.0 55
236 13.589057 52.53936 111187 1.0 63
237 13.4422 52.467678 503823 1.0 21
238 13.472869 52.51214 333026 1.0 98
239 13.319427 52.459423 292415 1.0 74
240 13.438338 52.497253 17573 0.0 50
241 13.454128 52.49747 482746 1.0 63
242 13.408094 52.54933 71954 1.0 52
243 13.419901 52.545784 43302 1.0 99
244 13.371205 52.522564 1850 1.0 74
245 13.443063 52.482292 162307 1.0 66
246 13.444357 52.48166 162308 1.0 58
247 13.461957 52.516304 321251 1.0 9
248 13.425705 52.492443 17667 1.0 82
249 13.409715 52.53857 43297 1.0 80
250 13.432491 52.51864 14434 1.0 95
251 13.318025 52.46111 121714 1.0 87
252 13.409531 52.53864 177207 1.0 73
253 13.401754 52.52238 124375 1.0 11
254 13.398227 52.51126 467218 0.0 28
255 13.432415 52.470142 164702 0.0 93
256 13.466262 52.512768 276618 1.0 14
257 13.438987 52.46024 440793 1.0 90
258 13.42304 52.542114 296965 0.0 26
259 13.469893 52.512394 276621 1.0 8
260 13.461957 52.516304 321251 1.0 34
261 13.469892 52.51136 52707 1.0 26
262 13.475252 52.511883 166119 1.0 24
263 13.42775 52.48114 16889 1.0 16
264 13.422523 52.539555 320892 1.0 46
265 13.454061 52.487915 374981 1.0 49
266 13.453972 52.488937 30984 0.0 32
267 13.423192 52.479855 99754 1.0 17
268 13.423192 52.479855 99754 1.0 29
269 13.388399 52.49132 384048 1.0 17
270 13.432675 52.47638 485752 0.0 55
271 13.355251 52.54184 9237 1.0 64
272 13.356949 52.5422 9239 1.0 96
273 13.283382 52.58661 24964 1.0 32
274 13.397505 52.529537 413819 1.0 40
275 13.437637 52.544376 250812 1.0 92
276 13.275339 52.53644 439972 0.0 66
277 13.514988 52.505585 54878 1.0 73
278 13.420837 52.54255 188337 0.0 9
279 13.511971 52.461952 322913 0.0 7
280 13.330456 52.52109 326123 1.0 94
281 13.383834 52.55578 480169 1.0 32
282 13.513682 52.461967 245596 0.0 5
283 13.517612 52.505882 370166 1.0 45
284 13.388301 52.521877 13221 1.0 20
285 13.278749 52.588577 138055 1.0 17
286 13.296439 52.501514 2228 1.0 17
287 13.415467 52.547756 36762 1.0 13
288 13.415559 52.54402 177257 1.0 18
289 13.416375 52.547184 35696 1.0 30
290 13.4177 52.546005 177247 1.0 6
291 13.42941 52.494663 6992 1.0 6
292 13.443422 52.500713 456900 1.0 29
293 13.512014 52.50715 361375 1.0 62
294 13.320365 52.48182 4533 0.0 33
295 13.20264 52.542656 25207 1.0 4
296 13.352557 52.494827 222505 0.0 37
297 13.42604 52.49133 7003 1.0 26
298 13.446256 52.549973 290279 1.0 83
299 13.4123 52.520615 396047 1.0 85
300 13.368788 52.54494 11614 1.0 27
301 13.416321 52.544094 177667 1.0 62
302 13.37452 52.54187 368092 1.0 90
303 13.494562 52.544514 106818 1.0 49
304 13.425518 52.54166 35061 0.0 12
305 13.419536 52.543182 15166 1.0 94
306 13.353911 52.497036 8003 1.0 81
307 13.489224 52.542397 179246 1.0 49
308 13.419901 52.545784 43302 1.0 94
309 13.420656 52.54299 234129 1.0 42
310 13.421292 52.545177 36760 0.0 76
311 13.272446 52.5389 344571 0.0 56
312 13.410761 52.38617 321278 1.0 5
313 13.424017 52.477184 210981 1.0 80
314 13.271788 52.538097 440057 1.0 61
315 13.411937 52.55376 256897 1.0 13
316 13.505567 52.44031 31364 1.0 60
317 13.491337 52.558445 173276 1.0 80
318 13.415716 52.531628 13935 1.0 2
319 13.440022 52.481613 260257 1.0 94
320 13.445962 52.437607 200186 1.0 74
321 13.328657 52.52793 356708 1.0 45
322 13.396904 52.537056 452302 1.0 6
323 13.414757 52.541252 320504 1.0 82
324 13.417493 52.500134 96066 0.0 13
325 13.400866 52.414402 361668 1.0 64
326 13.402161 52.413155 314983 1.0 50
327 13.419638 52.534157 12648 0.0 31
328 13.497182 52.508205 302048 1.0 43
329 13.429123 52.482525 155162 1.0 89
330 13.392462 52.48758 11108 1.0 95
331 13.427399 52.48221 313593 1.0 6
332 13.427381 52.48229 141888 0.0 76
333 13.456357 52.50974 380290 1.0 41
334 13.407053 52.586445 22763 1.0 14
335 13.469741 52.506435 8244 1.0 73
336 13.373034 52.50875 419473 0.471 19
337 13.49832 52.510048 391388 1.0 55
338 13.325583 52.504616 115962 1.0 28
339 13.34408 52.504322 346586 1.0 75
340 13.491213 52.502487 332565 1.0 7
341 13.387427 52.55269 15374 1.0 65
342 13.547039 52.530052 247185 1.0 15
343 13.293124 52.474285 267435 0.0 63
344 13.428631 52.49588 187468 1.0 58
345 13.351089 52.54098 9232 0.0 16
346 13.281837 52.477505 246793 0.0 37
347 13.389864 52.555138 384160 0.0 95
348 13.439219 52.473614 413703 1.0 19
349 13.440985 52.48234 17694 1.0 8
350 13.329186 52.519848 324841 1.0 17
351 13.359768 52.48971 227242 1.0 69
352 13.202971 52.547863 25220 1.0 93
353 13.421522 52.53771 86162 1.0 21
354 13.508687 52.445515 95487 1.0 21
355 13.439214 52.499702 52235 1.0 97
356 13.423283 52.53709 13969 1.0 86
357 13.263186 52.51473 128508 1.0 85
358 13.260137 52.51655 92805 1.0 10
359 13.51304 52.467155 113438 1.0 9
360 13.496181 52.506493 302052 1.0 76
361 13.42071 52.44851 205314 1.0 38
362 13.416604 52.445885 117702 1.0 72
363 13.293393 52.44611 300402 1.0 16
364 13.494631 52.504574 358118 0.0 94
365 13.202971 52.547863 25220 1.0 67
366 13.40851 52.53138 391785 0.0 92
367 13.307323 52.504574 6619 1.0 52
368 13.41094 52.533188 12633 0.0 68
369 13.392402 52.525017 498794 0.0 40
370 13.328613 52.468704 367514 1.0 5
371 13.323247 52.46458 8095 1.0 76
372 13.41433 52.54289 177261 1.0 72
373 13.416119 52.54285 144405 1.0 90
374 13.416468 52.542706 320503 1.0 55
375 13.490591 52.420284 140910 0.0 10
376 13.498403 52.41907 316584 1.0 10
377 13.486353 52.50406 332539 1.0 46
378 13.505574 52.409824 239123 1.0 96
379 13.386539 52.442146 129764 1.0 68
380 13.497896 52.509385 147084 0.211 65
381 13.440846 52.54266 14184 1.0 31
382 13.438513 52.541294 135575 1.0 38
383 13.459362 52.512505 17408 0.0 74
384 13.299207 52.473324 137117 1.0 70
385 13.378522 52.550327 12014 0.0 71
386 13.3819 52.55239 468627 1.0 44
387 13.451927 52.519276 187288 1.0 72
388 13.374207 52.547695 84022 1.0 41
389 13.375121 52.548264 84023 1.0 82
390 13.506318 52.402973 120119 1.0 24
391 13.350907 52.5307 2394 1.0 34
392 13.331543 52.52228 9136 1.0 21
393 13.369497 52.543964 484789 1.0 34
394 13.335042 52.498142 6832 1.0 37
395 13.3063 52.517014 459691 1.0 90
396 13.370905 52.545643 9292 1.0 31
397 13.296519 52.51447 5802 1.0 47
398 13.543248 52.523756 112168 0.833 46
399 13.450862 52.522438 24222 1.0 48
400 13.398661 52.579983 413752 1.0 53
401 13.431405 52.48749 234448 1.0 64
402 13.429729 52.48852 273730 0.0 62
403 13.412348 52.539993 296957 1.0 83
404 13.432014 52.488155 281772 0.0 55
405 13.422745 52.47563 265569 1.0 80
406 13.415966 52.553455 175208 0.0 33
407 13.541709 52.437073 345527 1.0 37
408 13.46263 52.516285 321255 0.0 72
409 13.549122 52.43827 52884 1.0 92
410 13.547021 52.435135 286561 1.0 8
411 13.410902 52.541138 341993 1.0 83
412 13.443535 52.50026 62229 1.0 73
413 13.32688 52.48656 241659 1.0 31
414 13.402525 52.586002 164305 1.0 62
415 13.448627 52.490395 313739 1.0 87
416 13.463785 52.516617 17292 0.0 37
417 13.468472 52.528233 325678 0.0 33
418 13.457906 52.509563 324867 1.0 2
419 13.41299 52.49143 155210 0.0 36
420 13.362925 52.566635 15601 1.0 34
421 13.423597 52.500088 40728 0.0 79
422 13.423301 52.500576 40728 1.0 98
423 13.342191 52.45 83073 1.0 10
424 13.315589 52.443127 14621 0.0 66
425 13.419121 52.53471 13928 1.0 12
426 13.554592 52.54571 39457 1.0 34
427 13.364222 52.41318 140021 0.0 95
428 13.419121 52.53471 13928 1.0 38
429 13.466435 52.519127 17282 1.0 27
430 13.41051 52.53931 43296 1.0 95
431 13.349942 52.53421 3873 1.0 65
432 13.350726 52.53262 458601 1.0 64
433 13.350409 52.532364 458604 1.0 12
434 13.35079 52.532543 458609 1.0 41
435 13.274206 52.43435 45869 1.0 80
436 13.423597 52.500088 40728 0.0 73
437 13.295096 52.51586 421766 1.0 24
438 13.466496 52.517334 212471 1.0 94
439 13.344616 52.506363 264497 1.0 15
440 13.470451 52.506187 361781 1.0 13
441 13.426542 52.499474 465731 1.0 66
442 13.322759 52.488926 359716 1.0 93
443 13.38143 52.474266 304887 1.0 62
444 13.327474 52.464 161558 0.0 64
445 13.298636 52.4878 6292 1.0 91
446 13.458391 52.51056 65259 1.0 85
447 13.418286 52.500603 459384 0.0 32
448 13.419982 52.50225 149797 1.0 20
449 13.413963 52.502197 465966 1.0 67
450 13.36467 52.57447 181419 1.0 32
451 13.416807 52.500546 205230 1.0 99
452 13.416807 52.500546 205230 1.0 38
453 13.468375 52.50708 239465 1.0 86
454 13.416695 52.502 17729 0.0 83
455 13.33928 52.528244 9114 0.0 24
456 13.335155 52.525444 9098 1.0 15
457 13.397505 52.529537 413819 1.0 44
458 13.397505 52.529537 413819 1.0 20
459 13.456718 52.511765 251054 1.0 79
460 13.458623 52.510998 66654 1.0 93
461 13.455211 52.51201 251055 1.0 48
462 13.456718 52.511765 251054 1.0 88
463 13.498549 52.515476 94627 1.0 92
464 13.498168 52.51399 94625 1.0 8
465 13.414757 52.541252 320504 1.0 69
466 13.419516 52.495792 225738 1.0 17
467 13.435369 52.486103 162303 0.0 58
468 13.317571 52.506287 1213 1.0 32
469 13.497221 52.50075 100805 1.0 30
470 13.512016 52.509846 18354 1.0 76
471 13.293194 52.489105 241525 1.0 5
472 13.437531 52.48504 162303 1.0 55
473 13.469393 52.51153 52708 1.0 99
474 13.357809 52.539276 383665 1.0 13
475 13.431401 52.49758 131706 0.0 36
476 13.498549 52.515476 94627 1.0 44
477 13.43633 52.511425 14690 1.0 94
478 13.435189 52.494087 6989 1.0 17
479 13.390683 52.52552 2337 1.0 74
480 13.44832 52.478246 334362 0.25 5
481 13.303112 52.512833 7059 1.0 98
482 13.317556 52.48228 237605 1.0 68
483 13.41703 52.448772 117680 1.0 35
484 13.299542 52.512253 392072 1.0 40
485 13.439923 52.48696 28211 1.0 79
486 13.330963 52.528484 19599 1.0 48
487 13.440635 52.461956 30802 1.0 98
488 13.430368 52.552544 226143 1.0 68
489 13.452274 52.51559 131702 1.0 82
490 13.401738 52.52441 492451 1.0 15
491 13.348019 52.54119 338378 0.0 15
492 13.348667 52.541653 456997 1.0 60
493 13.470741 52.513706 242785 1.0 75
494 13.441768 52.482933 162306 1.0 34
495 13.387469 52.525986 457505 1.0 25
496 13.412585 52.53802 162441 1.0 18
497 13.4316 52.501396 142657 0.0 37
498 13.416034 52.491062 373278 1.0 51
499 13.455184 52.507866 65257 1.0 78
500 13.441362 52.501385 346799 1.0 76
501 13.492009 52.40854 305566 1.0 22
502 13.46608 52.508385 95777 1.0 36
503 13.445434 52.499256 52238 0.0 65
504 13.43166 52.490673 373262 1.0 11
505 13.340354 52.443794 177048 1.0 77
506 13.424591 52.497246 277288 1.0 12
507 13.331332 52.499516 81593 1.0 96
508 13.393034 52.520134 13228 1.0 48
509 13.289816 52.497562 88231 1.0 27
510 13.419078 52.49993 442154 1.0 75
511 13.315383 52.42875 299403 1.0 57
512 13.436218 52.423573 62504 1.0 15
513 13.360757 52.4911 91490 1.0 58
514 13.327569 52.429504 388675 1.0 57
515 13.457906 52.509563 324867 1.0 63
516 13.436759 52.487175 17690 1.0 73
517 13.408937 52.52249 497915 1.0 10
518 13.41843 52.55128 295431 1.0 84
519 13.351223 52.481907 302200 1.0 48
520 13.375999 52.5719 15572 1.0 22
521 13.355001 52.490074 8028 1.0 3
522 13.427959 52.488342 313633 1.0 76
523 13.459958 52.511253 251048 1.0 5
524 13.270423 52.54943 217794 1.0 22
525 13.436466 52.418213 62401 0.0 85
526 13.352596 52.527946 268648 1.0 85
527 13.302359 52.506004 128618 1.0 14
528 13.457371 52.51292 160286 1.0 73
529 13.439592 52.484016 162304 1.0 1
530 13.258771 52.435696 268944 0.0 83
531 13.423301 52.473824 313794 1.0 52
532 13.485675 52.536266 173322 1.0 5
533 13.262706 52.410954 46842 1.0 41
534 13.400667 52.527725 426 1.0 55
535 13.4194 52.49926 227207 1.0 43
536 13.309912 52.502039 6698 0.5 25
537 13.198409 52.548466 25238 1.0 68
538 13.2809 52.586292 24963 1.0 97
539 13.253524 52.414417 245775 1.0 87
540 13.410654 52.49926 13686 1.0 98
541 13.434654 52.48287 313603 1.0 24
542 13.349503 52.524414 79509 1.0 74
543 13.591779 52.52156 359509 1.0 47
544 13.432928 52.535904 440522 1.0 10
545 13.589397 52.521626 335271 1.0 65
546 13.590636 52.522255 339845 1.0 35
547 13.311473 52.447132 6210 1.0 43
548 13.589788 52.520844 335329 1.0 7
549 13.352359 52.48808 218528 1.0 37
550 13.431333 52.478863 256739 1.0 65
551 13.388802 52.52604 428655 1.0 54
552 13.316402 52.498665 4231 1.0 32
553 13.322163 52.616234 81996 1.0 17
554 13.432448 52.48388 162313 1.0 91
555 13.328771 52.477306 12264 0.961 25
556 13.308894 52.50594 4160 1.0 37
557 13.421405 52.539528 438840 1.0 10
558 13.313402 52.505215 248676 1.0 49
559 13.392434 52.525093 2336 0.0 53
560 13.32842 52.504917 116454 1.0 27
561 13.391102 52.52542 2336 1.0 58
562 13.201221 52.56378 152010 1.0 51
563 13.391102 52.52542 2336 1.0 92
564 13.392434 52.525093 2336 0.0 17
565 13.390683 52.52552 2337 1.0 79
566 13.391102 52.52542 2336 1.0 96
567 13.324917 52.509212 206574 1.0 64
568 13.435652 52.536102 14072 1.0 44
569 13.403585 52.505623 248151 1.0 15
570 13.209327 52.565105 216660 1.0 87
571 13.435686 52.469105 134584 0.0 40
572 13.429634 52.49816 226603 0.0 89
573 13.45634 52.508312 340418 0.0 7
574 13.278329 52.577282 281812 1.0 71
575 13.425651 52.498993 131691 1.0 80
576 13.411142 52.503902 468183 1.0 10
577 13.431405 52.48749 234448 1.0 79
578 13.414237 52.539616 169482 1.0 99
579 13.412548 52.53608 36677 0.0 21
580 13.374955 52.487785 63500 1.0 72
581 13.398719 52.533062 177344 1.0 52
582 13.398074 52.53482 177345 1.0 25
583 13.437531 52.48504 162303 1.0 87
584 13.304158 52.5181 2984 1.0 39
585 13.325359 52.503098 258862 1.0 75
586 13.435369 52.486103 162303 0.0 99
587 13.455184 52.507866 65257 1.0 35
588 13.379869 52.57152 21530 0.0 36
589 13.3677 52.551384 458409 1.0 8
590 13.319512 52.47683 8067 1.0 60
591 13.383099 52.4924 89912 1.0 7
592 13.3204 52.56595 225346 1.0 94
593 13.379611 52.451557 185428 1.0 63
594 13.402679 52.55628 36740 0.0 5
595 13.355876 52.40858 299243 1.0 20
596 13.307117 52.446438 199412 0.333 61
597 13.30623 52.51704 459692 1.0 96
598 13.29701 52.512886 5783 1.0 62
599 13.304914 52.514072 446782 1.0 98
600 13.470008 52.512394 276622 0.596 47
601 13.299242 52.517025 255571 0.0 75
602 13.304595 52.51661 5581 1.0 87
603 13.300589 52.501797 2235 1.0 97
604 13.300756 52.5032 2233 0.0 92
605 13.405679 52.529552 80137 1.0 6
606 13.425501 52.49327 183 1.0 24
607 13.359704 52.543495 99418 1.0 48
608 13.437871 52.49983 17578 1.0 16
609 13.434272 52.486504 162311 1.0 57
610 13.399523 52.511673 13340 1.0 81
611 13.284782 52.508606 31862 1.0 28
612 13.431958 52.48065 250030 0.0 3
613 13.228976 52.625298 193720 1.0 13
614 13.459977 52.508984 65255 1.0 67
615 13.449 52.48515 313615 1.0 77
616 13.427254 52.477757 178956 1.0 52
617 13.437531 52.48504 162303 1.0 58
618 13.450516 52.489216 17603 1.0 32
619 13.415196 52.547516 225610 1.0 13
620 13.431401 52.49758 131706 0.0 1
621 13.414768 52.526752 13883 1.0 9
622 13.424561 52.534744 13965 1.0 24
623 13.427959 52.488342 313633 1.0 15
624 13.427959 52.488342 313633 1.0 33
625 13.417054 52.494213 126333 1.0 96
626 13.417729 52.493008 114032 1.0 90
627 13.213898 52.56091 140300 0.0 86
628 13.415966 52.553455 175208 0.0 83
629 13.414024 52.5521 12572 1.0 42
630 13.415074 52.538464 12644 0.0 62
631 13.299558 52.49389 137162 1.0 35
632 13.383997 52.493484 209113 1.0 31
633 13.344363 52.548855 10294 1.0 75
634 13.301297 52.49467 241338 1.0 52
635 13.292758 52.507053 88784 1.0 43
636 13.472423 52.52723 258812 1.0 82
637 13.428819 52.48831 373302 1.0 13
638 13.479313 52.502884 18095 1.0 45
639 13.358678 52.54731 179685 1.0 77
640 13.290973 52.471043 6456 1.0 60
641 13.328674 52.476498 261283 1.0 93
642 13.324153 52.47351 8388 1.0 46
643 13.379508 52.536777 1272 1.0 86
644 13.417231 52.549828 35693 1.0 8
645 13.404675 52.527573 13846 1.0 52
646 13.26966 52.50936 38998 1.0 54
647 13.388149 52.528793 462374 1.0 10
648 13.453575 52.523125 24223 1.0 1
649 13.309496 52.52573 69904 1.0 72
650 13.420743 52.500797 471576 0.0 28
651 13.41184 52.54091 500143 1.0 21
652 13.351828 52.479885 445427 1.0 41
653 13.39584 52.53838 179799 1.0 54
654 13.397027 52.53704 452317 1.0 14
655 13.297944 52.501057 977 0.0 33
656 13.377104 52.482758 260232 1.0 46
657 13.465648 52.498928 313783 1.0 73
658 13.465379 52.497284 283013 0.0 42
659 13.430383 52.469112 291581 1.0 78
660 13.41058 52.54541 15185 0.0 39
661 13.34904 52.489388 8016 1.0 91
662 13.440405 52.50063 465749 1.0 60
663 13.443364 52.51756 72830 1.0 23
664 13.331226 52.463852 168527 1.0 7
665 13.47965 52.476448 489034 1.0 25
666 13.442363 52.516487 17328 1.0 10
667 13.410879 52.526733 454523 1.0 70
668 13.481133 52.48672 279263 0.0 30
669 13.3865 52.49057 5779 1.0 87
670 13.432448 52.48388 162313 1.0 37
671 13.4316 52.501396 142657 0.0 18
672 13.430027 52.500725 142675 1.0 37
673 13.467636 52.483715 30993 1.0 14
674 13.38754 52.525352 158326 1.0 51
675 13.434769 52.53747 14086 0.0 12
676 13.404581 52.523354 196692 1.0 42
677 13.331099 52.463615 168538 0.0 15
678 13.330911 52.464012 9878 1.0 71
679 13.259881 52.434902 302219 1.0 13
680 13.51111 52.45618 9732 1.0 94
681 13.432147 52.501938 346737 1.0 56
682 13.432147 52.501938 346737 1.0 42
683 13.412502 52.54496 319195 1.0 85
684 13.430524 52.468433 140357 1.0 93
685 13.419982 52.50225 149797 1.0 3
686 13.416905 52.51187 13653 1.0 77
687 13.43216 52.535576 13976 1.0 88
688 13.386195 52.55871 15371 1.0 33
689 13.473146 52.515236 17298 1.0 59
690 13.46102 52.51108 59051 1.0 3
691 13.25971 52.429237 47258 1.0 28
692 13.345234 52.55384 259382 1.0 7
693 13.292378 52.49745 1045 1.0 70
694 13.294184 52.49791 1038 1.0 69
695 13.437871 52.49983 17578 1.0 19
696 13.349587 52.5327 11839 1.0 77
697 13.384704 52.520687 280102 0.0 94
698 13.440342 52.499237 17573 1.0 67
699 13.245957 52.54462 271895 1.0 55
700 13.37977 52.465794 304041 1.0 41
701 13.391935 52.55336 12087 0.0 32
702 13.407346 52.529263 80133 1.0 70
703 13.378775 52.552948 84053 1.0 87
704 13.349825 52.479393 32769 1.0 27
705 13.212216 52.56108 216664 1.0 68
706 13.377143 52.55674 399338 1.0 76
707 13.423472 52.47895 220259 1.0 69
708 13.431571 52.53507 13973 1.0 49
709 13.350124 52.533657 3876 1.0 22
710 13.459977 52.508984 65255 1.0 36
711 13.463058 52.516747 271229 1.0 55
712 13.268083 52.536743 139597 1.0 56
713 13.464032 52.51111 295 1.0 81
714 13.358093 52.551876 9558 1.0 64
715 13.264537 52.537354 10463 1.0 46
716 13.203692 52.54856 70838 1.0 9
717 13.201568 52.54779 25219 1.0 32
718 13.3321 52.46375 5600 1.0 70
719 13.465577 52.5014 104597 1.0 74
720 13.424591 52.497246 277288 1.0 98
721 13.502668 52.507847 228855 1.0 30
722 13.50501 52.50922 18282 1.0 42
723 13.498858 52.507576 18229 1.0 7
724 13.50404 52.509525 18260 0.0 36
725 13.271133 52.534977 11185 1.0 57
726 13.442787 52.461044 181564 1.0 43
727 13.503182 52.50671 18239 1.0 34
728 13.506279 52.510654 147959 1.0 20
729 13.396847 52.52479 262127 0.0 49
730 13.42747 52.48486 18844 1.0 31
731 13.386977 52.552357 15373 1.0 96
732 13.481821 52.516186 18011 1.0 97
733 13.420167 52.49654 226409 1.0 40
734 13.386455 52.552387 217326 1.0 51
735 13.42685 52.488285 234440 1.0 83
736 13.471892 52.51517 17311 0.0 55
737 13.365507 52.552113 355735 1.0 69
738 13.36185 52.552006 355732 1.0 5
739 13.4031 52.552982 12564 1.0 75
740 13.294739 52.50502 4210 0.0 53
741 13.318316 52.510933 1210 0.0 55
742 13.36233 52.550884 11572 0.0 57
743 13.351351 52.5469 11490 1.0 32
744 13.448038 52.504547 218497 1.0 26
745 13.435369 52.486103 162303 0.0 68
746 13.506146 52.493317 302001 1.0 10
747 13.433417 52.48489 313866 1.0 24
748 13.435369 52.486103 162303 0.0 60
749 13.468216 52.50701 239464 1.0 64
750 13.433417 52.48489 313866 1.0 74
751 13.353258 52.49104 203201 1.0 21
752 13.434654 52.48287 313603 1.0 66
753 13.429075 52.490917 322287 0.673 31
754 13.428791 52.490227 390309 0.919 68
755 13.344657 52.488968 165072 1.0 54
756 13.344922 52.4893 7695 1.0 81
757 13.425501 52.49327 183 1.0 54
758 13.429709 52.46024 30832 1.0 21
759 13.411362 52.548832 137063 1.0 26
760 13.388263 52.527367 326338 1.0 72
761 13.519346 52.48481 18536 0.0 89
762 13.409697 52.547497 15182 1.0 12
763 13.407604 52.539368 177206 1.0 9
764 13.307508 52.525723 2971 1.0 61
765 13.429075 52.490612 322287 0.375 31
766 13.512068 52.508514 468747 1.0 27
767 13.297874 52.495213 28735 1.0 35
768 13.294258 52.50674 151874 1.0 11
769 13.430723 52.46847 134586 0.0 87
770 13.376075 52.454887 15916 1.0 2
771 13.507039 52.493874 338201 1.0 93
772 13.435911 52.556427 15898 1.0 41
773 13.52594 52.483223 205964 1.0 95
774 13.507039 52.493874 338201 1.0 81
775 13.366568 52.50345 264162 0.0 7
776 13.394081 52.490326 187899 1.0 68
777 13.409137 52.504276 345730 1.0 53
778 13.322125 52.473522 8414 0.0 44
779 13.416433 52.501667 28263 1.0 1
780 13.416695 52.502 17729 0.0 18
781 13.427959 52.488342 313633 1.0 82
782 13.448297 52.554096 17193 1.0 57
783 13.428983 52.494804 329759 0.0 44
784 13.432448 52.48388 162313 1.0 5
785 13.413894 52.551445 265752 0.0 99
786 13.366631 52.546623 458382 1.0 22
787 13.411937 52.55376 256897 1.0 5
788 13.414671 52.553516 496497 1.0 95
789 13.487076 52.46557 285622 1.0 21
790 13.438076 52.482582 260254 1.0 86
791 13.358963 52.550538 11578 0.5 45
792 13.414501 52.533096 343129 1.0 29
793 13.451743 52.50755 337709 1.0 31
794 13.415176 52.53002 456646 1.0 60
795 13.391102 52.52542 2336 1.0 46
796 13.371098 52.55168 11995 1.0 73
797 13.419685 52.47852 7918 0.0 16
798 13.42022 52.476818 313771 0.0 90
799 13.566404 52.57005 229389 1.0 75
800 13.471108 52.528908 395107 0.0 66
801 13.306199 52.419308 425062 1.0 43
802 13.335255 52.46391 232129 1.0 17
803 13.409697 52.547497 15182 1.0 30
804 13.529253 52.459885 299752 1.0 49
805 13.417029 52.54561 188654 1.0 45
806 13.464471 52.509956 17400 0.0 81
807 13.579045 52.443714 41754 0.0 78
808 13.427336 52.478344 52082 1.0 74
809 13.54389 52.43638 323153 0.0 45
810 13.497182 52.508205 302048 1.0 69
811 13.359322 52.53406 431767 1.0 36
812 13.350023 52.54178 329696 1.0 48
813 13.46997 52.529034 409632 1.0 68
814 13.465024 52.5095 65266 0.545 99
815 13.33274 52.477177 282473 0.066 62
816 13.328674 52.476498 261283 1.0 34
817 13.423267 52.54526 15214 0.0 49
818 13.423179 52.545164 256956 0.855 13
819 13.362751 52.48896 44366 1.0 88
820 13.42631 52.548607 55640 1.0 30
821 13.404976 52.5246 71078 1.0 44
822 13.68854 52.430313 310666 1.0 20
823 13.568293 52.57138 275626 0.0 78
824 13.399437 52.522 71517 1.0 43
825 13.415894 52.53526 170471 1.0 20
826 13.415894 52.53526 170471 1.0 47
827 13.385503 52.53036 291295 1.0 7
828 13.423301 52.473824 313794 1.0 34
829 13.423267 52.54526 15214 0.0 18
830 13.433865 52.481964 286598 1.0 17
831 13.512122 52.464367 58483 1.0 55
832 13.455298 52.51814 17276 0.333 29
833 13.472477 52.508522 58339 1.0 85
834 13.470663 52.508095 255861 1.0 37
835 13.415856 52.531742 13937 1.0 93
836 13.207513 52.539536 88638 1.0 61
837 13.283811 52.505817 6624 1.0 68
838 13.287356 52.49575 234246 1.0 87
839 13.56362 52.57082 229420 1.0 90
840 13.401572 52.53004 462017 0.0 96
841 13.343904 52.46714 169401 1.0 31
842 13.425583 52.489407 280353 1.0 31
843 13.440342 52.499237 17573 1.0 3
844 13.442377 52.497227 99436 0.0 52
845 13.38876 52.522568 322864 0.0 60
846 13.446479 52.49866 359488 1.0 21
847 13.454865 52.51377 160287 1.0 55
848 13.400189 52.52262 138030 1.0 74
849 13.452455 52.48139 77273 1.0 6
850 13.345123 52.50656 426408 1.0 7
851 13.584729 52.422283 409835 1.0 17
852 13.355404 52.48921 309412 1.0 56
853 13.392515 52.52515 498795 0.0 42
854 13.358584 52.534657 2307 1.0 34
855 13.405832 52.551132 37011 1.0 77
856 13.270623 52.43852 485058 1.0 90
857 13.296318 52.498745 7111 1.0 14
858 13.428734 52.496002 187468 0.0 47
859 13.454704 52.507397 271199 1.0 37
860 13.478754 52.55583 23264 0.0 78
861 13.416807 52.500546 205230 1.0 94
862 13.430831 52.502407 352626 1.0 32
863 13.427782 52.49628 234125 0.0 81
864 13.392699 52.56417 73487 0.0 18
865 13.427782 52.49628 234125 0.0 96
866 13.428734 52.496002 187468 0.0 47
867 13.423955 52.477386 220259 0.0 94
868 13.393549 52.526226 424479 1.0 66
869 13.371105 52.558712 11640 1.0 23
870 13.373336 52.556675 332457 1.0 65
871 13.395219 52.524406 203152 0.0 22
872 13.398859 52.52548 233176 0.0 85
873 13.365591 52.4965 93730 1.0 69
874 13.426658 52.476376 128334 1.0 14
875 13.427045 52.475513 128336 1.0 78
876 13.292003 52.496758 1031 1.0 48
877 13.283249 52.511112 12997 1.0 45
878 13.387389 52.52533 467043 1.0 25
879 13.33715 52.52852 458485 1.0 38
880 13.33582 52.528564 9095 1.0 25
881 13.349365 52.494606 39845 1.0 58
882 13.361453 52.483852 289688 1.0 65
883 13.426673 52.481026 16886 1.0 55
884 13.352212 52.496796 8002 1.0 77
885 13.454663 52.474674 258462 1.0 82
886 13.442875 52.51143 384524 1.0 83
887 13.380494 52.49743 399929 1.0 45
888 13.362204 52.49148 96261 1.0 9
889 13.402683 52.533478 58779 1.0 11
890 13.458456 52.50864 276607 1.0 36
891 13.460756 52.44907 191622 1.0 1
892 13.342335 52.499165 38169 1.0 33
893 13.338112 52.528355 56967 0.0 55
894 13.307686 52.49818 4245 0.0 42
895 13.352212 52.496796 8002 1.0 48
896 13.354381 52.49738 491764 1.0 47
897 13.470588 52.517334 137329 1.0 65
898 13.326671 52.530956 169241 1.0 77
899 13.430343 52.485985 313861 1.0 53
900 13.433417 52.48489 313866 1.0 3
901 13.40142 52.5361 198497 0.0 21
902 13.322492 52.497875 491683 1.0 42
903 13.430587 52.48645 313799 1.0 44
904 13.322344 52.50369 435854 1.0 42
905 13.349877 52.5006 43687 1.0 26
906 13.349877 52.5006 43687 1.0 54
907 13.450984 52.50489 17372 1.0 69
908 13.37452 52.507668 61038 0.0 71
909 13.353693 52.500603 43731 0.0 40
910 13.434584 52.49058 138875 1.0 61
911 13.307058 52.49866 4738 1.0 55
912 13.442583 52.473984 83649 1.0 44
913 13.287253 52.51679 4943 1.0 8
914 13.290111 52.518887 48434 1.0 62
915 13.385395 52.557594 266732 1.0 89
916 13.45517 52.51011 95771 1.0 11
917 13.303126 52.52436 12298 1.0 62
918 13.423597 52.500088 40728 0.0 9
919 13.31323 52.502224 261204 1.0 39
920 13.427588 52.484943 132806 1.0 95
921 13.431986 52.49728 171708 1.0 30
922 13.313636 52.5042 261165 1.0 97
923 13.40289 52.48971 209668 1.0 99
924 13.320343 52.51673 388461 1.0 21
925 13.442093 52.473927 163906 1.0 40
926 13.306712 52.49841 4737 1.0 28
927 13.36899 52.550327 11968 1.0 6
928 13.402682 52.540817 141844 0.0 39
929 13.327481 52.504585 442584 1.0 90
930 13.299793 52.49778 345814 0.97 8
931 13.550809 52.438896 290088 1.0 23
932 13.424739 52.47865 490914 0.0 55
933 13.42599 52.53177 345354 1.0 22
934 13.424089 52.532536 13940 1.0 52
935 13.238176 52.54246 66160 0.0 57
936 13.337022 52.488186 7674 1.0 54
937 13.317081 52.485832 375916 1.0 31
938 13.326892 52.49825 4252 1.0 29
939 13.328774 52.458206 276145 1.0 61
940 13.38404 52.495174 13468 1.0 27
941 13.387928 52.493484 243 1.0 95
942 13.432871 52.49478 6991 1.0 79
943 13.308236 52.495327 4277 1.0 55
944 13.344281 52.445923 24867 1.0 99
945 13.445434 52.499256 52238 0.0 23
946 13.44696 52.498386 359487 1.0 67
947 13.438748 52.542355 14188 1.0 54
948 13.377881 52.466213 137936 1.0 64
949 13.386389 52.520634 440600 1.0 18
950 13.426221 52.489464 280351 0.0 14
951 13.394746 52.49166 227941 1.0 90
952 13.36185 52.552006 355732 1.0 12
953 13.563648 52.537117 39850 0.05 9
954 13.348041 52.494423 11881 1.0 58
955 13.362644 52.54991 9572 1.0 14
956 13.347749 52.549053 11946 0.0 46
957 13.321917 52.46686 376503 1.0 62
