0  11 25 12 31 8 48 47 23 24 21 16 30 17 49 41 7 4 13 20 19 39 50 5 46 29 28 1 38
1  33 14 2 8 40 48 44 22 30 0 6 45 13 20 39 50 27 35 28 26 3
2  12 31 14 2 8 40 48 32 23 24 21 15 22 30 37 18 17 10 20 19 39 50 46 35 28 42 26 3
3  11 25 33 12 31 34 8 32 44 21 22 16 18 49 6 7 13 19 27 46 9 28 1 43
4  25 33 2 8 44 21 15 22 16 49 6 4 13 20 19 50 27 35 28 26 3
5  25 12 31 34 14 32 23 44 21 15 22 30 41 7 13 20 39 50 5 9 28 42 1 26 43 38
6  25 33 12 14 2 8 48 47 23 24 15 22 16 30 37 17 10 20 5 46 35 29 28 1 26 43 38
7  11 25 12 31 34 14 40 32 23 30 0 17 49 10 45 7 4 13 20 36 19 50 46 35 29 3 43 38
8  11 25 33 34 47 32 24 21 22 30 37 18 17 49 10 41 7 4 13 36 19 50 5 46 35 9 1 26 3 38
9  11 25 31 2 32 24 44 21 16 18 10 6 41 7 4 13 20 5 46 35 9 42 3
10  25 33 12 8 40 48 47 32 24 21 15 18 0 17 49 6 41 45 13 39 35 29 9 28 42 1 26 3 38
11  11 12 31 2 40 32 24 21 37 18 17 49 10 41 7 13 27 42 1 3 38
12  11 12 8 48 47 24 44 21 30 18 0 17 6 41 36 19 39 50 46 9 42 1 26 3
13  11 25 12 31 34 15 16 18 41 45 4 36 19 50 46 35 29 1 26 43 38
14  34 14 2 8 48 47 32 23 24 44 21 15 16 30 37 17 49 6 41 13 20 19 50 5 27 46 28 42 26 43
15  34 14 2 47 32 23 44 21 16 37 18 17 49 6 41 45 4 7 13 20 36 39 46 35 29 1 26 38
16  25 33 14 40 47 32 24 21 30 37 17 10 41 45 39 5 27 29 9 42 26 3 38
17  11 25 33 14 48 24 21 15 22 16 37 7 36 19 50 27 29 9 42 26 38
18  25 12 14 2 8 40 48 47 24 37 18 10 45 7 13 20 19 27 35 29 28 42 26 43 38
19  11 2 23 24 44 21 16 37 0 17 49 45 4 36 19 50 5 27 46 28 42 26 43
20  25 33 34 14 40 48 32 24 37 18 0 49 45 4 7 13 20 36 19 39 50 5 27 35 29 28 42 3
21  11 25 31 14 2 47 24 44 21 15 37 49 6 41 4 13 39 5 27 35 1 43 38
22  11 25 33 34 14 8 40 23 44 21 22 16 18 0 17 10 41 4 20 39 5 35 28 42 1 26
23  25 33 12 34 14 8 2 40 48 32 24 15 22 30 17 49 6 36 19 27 46 35 28 43 38
24  33 12 34 14 2 48 47 32 24 21 15 30 0 17 49 10 41 7 13 39 5 27 35 9 28 42 26 38
25  12 31 34 8 2 40 32 21 15 30 37 18 0 10 45 4 13 36 19 5 35 29 9 42 26 43 38
26  11 31 34 2 8 23 21 15 22 16 37 6 41 45 13 20 36 39 50 5 27 29 9 28 42 1 26
27  11 25 34 14 8 48 47 32 23 24 44 21 22 16 37 6 41 45 20 19 50 27 46 35 29 1 3 38
28  11 33 14 2 40 47 15 22 30 0 10 45 36 39 50 5 27 29 3 43
29  25 12 14 2 8 32 23 24 15 30 37 18 0 17 49 10 41 7 4 13 20 36 39 5 35 29 9 28 26 43
30  12 34 14 2 8 40 48 47 32 24 44 21 22 16 30 37 18 0 49 6 45 4 13 20 36 39 5 27 46 9 28 42 1 26 3 38
31  11 25 33 31 34 2 40 48 23 44 22 30 37 0 10 6 45 7 13 20 36 19 5 27 28 1 43 38
32  11 31 14 40 48 32 24 16 18 7 13 20 5 46 28 26
33  31 34 14 8 40 48 37 18 0 17 10 6 45 4 20 36 19 39 9 1 26
34  25 14 2 40 47 32 23 21 22 16 30 37 18 0 17 10 41 4 13 20 19 39 50 5 29 9 42 3 43 38
35  12 2 48 47 32 44 15 22 37 18 0 41 7 13 36 27 29 9 28 42 1 3 43
36  11 12 2 40 48 47 22 37 18 0 10 6 41 7 13 20 19 50 27 46 35 9 28 42 1 26 3
37  11 33 32 23 24 44 15 22 18 17 49 10 6 41 45 4 19 50 5 46 29 9 28 42 1 26 3
38  34 14 8 47 24 15 22 16 30 18 49 41 45 13 20 36 50 5 27 46 29 1 26 3 43
39  11 33 12 31 8 2 40 48 47 32 23 24 21 16 30 37 18 0 49 10 6 41 45 7 13 20 19 39 5 46 35 1 26 43 38
40  33 12 34 14 2 47 21 15 22 30 49 10 45 20 19 39 5 35 29 9 28 1 26 3 43 38
41  11 25 33 12 34 14 8 2 48 24 44 15 18 49 6 45 7 13 20 39 9 1 3 38
42  11 25 12 31 14 2 8 47 23 24 16 30 18 17 10 6 41 4 36 19 39 50 46 29 1 3 43
43  11 25 33 12 34 14 8 48 32 24 21 15 30 17 10 6 4 7 20 36 19 5 29 9 28 3 43 38
44  33 34 8 48 23 44 15 22 16 30 37 18 0 49 6 41 13 36 19 50 5 46 42 1 26 3 38
45  11 25 8 47 24 44 22 37 18 0 17 49 10 6 41 19 39 50 5 27 35 29 9 42 1 26 3 43 38
46  11 31 2 32 24 15 16 18 10 6 41 45 4 19 39 50 5 27 35 9 42 1
47  11 25 33 34 14 8 48 24 15 37 17 49 10 6 7 36 19 50 27 35 29 9 28 42 1 3 43
48  11 33 31 2 8 48 47 15 22 16 37 18 0 49 10 20 27 29 42 26 3 43 38
49  25 33 12 31 34 2 40 48 47 32 21 30 18 0 17 6 41 4 20 36 27 35 29 9 1 26 43 38
50  11 33 8 40 48 47 23 24 44 21 15 16 30 18 0 17 10 45 4 13 19 50 5 46 35 29 28 26 3
51  11 25 33 31 34 14 2 40 23 24 37 18 0 17 49 10 41 36 19 50 5 46 29 9 28 42 38
52  25 33 31 34 8 47 23 24 21 15 22 16 30 37 18 49 10 6 41 45 4 7 13 20 36 19 5 46 9 28 3 43
53  25 31 14 2 47 24 44 21 15 16 18 0 10 6 45 7 4 13 20 39 50 5 27 9 28 42 38
54  14 2 48 23 24 21 22 30 37 0 49 10 41 13 20 36 39 50 35 29 28 42 1 26 3 43 38
55  11 25 33 34 48 47 32 44 15 22 37 18 17 49 6 41 45 4 13 36 19 39 27 46 9 28 3
56  33 31 34 40 23 24 44 21 22 30 37 17 45 20 5 46 35 29 42 1 26 3 43 38
57  11 25 33 31 34 14 8 40 47 32 22 16 30 18 17 49 45 4 20 46 29 42 1 26 43
58  33 31 34 14 40 48 32 23 44 30 18 17 49 41 19 39 27 35 9 43
59  12 14 8 40 24 44 21 15 22 0 49 41 45 7 13 20 36 50 5 27 28 1 3
60  25 33 14 2 8 48 47 22 16 18 0 10 6 41 7 4 13 20 39 27 35 28 26 3 38
61  11 25 12 14 2 48 47 24 21 30 18 0 6 45 7 4 13 20 5 46 29 42 26 38
62  11 2 48 47 32 23 24 44 21 15 22 16 30 18 49 10 41 4 19 39 50 27 46 28 42 1
63  11 25 33 34 2 48 32 24 44 15 37 0 17 41 36 50 27 29 28 42 26 38
64  11 33 12 8 48 47 23 24 21 16 37 18 0 49 6 41 4 7 13 20 36 50 35 29 9 28 42 3 43 38
65  25 12 14 48 24 44 15 22 30 37 18 0 49 41 4 13 20 36 46 1 3 43 38
66  33 48 23 24 15 30 18 17 49 10 6 41 7 4 13 20 36 50 46 35 9 42 1 26
67  11 34 32 23 24 21 30 37 18 0 17 6 4 20 36 19 5 27 35 29 9 28 1 26 38
68  25 31 34 14 2 48 23 24 44 15 22 30 18 49 7 20 36 27 46 29 42 3
69  11 33 12 31 14 2 8 40 48 23 24 22 30 37 18 0 10 6 45 7 4 13 36 19 39 50 5 29 28 42 26 3 43
70  33 14 2 40 24 0 17 10 6 41 4 13 20 19 50 5 46 42 3 43
71  11 14 2 8 40 48 24 44 21 15 22 37 17 49 6 41 45 4 7 36 19 50 5 27 35 26 38
72  25 34 14 32 23 24 18 49 10 6 41 4 13 50 5 9 28 42 26 3 43 38
73  25 33 12 31 34 14 2 47 24 44 21 15 37 18 10 4 13 36 19 9 28 42 1 26 43
74  31 34 40 48 32 24 15 22 30 6 45 4 20 39 27 1 26 38
75  11 25 12 34 14 2 32 24 44 15 22 16 37 18 17 6 41 45 36 5 46 35 29 9 3 43
76  12 31 34 40 47 24 15 22 30 37 18 17 10 6 45 4 7 20 19 39 50 27 46 35 28 42 38
77  25 31 48 32 24 22 30 18 0 41 45 7 20 36 19 39 5 29 28 1 26 38
78  11 25 33 12 31 34 14 8 23 24 37 18 10 45 7 4 39 5 27 46 28 42 1 3 43 38
79  25 33 12 14 8 40 32 24 44 15 37 18 6 41 45 7 13 20 19 39 50 27 35 29 1
80  11 33 2 48 47 23 24 21 16 30 37 18 0 17 10 6 45 20 36 19 50 5 27 46 35 42 26
81  11 31 34 14 40 48 47 32 44 16 17 41 4 13 19 5 9 26
82  25 33 31 14 8 48 47 32 24 44 21 15 22 16 49 45 7 20 46 35 29 9 28 3 38
83  33 14 8 48 47 24 21 15 30 18 0 41 45 13 36 19 5 27 46 28 42 1 3 43
84  11 25 12 31 34 14 48 47 32 21 15 30 37 49 10 6 41 45 4 50 5 46 35 29 9 26 3 43
85  25 2 40 47 23 24 44 21 15 22 16 37 18 0 17 49 6 45 4 20 36 19 5 27 46 35 28 42 26 3
86  12 14 2 40 48 23 24 44 15 16 30 37 49 6 4 7 13 36 27 46 29 28 26 3 43
87  11 25 12 31 14 2 8 47 32 44 15 22 30 37 0 6 41 45 4 36 19 39 29 28 42 26 3
88  11 33 12 31 14 8 2 40 47 24 21 15 22 16 30 37 18 41 4 13 20 36 50 35 28 1 26 3
89  11 33 31 34 2 48 47 44 21 15 22 30 18 4 13 19 39 50 9 28 42 26 3 43 38
90  25 33 12 14 2 48 32 24 44 30 37 18 0 10 41 45 7 13 20 36 19 5 27 35 29 42 43 38
91  25 33 12 34 14 2 8 40 47 32 23 44 21 22 16 30 37 18 0 49 7 39 27 46 29 9 1 43 38
92  11 34 14 48 47 32 44 22 16 30 37 0 7 4 13 36 19 50 46 29 9 1
93  14 47 23 21 30 0 17 10 6 4 13 36 39 46 1 43
94  11 33 12 2 8 40 47 32 23 24 44 22 30 18 0 17 6 45 7 39 5 27 46 29 28 42 26 43
95  25 33 31 40 47 23 21 15 22 16 37 0 17 10 6 41 4 7 13 19 50 5 46 28 43 38
96  12 34 40 32 24 44 21 16 18 17 49 10 45 7 39 27 9 1 26 3 38
97  25 31 8 47 23 24 44 21 22 0 10 6 41 7 4 36 39 50 35 42 1 3 43 38
98  33 31 14 40 47 23 44 21 16 30 37 18 49 10 41 7 19 5 46 42 26 3 43 38
99  12 31 34 14 48 32 23 24 44 21 22 16 0 17 49 10 41 4 7 13 20 5 35 29 28 42 3 38
100  12 2 8 47 32 24 22 30 37 18 10 6 41 45 4 20 50 46 35 29 9 42 3 43
101  33 31 14 8 47 32 24 15 16 18 0 17 10 6 45 13 39 5 27 35 28 42 3 43 38
102  11 12 31 14 8 2 40 32 23 15 22 30 37 18 0 17 49 45 39 9 3 43 38
103  25 12 31 14 2 8 47 32 24 21 15 30 0 10 6 45 7 4 13 20 50 5 46 35 29 9 1 26 3 43 38
104  33 31 14 40 47 32 21 22 30 37 6 41 45 13 20 50 35 42 3 43
105  31 2 40 48 47 24 21 22 16 37 18 0 41 45 4 36 19 39 5 27 46 35 29 9 28 26 3 43
106  12 31 2 40 47 32 24 44 21 15 22 16 30 37 0 17 49 6 7 4 13 5 29 3
107  31 34 8 2 40 47 23 44 22 18 17 10 41 45 20 36 19 50 46 35 42 26 3
108  33 12 31 34 40 47 32 23 24 44 22 16 18 17 10 45 20 36 5 35 29 42 3 43 38
109  12 8 2 48 47 32 23 24 44 21 15 22 16 0 17 10 45 4 7 19 39 50 5 46 35 29 1 38
110  11 31 34 2 8 48 23 44 21 15 22 16 18 0 17 6 45 4 20 19 50 27 46 29 9 42 3 43 38
111  11 25 12 34 40 48 44 30 37 18 10 45 4 13 36 19 5 27 35 28 26 3 38
112  12 34 14 8 47 24 44 30 37 18 0 17 49 6 41 13 5 27 29 28 1 43 38
113  11 25 12 14 8 2 48 23 24 44 21 15 37 0 41 45 7 36 39 50 35 28 3 43
114  11 34 14 2 24 16 30 18 0 17 10 41 45 4 13 20 36 19 35 29 9 28 42 3 43 38
115  11 25 31 48 32 24 44 15 22 37 18 10 6 45 13 36 29 9 28 42 26 3 38
116  33 31 34 2 32 15 22 30 0 6 41 4 20 36 39 50 27 46 9 28 42 26 3 43
117  11 33 12 31 14 8 40 48 47 32 24 15 16 30 37 18 0 49 6 45 4 39 5 46 29 9 28 1 26 3 43 38
118  31 2 40 48 32 23 24 44 21 22 30 37 18 17 10 41 4 13 20 19 46 35 29 1 3 43 38
119  25 33 34 14 2 8 40 48 47 32 23 24 44 15 22 30 37 18 0 49 6 41 7 13 39 5 27 29 9 42 1 43
120  33 48 47 32 15 22 16 30 18 10 45 13 20 36 50 5 27 46 35 42 26 3 43 38
121  33 31 14 2 48 47 32 24 44 15 16 37 18 0 17 41 45 4 39 29 28 3 43
122  25 33 40 47 32 23 24 15 18 17 10 7 13 20 36 19 50 46 29 28 1 26 3 38
123  31 47 24 44 22 16 30 37 0 17 10 41 4 13 19 46 9 28 42 1 26 3 43
124  25 33 12 31 14 40 48 47 24 44 21 30 37 49 10 6 4 13 20 36 39 5 27 29 3 43 38
125  12 8 40 47 32 44 22 16 30 37 10 6 41 45 7 50 9 28 43
126  25 33 12 31 8 47 32 24 21 15 16 30 37 10 41 4 13 20 50 27 46 29 9 28 42 1 26
127  25 33 34 14 40 48 47 32 23 24 44 21 15 18 17 10 6 41 7 13 20 19 39 5 27 46 29 28 1 3
128  33 31 34 8 2 40 48 47 23 15 30 37 0 49 45 4 13 20 36 39 29 9 28 1 3 43
129  33 31 8 40 48 47 23 24 44 21 22 16 37 18 0 49 41 7 20 36 39 27 46 35 1 26 3
130  25 33 12 14 8 2 48 47 23 24 21 15 22 17 10 6 45 7 13 36 19 39 50 5 35 9 1
131  11 12 34 14 48 47 23 44 15 22 16 37 10 41 45 13 20 36 19 39 5 35 29 28 1 38
132  11 25 12 34 8 21 15 16 30 37 18 0 17 49 6 45 7 20 19 39 27 46 35 29 42 26 3 43
133  33 12 31 2 40 47 21 15 16 37 18 0 10 6 4 13 20 39 50 27 29 9 28 26 3
134  11 12 31 14 40 47 32 23 24 44 15 16 37 18 0 17 45 7 4 36 39 50 27 46 9 42 43 38
135  25 12 31 40 48 24 21 16 30 49 10 6 41 45 4 7 36 39 50 5 46 35 29 42 26 38
136  11 12 14 2 8 48 47 23 24 44 21 15 22 16 30 18 10 6 45 7 4 13 20 19 50 46 28 42 1
137  25 33 34 47 32 24 21 22 37 18 0 17 49 10 6 41 4 7 13 36 19 5 46 9 1 26 3 38
138  11 25 33 34 14 2 8 40 47 21 15 16 18 0 10 6 13 20 36 39 50 27 35 9 1 3 38
139  11 25 33 34 14 2 8 40 48 47 32 24 21 16 37 18 0 13 36 39 27 46 29 9 28 1
140  33 12 34 2 47 32 23 24 21 15 22 18 0 49 6 13 36 19 39 50 46 35 9 42 3 38
141  11 33 12 31 34 14 40 48 47 32 44 22 37 18 6 45 7 36 19 50 27 35 29 28 1 3 43 38
142  11 33 31 34 14 2 40 47 32 37 18 10 6 41 4 7 19 39 27 35 28 1 26 3 43 38
143  25 33 12 34 2 47 23 21 15 18 17 49 6 41 4 20 39 50 46 29 9 28 42 26 3 38
144  25 12 34 2 48 24 44 21 15 30 17 49 10 41 45 20 36 39 27 46 35 9 42 1 26 43
145  33 12 34 2 40 32 23 15 16 30 37 0 10 4 20 50 5 27 46 35 9 26 43 38
146  11 25 14 8 40 48 32 23 24 22 16 30 37 0 49 10 41 36 19 39 50 5 27 35 29 28 42 1 38
147  11 33 14 2 40 47 32 24 44 15 22 30 18 17 49 10 36 39 27 35 9 1
148  11 12 14 2 40 48 47 23 24 44 21 30 37 17 6 41 4 7 20 36 39 50 5 27 46 35 29 28 26 43 38
149  11 25 33 34 8 2 47 21 16 30 37 18 17 41 45 7 20 19 39 5 46 9 28 42 3 38
150  11 25 31 2 40 23 21 16 0 49 41 45 13 36 19 39 29 28 1 43 38
151  25 14 40 48 47 32 23 21 15 16 30 37 18 17 49 10 41 7 4 20 36 19 50 5 27 46 9 28 42 1 26 3 43
152  33 48 47 32 24 44 15 16 0 17 10 13 20 39 46 29 9 26 3 38
153  11 33 12 31 8 40 48 32 24 44 21 15 16 30 37 18 0 17 49 45 4 13 20 19 39 50 27 29 28 1 43
154  11 25 33 14 2 8 40 32 24 21 22 30 17 10 13 20 19 50 27 9 1 43
155  25 33 12 31 14 2 8 40 32 15 22 16 37 18 17 41 7 50 27 46 35 9 28 3 43
156  25 33 12 31 34 14 8 2 47 24 44 30 37 18 0 49 10 6 45 4 7 20 36 50 29 9 28 42 1 3 38
157  11 33 12 34 14 8 47 24 21 16 30 18 0 17 10 6 41 45 4 13 36 39 5 35 9 42 1 3 38
158  33 12 31 14 2 40 48 47 23 44 15 22 16 18 0 17 41 4 39 5 29 28 1 26 3 43 38
159  11 31 34 14 8 48 32 23 24 15 16 18 17 45 4 7 20 36 19 39 5 27 46 29 9 28 1 3 43
160  11 25 14 2 40 47 16 37 0 49 41 7 4 13 36 19 5 27 46 35 29 9 42 1 26 43
161  33 34 14 8 2 40 44 21 22 16 30 18 17 49 10 13 20 36 19 5 35 9 28 42 26 3 43 38
162  11 25 34 14 2 21 22 16 30 18 17 49 41 45 4 20 36 50 27 46 35 9 28 43
163  33 2 8 40 22 16 37 17 49 10 6 45 7 13 20 19 50 5 27 9 28 42 43
164  11 25 12 31 34 8 40 48 32 23 24 44 15 16 17 41 4 36 39 5 35 29 9 28 26 43 38
165  11 33 12 8 2 40 48 47 32 23 24 44 21 15 30 18 0 10 41 45 13 36 39 50 5 27 46 35 9 1 26 3 43
166  11 33 31 34 8 40 47 44 21 22 30 37 6 41 45 7 20 36 50 5 35 29 42 1 26 3
167  25 12 31 34 14 40 48 47 23 44 22 30 37 0 17 49 6 41 45 7 13 20 19 39 27 46 35 28 42 1 3 43
168  12 14 23 44 21 15 22 16 30 37 18 17 49 4 7 13 20 36 39 27 46 29 9
169  11 33 31 34 14 2 40 23 24 44 16 37 18 0 49 6 45 4 13 20 36 19 50 9 42
170  11 33 34 2 8 40 48 24 21 15 22 37 18 0 49 6 41 7 19 50 35 9 28 42 3
171  11 33 12 31 14 8 2 40 21 16 45 7 4 20 50 5 29 9 28 42 1 26 43
172  33 31 2 40 48 47 32 23 24 44 15 16 37 18 0 49 45 7 4 13 20 36 5 29 9 42 43
173  33 31 14 8 32 24 21 22 30 37 0 17 49 10 41 45 20 36 19 39 27 46 29 9 28 26 43
174  11 33 31 14 2 8 48 47 32 23 24 44 21 15 16 0 6 45 4 7 20 36 19 50 5 27 46 35 29 26 43
175  25 33 12 2 8 40 48 47 24 21 15 22 16 17 10 6 41 45 13 20 19 39 27 46 35 9 28 1 43 38
176  11 25 33 31 34 40 32 23 24 15 0 10 41 45 7 13 36 19 39 50 5 27 9 28 42 43 38
177  11 25 12 14 8 2 40 48 23 15 16 30 37 0 10 41 45 4 39 50 5 46 28 26 38
178  11 25 33 12 34 14 2 32 24 44 21 15 30 17 49 10 6 41 4 7 39 5 27 46 29 9 28 42 26 38
179  11 25 33 12 31 14 47 24 44 15 30 37 17 49 10 6 41 7 13 20 36 35 29 28 42 1 26 38
180  25 33 12 23 24 44 15 37 41 13 36 19 39 50 5 27 46 35 9 28 1 26 3
181  11 25 33 12 31 8 40 47 32 23 44 21 15 16 30 0 17 10 6 41 13 20 50 5 46 29 28 42
182  11 25 33 12 31 14 8 48 47 32 21 15 16 37 18 49 10 45 7 4 36 19 39 50 5 27 9 28 42 1 43 38
183  48 47 32 44 15 16 30 37 18 49 10 6 41 45 7 20 36 19 39 50 5 27 35 29 42 1 26 38
184  33 31 34 14 2 8 40 48 47 32 44 21 37 18 17 49 10 41 13 19 50 29 42 26 43 38
185  11 34 14 2 8 47 32 24 44 22 0 17 49 6 41 4 36 50 5 27 35 9 1 26
186  11 12 31 34 2 48 32 23 24 44 37 18 6 41 45 4 13 50 5 46 35 9 42 26 3 43 38
187  25 33 12 31 14 8 40 47 32 23 21 22 16 37 18 0 41 13 19 27 29 3 43 38
188  11 33 2 8 40 23 21 15 16 30 18 0 49 6 45 4 20 39 50 5 27 29 1 43 38
189  11 25 33 12 31 8 2 40 23 44 16 18 17 10 41 7 4 36 39 46 9 1 3 38
190  25 33 12 31 2 48 47 32 23 24 21 15 16 18 0 49 6 41 45 13 20 39 5 27 46 9 42 26 38
191  33 31 34 2 48 47 32 23 24 44 21 15 22 30 18 17 10 6 45 4 13 20 27 9 26 3 43 38
192  11 33 34 14 2 47 32 23 21 15 22 16 37 18 0 7 13 20 36 19 39 46 35 29 9 28 1 26 38
193  11 25 33 34 2 8 40 47 32 24 22 16 30 37 18 0 17 10 6 45 7 4 36 39 27 46 35 29 42 1 26 43
194  11 25 12 34 14 8 48 47 24 15 16 30 37 18 0 17 49 6 41 4 39 26 38
195  33 34 8 2 48 23 44 22 16 30 37 0 17 6 20 36 19 50 35 29 1 3 38
196  25 34 8 48 24 44 21 22 30 37 18 0 49 6 41 20 36 19 39 50 27 46 35 3 43
197  11 25 12 8 2 40 48 32 21 18 0 17 10 6 7 20 36 19 39 50 5 46 35 28 42 3 43 38
198  33 12 14 8 2 40 48 32 23 15 37 0 49 10 45 7 36 5 46 35 9
199  11 12 31 14 8 48 47 32 23 21 22 16 37 18 0 10 6 41 45 4 7 13 50 5 46 35 28 42 38
200  25 33 12 14 2 8 48 47 32 23 24 44 21 15 30 18 49 10 6 41 45 4 20 36 50 5 27 35 29 1 38
201  11 33 12 31 34 8 2 48 47 32 24 44 21 22 18 17 49 10 6 41 7 13 20 46 35 29 9 28 1 26 43
202  11 12 2 8 48 47 24 16 37 0 17 49 10 6 45 4 20 36 50 46 35 9 42 1 3
203  11 12 31 8 47 15 22 18 0 17 49 10 6 41 45 4 7 20 19 39 50 27 35 29 9 42 26
204  12 31 34 8 47 23 24 21 15 16 10 6 45 7 19 50 5 35 29 9 28 1 26 3
205  11 25 33 14 47 32 24 44 21 30 37 18 0 17 49 45 7 4 20 50 29 42 1 26 43
206  25 33 31 34 14 48 23 24 21 16 37 49 10 6 41 7 20 36 39 50 27 46 9 28 42 26 3
207  25 33 14 2 8 40 48 15 30 37 18 49 10 7 13 20 19 39 50 5 27 29 1 26 38
208  33 31 14 2 8 48 32 24 44 15 16 30 18 0 17 49 6 41 45 4 13 20 36 19 46 35 29 1 26 3 43 38
209  33 12 8 40 47 32 23 24 44 21 15 22 18 10 4 13 36 19 39 50 46 9 28 26 38
210  33 12 31 8 2 48 47 32 23 44 21 15 37 0 49 10 6 41 45 7 20 50 46 29 38
211  11 25 12 31 34 14 40 48 32 23 24 44 15 22 30 37 18 0 10 6 41 4 50 5 29 9 42 1 26 38
212  31 34 2 48 47 32 23 44 22 16 37 18 17 49 10 41 4 7 13 39 9 26 3 38
213  11 25 33 12 34 2 40 32 24 21 15 22 16 37 18 17 49 6 20 36 39 50 5 27 9 1 3 43 38
214  25 33 12 14 8 2 48 24 15 22 37 18 0 49 41 7 20 36 19 39 27 35 29 28 26 3
215  33 12 31 14 2 8 40 48 47 23 44 21 37 17 49 6 41 7 13 20 36 19 50 5 27 46 29 9 42 26 38
216  25 33 12 31 34 8 40 48 24 44 22 30 37 18 49 6 41 45 4 20 36 19 39 50 5 27 9 28 1 26
217  11 33 12 31 14 2 40 48 47 24 15 22 30 0 41 7 4 13 36 39 27 46 28 38
218  11 25 12 34 2 23 24 21 16 30 49 10 6 41 7 4 13 20 36 19 39 50 46 35 28 42 3 38
219  11 25 33 40 32 23 24 21 15 22 16 37 18 0 17 6 45 20 19 9 28 42 3 43
220  11 25 33 12 31 2 40 23 21 18 0 17 49 41 45 39 50 29 9 3 43
221  11 33 31 2 8 48 24 44 21 22 30 37 0 17 49 10 41 45 4 13 20 5 46 35 29 28 1 26 43 38
222  14 8 40 48 32 21 15 16 18 49 45 7 4 13 19 5 35 29 9 28 1 26 3
223  11 33 12 2 40 48 24 44 15 22 16 37 17 4 7 13 20 39 50 5 27 35 28 42 1 26 43 38
224  25 8 32 24 21 16 30 37 41 45 7 4 36 19 46 35 9 28 42 26 3 43
225  11 25 33 34 48 47 32 44 21 22 16 30 18 49 10 45 7 19 39 50 35 29 3 43 38
226  25 33 12 34 14 48 24 21 15 22 0 6 41 45 4 7 13 19 50 5 27 46 35 29 3
227  11 25 12 34 14 2 40 48 47 23 44 15 22 30 37 0 17 49 10 6 41 45 7 4 50 46 29 1 26 3 38
228  12 34 2 40 48 44 15 37 18 49 10 45 36 39 50 46 35 9 28 42 1 26 38
229  11 34 14 8 2 40 48 32 44 15 22 16 30 37 18 49 10 6 41 36 19 5 27 46 29 43
230  25 33 31 14 8 2 40 32 23 24 44 21 15 16 18 17 10 6 45 7 36 9 28 1 26
231  25 33 12 34 14 8 2 40 47 32 23 24 44 21 15 22 49 41 45 13 36 19 50 5 27 46 35 28 1 26 43
232  11 33 14 8 2 40 48 47 32 23 15 22 16 30 18 0 10 6 7 13 19 39 27 46 35 29 28 3
233  11 31 14 2 47 23 24 21 16 18 49 10 6 41 45 4 13 36 19 39 50 5 27 29 43
234  25 33 31 34 14 40 24 44 15 37 49 10 45 4 13 20 36 19 39 5 27 35 29 1 26 38
235  25 33 31 34 14 48 47 44 21 15 30 18 0 17 6 41 7 4 13 20 39 50 27 46 9 28 42 1 43 38
236  33 12 31 34 2 32 44 16 18 49 6 4 20 39 5 27 46 28 26 38
237  11 31 34 2 8 40 32 24 0 49 10 6 41 7 4 39 27 46 9 42 1 26 43 38
238  25 12 31 8 40 48 47 32 24 44 22 16 30 18 0 17 49 10 6 7 50 5 9 1 43
239  31 34 14 8 2 48 47 32 24 44 16 30 37 18 0 6 45 4 13 20 19 5 27 35 26 3 43 38
240  25 12 34 14 48 47 23 24 44 21 22 0 49 13 36 19 39 27 46 29 9 28 1 26 3
241  11 34 14 40 48 47 32 23 15 22 37 6 41 45 4 13 39 5 46 9 42
242  33 12 2 8 40 48 21 22 16 37 18 17 6 41 4 13 36 50 5 46 35 3 38
243  11 25 33 12 31 34 14 8 2 47 22 16 18 0 49 10 4 13 36 19 39 50 5 46 29 1 26
244  25 12 34 8 40 48 32 23 24 15 18 49 10 6 45 4 13 20 36 5 46 9 28 42 26 3 38
245  33 31 34 2 40 48 47 32 23 44 15 16 30 37 18 0 17 49 10 41 45 4 7 20 36 19 50 5 27 35 28 42 1 26 3 43
246  11 31 34 2 40 48 32 23 24 22 16 30 49 10 36 39 50 5 27 46 9 42 43
247  12 14 48 47 32 23 44 15 22 0 17 10 4 13 36 39 46 35 9 3
248  33 14 8 40 48 47 32 24 21 15 22 30 37 18 6 41 45 4 7 13 20 36 39 46 42 1 26 38
249  12 31 2 40 48 23 44 21 15 16 30 18 17 49 10 45 13 20 19 5 27 29 26 43
250  11 33 12 34 2 40 48 24 21 15 37 18 0 17 49 41 45 7 20 39 35 29 9 42 26 3 43 38
251  11 25 33 12 14 2 8 40 47 23 44 21 15 16 30 18 17 6 45 20 36 19 5 35 29 9 28 42 1 26 3 43
252  11 33 34 14 2 48 47 32 23 24 44 22 16 30 0 17 49 41 19 39 50 5 46 35 29 28 1 3 38
253  11 33 31 40 32 24 44 15 30 37 49 41 45 4 20 36 19 35 1 26 3
254  11 25 12 31 14 2 40 23 21 16 37 49 6 41 4 7 20 19 50 27 35 29 9 1 3
255  12 31 34 14 8 48 47 32 23 44 21 15 22 16 30 18 0 10 6 41 7 4 13 20 36 39 50 5 27 35 28 42 26 3 38
256  11 33 12 31 34 2 40 48 23 24 21 16 30 18 0 49 10 41 45 4 7 13 20 50 5 27 9 42 1 26 3 43
257  11 33 12 31 34 14 2 40 48 47 30 37 0 49 10 6 45 4 7 13 19 39 5 46 9 28 42 1 3 38
258  25 33 34 2 40 32 21 15 37 18 10 6 4 7 20 36 19 39 50 5 46 35 29 9 42 1 38
259  11 14 40 47 32 44 21 15 16 30 37 18 0 49 41 50 27 29 42 1 3 38
260  12 34 14 8 40 47 24 44 22 16 30 17 41 7 13 20 36 39 50 5 27 46 35 29 42 3
261  25 12 31 2 40 48 32 24 44 21 22 16 30 37 0 17 49 10 6 45 7 13 36 39 50 5 27 46 29 9 42 1 3 43 38
262  25 31 34 2 40 48 32 23 24 44 21 22 16 0 17 6 41 45 4 7 13 20 36 19 39 50 5 46 29 9 3 43
263  25 12 34 14 2 8 40 47 32 23 15 37 0 17 49 6 41 7 4 13 36 50 35 42 1 3 43 38
264  11 25 33 31 34 14 2 8 23 15 16 30 37 49 10 41 45 36 5 27 46 35 9 28 26
265  33 12 34 8 2 40 47 24 44 16 0 10 45 4 13 20 36 46 29 28 42 1 26 3 43 38
266  11 25 34 2 48 47 32 24 44 21 22 16 37 18 0 17 10 41 7 4 20 19 39 50 5 27 46 29 9 28 1 3 38
267  11 31 34 2 32 23 24 44 21 15 22 16 17 10 6 41 45 4 13 20 19 39 50 46 29 42 26 3 43
268  33 12 31 34 14 8 47 32 23 44 15 16 37 17 49 10 6 4 13 20 36 39 50 5 9 42 26 3 43
269  25 12 8 2 40 48 47 32 23 15 22 16 30 18 17 10 45 19 39 29 28 42 1 26 43 38
270  31 8 40 23 21 15 17 49 6 4 19 5 35 28 1 26 38
271  11 25 12 34 2 32 23 24 21 15 22 37 17 6 45 4 13 20 36 39 50 27 46 35 29 1 3 38
272  25 33 12 31 47 32 23 21 15 22 16 37 18 0 49 6 41 45 4 20 19 46 9 3 43
273  11 25 33 12 8 47 23 44 21 30 49 10 41 45 7 13 20 36 39 50 5 27 35 1 43
274  11 25 33 31 40 23 24 15 16 37 0 17 10 6 7 4 20 19 50 5 46 28 42 3 38
275  12 31 14 8 32 24 44 15 16 37 18 49 6 41 13 20 19 50 5 27 35 29 28 1 26
276  11 31 34 14 40 48 47 32 23 44 21 15 22 18 17 49 10 41 45 7 13 20 19 39 27 29 9 28 42 38
277  11 25 33 48 47 44 21 15 37 0 10 6 7 13 36 50 27 29 42 1 3 38
278  11 33 8 48 32 23 21 22 16 18 17 49 6 41 7 13 19 50 5 29 9 1 3 38
279  11 25 31 2 8 32 24 21 15 22 18 17 10 6 45 4 39 5 27 35 29 9 28 3 43 38
280  11 25 33 12 31 34 14 2 32 23 15 30 37 0 6 41 7 19 39 5 27 35 9 42 26 3
281  11 12 31 14 8 40 47 23 15 22 16 30 37 18 17 49 6 41 45 4 36 19 39 50 46 35 29 9 42 1 26 43 38
282  25 33 12 34 14 40 24 22 30 37 18 0 6 7 13 39 50 27 35 29 9 28 42 1
283  11 25 33 12 31 2 40 47 32 23 21 22 37 17 10 6 7 13 20 19 50 27 9 42 1 26 38
284  11 25 2 48 32 44 21 22 37 0 17 6 36 19 39 50 5 27 46 28 26 3 43 38
285  11 25 12 31 34 14 8 32 23 24 44 16 30 17 10 41 45 7 4 13 20 19 50 5 46 35 29 9 28 42 3 38
286  25 12 31 2 48 47 32 21 15 16 37 6 41 7 4 5 27 35 29 28 1 26 3 43
287  12 31 34 8 48 47 24 44 30 0 6 45 4 7 13 20 50 5 29 9 28 1 3 43 38
288  11 33 31 8 48 47 21 22 30 49 10 6 20 36 39 5 46 29 42
289  25 33 31 34 40 23 21 22 0 17 49 41 7 20 36 19 39 50 27 46 9 28 42 1 26 3
290  11 33 34 14 2 8 47 32 44 21 22 30 37 18 49 6 41 4 36 19 50 5 27 29 9 1 3 38
291  31 14 2 40 48 47 32 24 44 21 15 16 30 37 0 10 41 7 13 20 36 39 50 46 35 29 28 42 26 3 38
292  33 31 34 14 40 48 47 32 24 44 15 22 16 30 0 49 6 45 4 50 28 43
293  25 33 12 31 8 2 40 48 47 32 23 24 15 16 30 37 18 17 49 10 45 13 20 19 39 5 29 1 43 38
294  11 33 31 14 47 24 44 15 16 37 0 17 49 45 4 7 13 39 5 27 46 35 42 26 3 43 38
295  25 33 12 31 14 40 47 32 23 24 16 18 0 49 10 6 41 7 20 39 9 28 42 26
296  25 33 31 34 14 8 32 23 24 16 18 6 41 4 20 46 28 1 26 43 38
297  25 33 12 31 34 14 32 44 15 22 16 30 0 49 10 6 41 45 4 20 5 42 38
298  33 31 34 14 8 2 48 32 22 18 17 10 41 45 4 20 19 50 46 28 3
299  11 34 2 8 47 32 23 24 44 15 16 30 37 49 10 41 13 20 36 39 5 46 29 1 3
300  12 34 14 2 40 48 47 23 24 44 15 22 30 0 41 45 7 36 19 50 5 27 9 28 42 1 26
301  33 31 2 8 40 47 32 24 44 21 22 37 0 17 10 41 45 4 13 20 50 46 9 28 1 3
302  11 33 34 14 8 40 48 47 32 23 44 15 22 16 30 37 18 49 20 39 5 27 46 35 29 9 1 26 3 38
303  12 31 14 40 47 32 23 21 15 22 16 30 37 18 13 19 27 46 35 29 28 42 26
304  33 12 48 47 32 23 44 21 16 37 18 17 49 10 41 4 7 13 19 39 27 46 29 9 28 42 3 43
305  11 25 31 8 2 40 44 21 15 22 16 18 0 17 10 6 4 7 19 39 50 5 35 9 28 42 3 43 38
306  33 34 14 2 40 23 24 22 16 30 0 49 45 4 13 20 39 5 27 28 42 38
307  25 12 48 24 44 21 15 16 30 37 17 41 7 4 20 39 46 9 28 1 26 43
308  34 14 40 47 24 22 18 17 10 41 45 4 36 19 5 35 9 42 1 26
309  33 12 31 34 2 8 40 48 47 44 15 16 18 17 10 4 36 19 39 5 27 35 42 26 43
310  11 33 34 2 48 23 24 44 15 30 37 0 17 49 10 6 7 13 20 19 39 5 27 46 29 28 1 3
311  11 25 33 31 34 14 8 2 40 48 47 23 24 44 15 22 16 30 37 17 41 4 19 39 50 5 46 35 29 9 28 1 26 43 38
312  11 12 34 14 8 40 47 23 24 15 22 37 18 0 49 41 45 7 13 20 36 19 5 27 35 29 9 42 1 26 38
313  25 12 34 44 37 0 49 10 6 41 7 19 39 50 5 35 9 28 1 3 43 38
314  11 25 31 34 2 40 48 47 32 44 15 16 18 0 49 10 45 4 20 19 50 46 29 1
315  25 33 12 31 34 14 2 8 40 24 44 21 15 22 16 30 37 0 17 6 41 20 36 19 39 5 27 46 35 29 3 43
316  11 25 33 12 31 34 14 8 2 47 32 23 24 44 21 22 16 0 17 49 45 7 20 19 50 46 42 1 26 43 38
317  25 12 34 8 40 48 47 32 24 44 15 17 41 7 4 13 19 5 35 29 9 28 42 1 3 43 38
318  11 25 34 14 8 2 40 47 24 21 15 16 30 18 17 49 10 41 45 7 20 19 42 26 3
319  11 25 34 14 2 40 47 23 24 15 16 37 18 49 10 41 45 13 20 36 19 39 46 9 28 26 3 43 38
320  25 33 31 34 8 32 23 24 21 15 22 18 0 10 4 20 36 19 39 5 46 35 29 9 1 38
321  25 33 12 31 34 48 32 21 30 18 17 49 10 20 19 39 50 46 29 28 26
322  31 34 2 8 48 24 44 21 15 22 16 30 37 18 17 49 10 41 7 13 20 27 46 35 29 9 28 1 3 43 38
323  33 12 31 34 14 8 40 48 47 32 23 24 15 0 49 10 6 45 4 20 36 50 5 27 35 29 42 3 43 38
324  25 31 34 2 48 32 24 44 15 22 18 0 10 6 41 45 7 20 39 50 35 29 9 38
325  25 12 40 48 23 24 22 37 18 17 49 10 4 7 13 36 27 35 9 28 42 1 38
326  11 33 12 34 8 40 47 32 23 44 21 22 30 37 0 17 10 6 4 7 19 27 46 9 1 26 3 38
327  11 12 31 34 14 47 32 23 24 44 21 15 16 30 37 41 45 4 7 13 20 39 5 27 46 1 26 3 43
328  31 14 2 8 40 47 32 21 15 30 18 17 10 6 45 7 20 36 39 27 46 28
329  11 34 32 44 15 37 18 0 17 10 6 41 4 20 19 50 46 29 9 1 38
330  31 34 8 2 48 47 24 44 15 22 30 18 17 49 45 20 36 19 27 46 35 29 9 28 26 3 38
331  8 40 48 47 32 24 44 15 22 16 30 18 17 10 6 45 4 13 20 36 19 39 50 29 9 1 26 3 43
332  33 12 31 34 14 48 23 24 21 30 18 17 10 41 45 7 4 13 36 5 27 35 9 28 1 43
333  25 33 31 34 14 8 40 48 47 23 44 21 16 30 37 17 6 45 7 4 36 50 5 27 46 9 28 3
334  11 31 14 8 48 32 24 21 22 16 30 37 0 10 6 45 20 36 19 39 27 9 28 38
335  12 31 14 2 40 47 23 24 44 21 15 37 17 10 41 7 19 9 28 42 43 38
336  11 12 31 34 2 40 48 47 32 24 15 22 16 18 0 49 10 6 41 4 20 50 27 29 42 1 26 43 38
337  11 25 33 12 34 40 32 23 15 16 30 17 49 6 45 36 39 5 27 9 26 43
338  25 2 8 40 48 47 32 23 44 21 37 17 49 10 4 13 50 5 27 46 35 29 28 26 38
339  11 25 12 31 8 47 32 44 21 16 30 18 0 17 49 10 41 13 36 50 27 46 35 9 28 42 43 38
340  11 25 33 12 31 34 14 40 48 47 32 24 22 16 30 37 18 17 49 41 4 19 50 5 27 35 28 42 1 38
341  25 33 31 34 8 47 23 24 15 16 30 37 0 6 41 20 36 50 5 27 35 29 9 28 1 26 3 43 38
342  11 12 34 14 8 47 23 24 44 21 15 22 16 37 0 6 41 36 50 35 28 42 1 3
343  25 31 2 40 48 44 21 15 37 18 49 10 41 4 7 36 19 50 27 35 29 9 28 42 1
344  25 12 31 34 2 8 40 32 24 44 22 0 17 49 6 45 7 4 39 5 46 9 28 42 26 3 43 38
345  12 31 34 24 44 21 22 30 37 18 0 17 10 7 13 36 19 46 28 1 26 3 43
346  11 33 12 31 34 14 8 2 40 32 16 30 0 45 19 50 5 27 46 29 28 1 3
347  25 33 34 14 40 32 24 44 21 15 22 16 37 17 10 45 7 4 20 36 50 5 46 29 9 28 1 43
348  34 40 48 32 24 44 21 15 22 16 37 18 0 17 6 45 7 13 20 39 50 5 46 29 9 28 1 26 43 38
349  31 14 2 32 15 22 0 17 41 4 13 36 19 39 50 27 29 28 42 3 43
350  25 33 12 14 48 47 32 24 44 21 16 37 18 0 49 10 4 7 20 19 39 46 35 1 26 38
351  25 31 34 8 22 30 37 18 17 10 45 4 13 36 39 5 27 46 35 9 28 1 3 38
352  40 47 32 44 21 18 49 10 41 45 7 39 50 5 29 9 26 3 38
353  25 33 34 2 47 32 23 24 22 16 30 37 17 10 6 41 7 13 20 19 39 27 35 29 26 43 38
354  33 31 2 32 23 24 44 21 16 37 18 0 49 10 7 13 20 19 39 42 1 43
355  11 12 34 8 40 15 16 17 6 41 45 4 7 13 36 19 39 50 27 9 1 26 43 38
356  33 12 14 8 40 32 23 24 44 21 22 16 37 0 17 10 7 4 20 36 19 50 5 35 9 28 26 3 43 38
357  33 12 31 34 14 8 2 40 48 47 32 23 24 21 15 22 18 0 17 49 41 45 4 36 5 27 29 9 26 43
358  33 12 31 34 14 40 47 32 21 15 22 30 37 49 10 6 41 20 50 27 46 28 1 3 38
359  11 33 12 34 14 48 47 23 24 44 15 22 16 30 37 0 17 10 41 4 20 19 50 5 27 46 35 1 26 3
360  33 31 34 40 47 24 44 21 22 16 37 17 49 6 41 13 36 39 50 5 27 46 29 9 26
361  11 25 12 31 34 14 44 21 22 30 37 18 0 17 41 45 7 13 36 5 27 46 28 42 1 26 3 43
362  11 31 8 40 47 23 24 44 15 16 37 18 17 10 20 19 50 5 46 35 38
363  11 25 33 12 31 34 2 40 48 23 24 21 16 0 41 4 13 36 29 42 26
364  11 25 12 31 14 8 40 48 47 24 44 21 37 0 17 49 6 4 13 20 36 19 39 50 27 46 35 29 9 28 42 43
365  12 31 2 8 40 48 47 16 18 0 6 41 45 4 13 20 19 39 50 5 46 29 28 1 26 38
366  25 12 34 2 8 47 22 37 18 41 45 7 20 39 50 5 29 9 42 1 26 3 43
367  11 25 12 31 34 14 2 8 40 48 23 44 22 30 37 0 10 6 45 7 36 39 50 5 35 9 42 1 26
368  11 25 8 48 47 21 15 16 0 17 49 10 6 41 4 36 5 27 29 1 26 3 43 38
369  11 25 34 2 40 48 47 32 23 24 44 15 16 30 37 18 0 49 10 6 45 4 7 13 20 19 27 35 9 42
370  25 12 2 8 40 32 23 24 44 15 22 16 37 17 49 6 45 4 13 20 36 50 5 46 29 9 28 42 1 3 38
371  11 34 14 2 40 47 23 21 15 30 37 18 0 49 10 6 4 39 50 46 29 9 28 26 3
372  11 12 31 14 2 47 23 21 22 30 18 6 41 4 20 19 39 5 27 35 28 1 3
373  31 2 32 15 16 37 0 17 10 6 41 13 20 36 39 50 5 46 35 29 9 28 26 3 43 38
374  31 34 2 48 32 21 15 16 30 37 0 17 49 10 6 41 45 13 36 50 35 29 28 42 26 43 38
375  11 25 33 34 8 47 23 24 44 21 30 37 18 0 49 10 6 41 45 4 13 20 50 5 46 35 29 26 3 38
376  33 12 2 8 48 44 16 30 0 17 10 6 45 4 13 20 50 27 35 29 9 28 42 38
377  25 2 40 47 32 24 44 16 37 17 6 41 45 4 7 36 50 5 27 28 42 26 43
378  11 33 12 31 2 48 32 24 22 30 18 0 17 10 7 4 13 19 50 5 27 9 28 1 26 43
379  11 25 12 14 8 2 40 48 23 44 21 15 16 30 37 18 0 17 49 10 6 41 45 7 13 36 19 39 50 5 27 46 35 29 28 42 1 3
380  12 31 14 2 23 24 21 15 16 30 4 39 50 35 29 9 1 26 43
381  11 25 12 31 34 14 47 16 18 0 17 41 13 20 39 35 1 3 43 38
382  11 33 40 32 23 21 15 16 30 49 6 45 7 13 20 36 19 39 50 27 46 29 28 42 1 26 38
383  11 34 8 40 32 44 21 22 16 0 17 49 10 41 45 7 13 36 19 27 35 9 28 1 26
384  31 14 48 47 15 22 16 37 18 49 10 45 4 7 13 20 36 19 27 42 3 43 38
385  33 12 31 48 47 44 21 15 22 30 37 10 6 41 45 7 4 13 50 5 27 46 35 9 42 1
386  12 34 8 48 32 23 17 49 45 4 13 20 19 50 5 46 35 9 1
387  11 25 33 34 14 24 44 16 30 18 17 49 45 7 13 36 50 5 35 9 28 1 26 3 38
388  33 47 23 22 16 18 0 10 6 7 13 5 27 9 26 3 43
389  25 12 34 40 48 47 32 21 15 22 37 17 45 4 7 13 50 5 35 42 26 3 43
390  33 12 14 2 8 40 48 32 24 15 22 18 17 49 6 41 45 4 7 13 39 27 29 28 1 26 3 43
391  25 33 12 14 2 48 32 24 21 15 22 30 37 10 45 4 36 19 39 50 46 29 9 42 26 3 43 38
392  25 31 40 48 47 23 22 30 18 17 10 45 4 39 5 27 35 9 26 43 38
393  25 12 14 8 40 48 47 32 23 21 15 22 16 30 18 0 49 4 7 13 20 36 39 5 27 46 35 29 9 28 1 26 3 38
394  33 31 8 2 40 48 32 21 22 16 37 18 17 49 6 45 20 36 19 50 27 28 42 43
395  25 33 12 2 40 48 32 24 21 18 10 6 36 39 35 29 28 42 38
396  25 12 2 8 48 47 24 22 30 49 10 6 41 4 7 39 50 27 29 9 42 1 3 43 38
397  11 25 33 12 31 34 14 2 48 47 32 21 15 37 0 17 49 10 6 41 45 13 39 50 35 29 9 42 3 43 38
398  11 25 12 8 2 40 48 44 15 22 37 18 49 10 6 41 45 7 4 13 36 19 46 28 1 26
399  11 33 12 31 34 14 8 2 47 32 44 21 16 41 4 7 20 36 50 5 27 46 28 26 3 43
400  11 25 33 12 8 48 32 23 21 22 30 37 18 0 6 41 4 13 20 39 35 42 43
401  11 33 12 34 14 8 2 48 23 24 15 22 30 0 6 41 45 7 13 36 19 39 5 27 46 35 9 28 42 1 26 3
402  33 31 14 48 47 22 16 37 18 41 13 20 36 39 29 1 26 3
403  11 34 14 2 8 32 23 44 21 22 30 37 18 0 6 13 20 36 27 35 29 28 42 1 26
404  11 33 12 8 24 21 15 22 16 37 18 0 10 6 41 20 36 5 27 46 35 29 28 42 1 43
405  25 33 31 14 2 8 48 23 44 21 15 16 18 17 49 41 45 7 36 39 50 35 28 42 1 43 38
406  11 14 2 40 47 23 24 44 21 22 16 30 0 17 49 13 20 39 5 46 35 9 42 1 3
407  25 31 2 8 32 23 44 15 16 30 37 0 4 7 20 19 50 5 35 29 28 1 26 43
408  25 31 34 40 48 32 24 44 21 15 37 10 41 45 7 19 5 35 29 42 1 3 43
409  14 8 2 23 24 21 30 37 18 0 49 4 7 20 36 19 39 5 27 46 35 29 9 28 1 38
410  33 12 34 8 40 32 23 44 30 18 0 20 39 50 35 9 1 3 38
411  25 31 34 2 40 48 32 23 24 21 15 16 0 49 10 41 20 36 19 39 50 5 29 9 26 3 43
412  11 12 31 8 40 47 32 18 0 10 41 4 39 50 46 35 9 28 42 38
413  11 33 12 14 40 48 32 23 24 44 21 16 17 49 6 41 45 13 19 50 5 29 42 1 26 43
414  11 25 12 31 14 40 47 23 24 21 15 16 18 17 49 10 45 7 4 13 20 36 19 50 28 42 1 26 38
415  11 31 14 8 23 44 21 22 0 17 49 10 6 45 13 20 36 50 5 9 42 1 26 3
416  33 12 14 8 2 47 32 24 44 21 15 22 16 18 0 17 10 41 45 4 7 13 36 39 50 5 27 46 29 9 42 26 43 38
417  11 25 12 31 14 8 40 32 44 15 22 30 37 18 0 17 41 7 4 13 20 39 27 46 35 28 38
418  33 31 34 47 23 24 15 16 37 10 6 41 4 20 19 39 5 46 35 29 9 1 26 3
419  11 25 14 2 48 47 32 24 18 17 4 7 13 19 50 5 35 29 9 28 42 26 38
420  33 12 31 14 2 8 48 32 23 24 44 21 15 22 30 18 49 6 4 13 36 39 5 27 29 9 42 1 26 3 38
421  11 25 12 2 40 47 32 44 21 22 16 37 0 49 10 45 4 7 20 19 5 35 29 42 3 43
422  25 12 34 8 2 40 48 47 21 37 17 41 4 20 19 39 50 27 3 43
423  33 31 2 40 47 24 44 21 15 22 30 37 0 17 49 10 6 4 36 5 27 46 35 29 28 42 26 43 38
424  33 12 31 34 14 8 2 48 47 23 24 44 21 30 18 17 6 41 4 13 20 36 5 35 29 3
425  11 14 2 8 40 48 47 32 23 24 44 16 30 18 17 10 6 45 7 13 20 19 39 50 5 35 29 1 26 43
426  11 25 31 34 2 8 40 24 44 37 49 10 41 7 13 20 19 5 27 46 29 9 28 42 1 26
427  11 34 14 8 48 47 21 15 22 37 0 17 6 41 4 36 19 39 5 27 29 9 28 1 26 38
428  12 48 47 32 44 15 22 41 7 4 13 36 50 46 35 29 28 26 3 43 38
429  11 33 12 31 8 32 44 15 16 30 37 18 0 17 10 7 4 19 39 27 1 26 43
430  11 12 34 14 2 8 32 23 44 16 30 37 10 6 45 4 7 20 36 39 50 5 46 35 29 9 1 26
431  12 31 34 8 2 24 44 21 15 22 0 49 41 4 13 20 36 50 46 35 29 9 28 42 1 26 3 43
432  11 12 31 2 32 23 24 15 22 37 18 0 49 10 41 45 7 4 20 36 39 50 5 27 46 35 9 1 26 3 38
433  33 12 8 48 32 24 15 22 30 37 0 6 45 7 36 19 39 50 5 27 35 9 28 42 26 3 43 38
434  11 25 33 34 40 47 32 23 24 21 30 6 4 7 13 36 19 5 27 46 35 29 9 26 43 38
435  11 25 33 31 14 2 23 24 22 37 18 17 41 13 20 5 46 35 28 42 43 38
436  11 25 33 31 14 2 40 47 23 44 21 16 41 4 36 39 5 27 46 35 29 42 1 3 43
437  11 33 31 14 2 8 32 23 24 21 30 37 18 0 17 10 6 45 7 13 19 39 5 35 1 38
438  25 33 12 34 14 8 2 40 32 24 44 21 15 30 37 0 17 49 6 41 45 20 19 46 35 29 9 28 42 1 26 3 43
439  11 12 40 48 24 21 22 16 37 17 10 41 4 20 36 5 27 35 29 28 42 38
440  31 2 8 40 47 32 23 21 22 16 37 18 45 7 13 36 50 35 9 42 26 43 38
441  11 25 33 12 31 14 2 48 23 21 15 37 18 49 41 4 13 36 19 50 5 27 35 29 9 28 42 3 43
442  33 34 8 32 23 37 18 0 17 41 45 13 20 36 5 35 29 9 28 1 43 38
443  25 34 14 8 40 32 24 44 15 16 37 18 0 10 6 45 4 20 19 5 27 35 9 42 1
444  25 31 14 2 47 23 44 22 16 30 17 49 10 6 41 45 7 4 13 39 50 46 35 42 38
445  11 33 31 34 8 40 44 15 22 37 17 45 7 13 36 39 5 42 3
446  33 12 2 8 48 32 24 44 15 22 18 0 17 10 6 41 45 7 5 27 46 26 3
447  25 33 14 2 8 40 47 44 21 15 22 30 37 18 0 17 49 10 4 20 19 50 5 46 35 9 28 42 1 43 38
448  12 14 2 48 47 32 24 22 30 17 49 4 7 20 36 19 39 50 5 27 35 28 42 1 26 3 43
449  11 25 14 8 48 47 32 23 24 44 15 22 16 30 18 10 6 45 4 36 39 50 5 35 29 28 43
450  33 34 14 8 48 23 44 21 15 16 49 41 45 4 20 46 28 42 1 3 43
451  11 31 8 32 24 22 30 37 17 49 41 45 13 20 36 19 39 50 5 46 9 1 26
452  11 34 14 40 47 23 24 44 22 16 30 37 0 49 10 6 41 45 13 20 36 50 27 35 9 38
453  11 12 31 14 2 8 40 48 47 23 24 44 15 30 17 6 41 4 7 13 50 5 46 28 42 1 26 3 43
454  11 33 12 31 14 8 47 44 16 30 17 49 41 7 4 13 20 36 19 50 5 46 35 9 28 42 1 3
455  11 25 33 12 31 8 47 23 24 44 21 30 0 17 6 41 7 4 36 39 5 9 28 42 1 43 38
456  33 12 31 34 14 2 8 40 32 44 15 16 37 18 17 49 45 13 19 39 5 27 46 35 28 1 3 43 38
457  25 2 32 23 24 44 15 16 30 37 18 0 41 45 7 20 19 50 5 27 35 29 28 1 3 43 38
458  33 31 34 40 47 32 16 30 37 49 10 41 13 39 50 27 1
459  11 31 34 14 48 32 44 15 22 16 30 37 18 10 6 41 19 39 50 5 27 46 35 42 1 3
460  11 33 12 31 14 2 8 48 32 44 15 22 37 18 17 49 6 41 4 20 36 39 46 35 29 42 1 26
461  33 31 14 2 40 48 24 44 21 30 18 17 49 45 13 20 19 50 46 9 28 3 43
462  25 33 12 14 40 32 23 24 21 15 22 16 37 18 17 10 13 36 19 35 29 9 42 26
463  25 33 12 31 14 2 8 47 24 44 15 30 18 0 17 49 10 6 41 7 13 19 5 35 29 9 42 3 38
464  11 25 31 2 44 21 16 0 17 49 6 41 50 27 9 1 38
465  33 12 31 34 8 40 32 23 21 15 22 30 0 6 45 4 20 36 19 50 27 46 35 9 28 1 43
466  14 8 40 48 47 32 23 15 30 37 6 41 13 36 5 27 35 42 1 38
467  25 33 12 31 34 40 47 23 24 44 21 15 22 16 30 37 18 17 49 10 45 4 13 39 50 35 9 42 38
468  25 12 31 34 14 2 8 40 32 24 44 21 22 18 49 10 4 20 36 19 27 35 9 28 42 1 3 43 38
469  25 12 34 14 8 2 40 48 23 44 15 16 49 6 41 45 4 20 36 19 39 5 27 46 29 9 28 26
470  25 33 31 2 40 48 47 32 23 15 22 16 30 37 0 17 49 6 20 36 39 46 35 29 9 28 38
471  11 25 31 8 40 32 23 15 22 16 30 37 18 0 17 49 10 7 39 50 5 35 42 1
472  11 25 12 8 40 47 32 23 15 22 16 0 10 45 4 7 20 19 39 50 46 29 9 28
473  33 12 31 14 2 40 48 32 24 44 15 22 16 30 37 18 0 4 7 36 27 35 28 38
474  25 33 31 34 14 2 47 32 23 24 44 30 0 49 6 4 13 20 19 5 27 35 9 28 42 26 43 38
475  33 31 14 48 47 22 30 37 18 0 17 41 4 13 20 36 19 39 50 27 46 35 9 1 26 38
476  11 25 31 8 40 47 24 21 15 30 17 49 10 6 41 45 7 4 13 19 39 50 5 27 42 3 38
477  12 34 2 47 32 21 15 22 16 30 17 45 4 13 20 36 5 46 35 9 43 38
478  11 25 31 2 48 24 21 15 22 37 18 0 49 10 41 45 7 13 36 19 39 27 46 35 29 42 26 3 43 38
479  11 12 14 8 40 47 44 21 16 37 18 0 49 45 7 4 13 20 36 19 39 50 5 27 35 9 42 26
480  25 12 2 8 40 48 47 44 21 22 30 37 18 17 10 6 41 45 13 36 19 39 27 46 35 42 1 3 43 38
481  11 33 12 34 14 8 40 48 47 15 22 18 17 49 45 7 4 27 46 35 28 1 26 3 43
482  25 12 34 14 8 2 40 48 32 15 22 37 18 49 41 45 4 13 39 5 46 9 28 42 1 26 43 38
483  11 25 33 12 34 14 8 48 47 44 21 15 16 18 0 49 10 6 41 45 7 4 20 36 19 39 46 35 43 38
484  33 31 34 2 8 48 47 32 23 44 21 22 37 0 17 49 10 41 45 7 4 13 20 36 19 39 5 46 9 28 1 3 43
485  31 34 14 8 32 23 24 44 21 15 22 0 49 41 4 7 13 36 39 50 46 35 42 1 26 3 38
486  33 31 34 40 48 47 23 44 21 16 37 17 10 41 4 39 5 35 29 9 28 42 1 26
487  11 25 33 12 31 14 2 40 48 47 32 23 24 44 15 37 18 0 17 49 10 41 45 7 20 36 19 50 27 46 35 29 9 28 1 26 3
488  34 14 8 2 40 48 47 23 24 44 15 22 30 37 18 41 45 13 20 36 19 39 27 35 9 28 1 3 43 38
489  2 40 47 24 15 16 30 0 17 49 10 6 41 45 7 4 13 20 19 39 50 5 29 9 42 3
490  11 25 33 12 31 34 14 8 40 17 49 41 45 4 7 13 20 50 46 35 9 42 26 43
491  11 33 31 8 2 40 48 47 24 21 15 30 37 18 0 17 10 41 4 20 19 39 50 27 29 28 42 1 3 43
492  11 25 33 12 14 8 40 48 47 32 24 44 16 30 37 18 0 17 49 10 6 41 4 7 50 5 46 35 29 9 42 1 26 3 43 38
493  33 31 14 8 40 32 21 22 16 30 37 0 17 49 41 13 19 27 35 38
494  11 25 12 31 34 14 8 48 47 44 21 16 37 18 0 17 49 6 41 7 20 39 46 29 28 3 43 38
495  25 12 31 34 40 47 32 23 44 21 16 37 7 46 35 29 9 28 42 1 26 3 38
496  11 12 31 34 8 40 47 23 24 15 22 16 0 17 49 10 6 7 20 5 9 28 42 26 43
497  11 25 12 31 34 40 47 44 21 15 30 37 18 0 17 49 6 41 7 4 20 50 5 27 46 35 29 9 28 42 1 26 3 43 38
498  11 25 12 14 2 8 40 48 47 23 44 15 17 41 36 50 5 27 46 29 9 26 43
499  33 31 34 14 2 47 32 23 24 44 15 30 37 0 17 49 6 41 45 4 13 20 19 39 5 35 29 28 42 1 26 43
500  33 34 14 2 21 15 22 16 37 18 17 49 10 6 41 45 13 19 39 50 27 46 42 26 3 43 38
501  25 12 2 40 48 47 23 44 21 15 18 0 17 49 6 41 45 7 20 19 46 9 42 26
502  11 12 14 2 48 32 23 24 21 22 30 37 49 10 41 45 7 4 13 36 50 5 27 29 28 42 43 38
503  47 23 24 44 21 15 37 18 0 17 45 4 7 36 19 46 35 29 9 28 42 1 3 38
504  25 31 34 14 2 47 24 44 15 16 30 37 0 49 10 6 41 4 13 20 36 19 50 5 46 28 42 1 26 43 38
505  11 33 12 34 2 8 23 24 44 21 15 30 17 10 4 13 20 19 39 50 5 35 29 9 26
506  11 2 8 48 47 44 15 22 16 30 18 17 41 7 4 36 19 39 46 9 28 42 26 3 43 38
507  11 33 48 47 32 23 24 22 18 10 4 36 19 39 50 5 28 42 1 26 3 43 38
508  11 25 31 34 14 8 48 32 44 21 15 16 30 4 7 13 20 36 19 9 42 26
509  25 33 34 2 8 32 21 22 16 30 37 18 17 49 10 6 13 19 50 5 29 26 3
510  12 31 34 14 2 48 47 32 23 24 44 21 15 22 16 30 18 0 17 10 41 7 13 36 27 46 42 26 3 38
511  33 12 31 34 2 40 23 44 21 15 37 18 17 6 45 36 27 46 35 29 1
512  11 25 12 34 8 48 47 23 24 44 21 15 22 16 18 45 4 13 20 36 19 39 50 27 46 29 42 1 26
513  11 34 14 8 40 48 32 24 15 22 30 37 18 0 10 45 4 13 20 39 50 29 42 3
514  25 33 31 14 2 48 23 24 21 15 22 49 6 41 45 13 36 39 29 9 28 42 26 3 38
515  11 33 12 31 8 40 48 47 18 0 17 10 6 41 45 4 36 39 27 46 29 9 28 42 38
516  25 12 34 2 8 40 47 32 24 22 16 37 0 10 6 41 45 7 20 5 27 35 29 28 43 38
517  34 14 2 8 40 48 15 16 0 17 49 10 6 41 45 4 13 20 19 39 50 5 27 46 35 28 1 26 3 43
518  11 33 12 31 34 14 2 40 48 47 32 23 44 15 30 18 0 17 45 13 36 19 39 50 27 46 35 29 28 42 1 3
519  11 33 12 31 48 47 23 24 44 21 22 30 37 0 17 49 6 41 45 4 13 20 36 19 5 27 46 29 9 1 3 43 38
520  11 25 33 2 8 40 47 21 15 22 0 17 10 6 4 13 50 5 27 9 28 42 26 3 38
521  11 25 33 12 31 34 14 2 40 47 32 23 24 44 15 37 49 10 6 41 45 7 20 36 39 5 27 9 28 42 26 3 38
522  25 12 31 14 8 48 23 24 44 21 15 16 30 37 18 49 41 45 4 7 36 19 5 27 46 9 42 1 43
523  25 33 34 2 40 48 23 24 44 15 16 18 17 45 13 20 19 39 46 9 42 43
524  25 12 34 14 48 47 21 22 16 30 18 0 17 49 6 7 20 19 39 35 29 9 28 42 1 3 43 38
525  33 12 14 2 8 40 48 47 32 23 24 15 37 18 0 49 7 19 39 35 29 28 3 43
526  25 12 34 14 8 48 23 44 15 16 37 18 0 49 45 20 19 39 50 27 46 35 28 42 3 43
527  11 33 12 34 14 2 8 47 24 21 15 22 18 17 49 6 45 13 19 39 27 46 9 28 26 43 38
528  11 33 2 8 48 32 24 21 15 22 30 18 0 17 41 4 7 13 20 36 39 27 35 28 42 26 43 38
529  33 31 34 2 22 16 37 0 49 10 45 7 4 13 20 36 5 46 29 28 1 43 38
530  11 33 31 34 14 2 8 40 48 47 32 23 24 21 16 30 37 18 0 17 49 6 41 45 4 7 13 20 39 35 3 38
531  33 31 34 14 8 48 47 23 44 21 22 16 37 49 41 45 36 19 50 46 35 29 28 42 1 26
532  12 2 40 47 32 24 21 22 16 30 37 18 0 17 49 10 6 41 13 36 39 29 9 3
533  25 12 31 14 47 32 44 21 15 18 0 17 49 7 4 20 36 39 50 5 27 35 29 9 28 42 26 3 38
534  11 25 12 31 14 8 40 48 47 32 23 24 44 22 30 37 0 17 49 10 6 41 45 7 20 36 28 42 26
535  25 12 31 14 8 2 48 21 15 16 0 17 49 10 45 39 27 29 28 26 3 38
536  25 33 34 2 47 24 22 30 18 0 10 6 41 45 7 4 20 19 39 50 5 35 9 28 1 3 38
537  12 31 34 14 8 32 15 16 37 18 17 10 41 4 7 20 19 50 27 35 9 1 26 3 43
538  11 31 8 2 48 47 23 24 16 30 37 49 10 7 50 27 46 28 42 1 26 3 43 38
539  11 25 33 34 32 23 24 22 30 37 49 6 41 45 4 13 46 9 1 26 3 43
540  11 33 31 34 47 21 16 37 0 10 6 41 4 13 20 39 5 27 46 35 29 1 3 43 38
541  11 25 12 31 14 2 40 32 23 16 30 37 18 17 49 7 36 19 39 50 35 9 28 42 43
542  33 12 31 34 14 8 23 24 44 16 37 18 17 10 6 20 19 5 9 28 42 26 3 38
543  25 31 14 8 48 32 23 24 21 15 22 30 18 49 6 41 45 13 20 36 19 39 46 35 42 26 3 43 38
544  25 31 34 8 40 48 47 32 23 24 44 21 15 22 18 17 10 6 41 4 7 13 20 19 39 5 27 35 29 9 28 42 1 26 3 43 38
545  33 34 8 2 48 47 32 23 24 16 37 18 0 17 49 6 41 13 36 39 50 5 46 35 29 28 42 1 3 38
546  33 31 8 2 47 32 23 44 21 16 30 18 0 17 41 45 7 13 19 50 35 29 9 3 43 38
547  11 33 31 34 14 48 47 44 22 37 18 10 6 41 13 36 19 39 50 5 27 35 29 9 42 1 26 3 38
548  11 33 12 31 34 14 8 2 32 24 22 16 30 37 18 0 17 49 6 4 20 39 50 5 27 46 28 1 26
549  11 25 33 31 34 2 47 24 44 22 16 49 10 41 39 50 5 27 35 29 9 1 43
550  25 33 12 31 34 14 40 47 32 23 24 21 22 16 18 0 17 7 19 50 5 27 46 9 42 26 38
551  11 25 12 31 34 14 8 2 48 47 23 24 44 16 37 18 0 10 6 41 45 20 36 27 46 35 9 42 43
552  11 33 34 14 8 40 48 24 21 37 49 10 6 41 45 50 5 27 35 29 28 42 1 3 43 38
553  31 34 8 48 47 32 23 24 21 15 22 16 30 0 17 6 7 4 13 20 36 39 50 5 27 46 35 9 28 26 3 38
554  33 12 34 8 40 32 23 30 0 17 49 41 45 7 36 39 50 5 46 35 28 42 26 43 38
555  11 25 31 34 2 8 40 48 32 23 44 22 37 18 17 49 10 7 20 36 19 39 50 5 46 35 26 3
556  31 34 2 40 47 32 23 21 15 22 16 30 37 17 41 45 13 39 5 46 35 29 9 28 42 1 26
557  11 25 12 2 47 32 24 21 15 16 30 18 49 45 20 19 39 50 5 27 29 9 3
558  11 31 14 8 48 47 24 44 15 16 30 17 6 41 13 20 39 50 5 35 29 9 42 1 26 3 43
559  12 34 2 8 48 23 24 21 0 49 45 4 39 50 27 46 35 9 28 42 1 26 43 38
560  34 40 32 24 21 22 16 37 18 17 49 4 13 19 39 5 27 35 9 28 42 1 3
561  25 33 34 40 48 44 16 37 0 17 41 45 20 36 39 50 5 27 46 28 1 26 43
562  25 33 31 34 8 48 32 24 44 21 16 37 49 4 20 36 39 5 27 28 1 26 43
563  11 25 31 14 2 40 47 32 23 24 21 15 22 16 18 0 17 45 4 7 13 36 19 50 46 35 29 9 28 38
564  11 33 14 8 40 32 23 44 21 15 16 30 37 17 41 45 7 13 36 19 39 5 27 29 9 42 1 43 38
565  25 33 31 34 2 8 48 32 23 24 44 15 22 37 0 17 10 41 13 20 39 50 27 46 29 28 42 1 26 3
566  11 2 8 40 32 21 22 37 18 0 17 49 6 41 45 4 13 20 19 39 27 35 29 42 1 26 38
567  33 12 31 8 48 32 23 21 15 16 30 37 18 49 41 7 4 13 19 39 5 35 42 1 43
568  25 33 12 31 34 8 40 48 23 24 44 21 15 22 16 30 18 0 49 10 6 41 4 13 20 36 39 50 29 1 26 3 43
569  11 25 12 31 34 14 8 40 47 23 24 15 22 16 30 17 49 10 6 13 20 19 39 35 29 1 3 38
570  25 33 31 34 14 8 48 32 23 24 44 22 37 18 0 49 41 45 4 7 13 36 19 50 5 46 3 38
571  25 12 31 34 8 24 15 22 18 0 17 10 6 45 20 36 39 5 27 35 29 28 42 1 38
572  33 12 31 2 8 48 47 32 24 21 15 37 18 0 17 10 45 20 19 39 5 27 28 42 1 26 38
573  11 25 12 31 14 40 47 44 22 30 17 49 10 6 13 36 19 39 50 5 27 46 35 29 28 42 3 43
574  11 25 12 8 40 47 32 23 24 44 15 22 30 37 18 0 10 6 4 13 36 27 35 9 42 3 38
575  11 25 33 40 32 23 24 21 22 37 18 6 41 45 7 20 36 39 50 5 27 46 35 28 1 26 38
576  12 31 2 32 24 21 16 30 37 0 17 49 41 4 13 20 36 19 50 27 35 29 9 1 26 43 38
577  11 33 8 44 15 22 16 30 37 0 17 7 36 19 39 50 27 29 28 1 38
578  11 25 12 31 40 32 23 44 21 15 22 16 37 18 49 10 45 4 7 13 20 35 29 26 43 38
579  33 12 34 8 47 21 22 30 18 10 6 41 13 39 29 9 26 38
580  25 33 34 14 2 8 47 32 23 21 15 22 30 17 10 6 41 45 4 20 19 39 5 27 46 35 28 42 3 43 38
581  11 25 34 2 48 47 32 23 24 21 17 49 10 6 7 13 19 39 35 9 28 1
582  11 25 33 34 14 8 40 48 32 23 21 22 16 37 18 0 49 10 6 20 19 50 27 46 29 28 26 3
583  33 12 31 14 2 8 40 21 15 22 16 37 18 0 49 6 4 13 20 36 19 50 5 46 35 9 28 42 1 3 43
584  33 12 14 2 8 40 32 24 44 22 16 17 49 41 45 13 19 5 46 35 1 43
585  25 33 14 2 47 32 22 30 37 0 17 41 4 7 20 36 5 27 46 35 29 9 1 26
586  33 31 2 8 40 48 47 32 23 15 16 30 18 0 17 49 41 45 36 19 39 5 46 29 28 42 26
587  11 25 33 12 31 2 40 47 23 44 21 22 16 30 0 10 6 41 7 13 19 39 50 27 46 29 28 26 43 38
588  25 14 8 48 21 22 37 18 0 17 49 41 4 13 19 50 27 46 42
589  25 12 40 48 47 23 44 18 0 49 10 7 13 19 50 5 27 35 9 28 1 26 43 38
590  11 25 33 34 14 8 2 48 47 24 21 16 30 37 49 10 6 45 36 39 50 27 42 1 3
591  11 25 33 31 8 40 48 47 24 21 22 30 17 6 41 45 4 7 5 27 46 9 28 42 26 3 43 38
592  11 25 31 2 40 47 32 24 44 21 15 22 37 0 17 49 10 6 45 7 13 20 19 39 50 35 29 28 42 1 3 38
593  25 33 12 31 34 14 2 40 23 21 22 16 30 37 0 17 10 41 45 4 20 19 39 5 46 29 28 1 26
594  25 33 12 31 2 40 48 47 32 23 21 22 16 30 18 41 45 4 13 20 36 19 50 5 46 9 28 1 3 43 38
595  25 12 34 8 47 32 23 44 22 16 18 0 17 10 6 4 19 39 5 27 46 28 42 1 26 38
596  25 33 12 31 34 14 8 48 23 44 22 30 37 0 17 10 41 45 4 39 5 46 35 9 28 1 26 3 43 38
597  25 33 31 34 14 8 2 47 23 24 44 21 30 37 18 17 49 10 41 7 19 39 35 29 42 43 38
598  11 12 34 8 48 47 24 15 22 30 0 10 6 45 4 19 50 46 35 9 42 1 3 38
599  11 25 31 34 2 8 48 47 21 15 16 37 18 0 49 41 45 20 50 5 46 29 28 42 1 3
600  25 33 12 31 2 40 48 44 21 22 17 49 10 6 41 45 4 13 20 36 19 27 46 29 9 38
601  11 34 14 2 8 47 21 37 0 49 41 45 7 4 36 19 39 50 46 29 9 42 1 3
602  25 31 14 8 2 40 47 23 24 21 15 22 16 30 18 17 10 6 36 19 50 5 27 29 42 1 26 43 38
603  11 25 31 34 2 40 47 23 24 15 22 16 37 18 17 49 7 4 13 20 36 39 50 27 35 29 9 28 42 1 3 38
604  11 25 33 12 14 2 8 44 21 15 22 30 37 18 4 20 36 19 50 27 46 29 9 28 1 26 3 43
605  11 25 33 12 34 40 24 44 15 22 16 30 37 18 17 49 10 45 4 36 19 39 5 46 35 3 38
606  11 33 12 31 2 48 47 32 24 15 16 17 45 4 36 19 50 5 27 35 28 26 43 38
607  25 33 12 31 2 48 47 32 23 24 15 22 37 49 10 6 7 13 39 46 35 9 28 42 43 38
608  25 33 12 31 14 8 47 32 44 15 17 6 45 20 36 19 39 5 35 28 26 38
609  11 25 33 34 14 8 40 47 32 23 44 15 16 30 37 0 10 45 36 39 50 5 27 35 28 43 38
610  11 33 31 34 14 2 8 47 23 24 44 21 15 22 16 0 6 41 45 4 7 20 50 5 46 35 29 9 28 3 43
611  11 25 33 31 34 14 2 40 32 24 44 21 15 30 0 17 49 10 6 4 13 39 5 46 35 9 28 42 3 43
612  25 33 34 14 8 48 47 32 24 21 16 30 37 45 4 7 13 36 19 5 27 29 42 43
613  31 34 14 48 47 24 22 16 30 6 45 13 20 19 50 5 35 29 28 42 43 38
614  33 14 8 2 15 0 17 6 41 45 20 36 39 29 9 42 1 26 43
615  11 33 34 2 8 32 23 15 22 30 17 10 45 13 36 19 39 5 29 9 1 26 43 38
616  14 40 47 32 23 21 15 22 30 18 0 17 49 10 6 45 7 13 20 36 50 5 27 46 35 29 9 28 3 43 38
617  11 12 34 14 2 8 48 23 44 15 16 30 49 6 45 7 19 5 46 9 28 3 38
618  11 25 34 8 40 47 32 24 44 15 16 37 18 10 45 4 7 13 36 19 39 5 27 35 9 26 3 38
619  11 34 14 2 40 47 23 24 21 37 17 7 19 1 26 3 43
620  25 33 34 2 8 40 23 21 15 22 30 37 0 17 41 45 7 4 20 36 39 27 46 35 29 28 42 26 3 43
621  25 33 12 31 34 8 40 48 47 32 23 24 15 22 30 37 18 0 17 49 10 6 4 20 36 50 5 27 35 29 9 28 42 1 26 3
622  11 25 12 31 14 8 24 15 30 37 0 49 6 7 20 36 19 50 46 29 42 26 3 38
623  12 31 8 2 47 44 15 18 0 17 49 6 41 20 19 39 50 27 46 35 28 42 43 38
624  14 2 8 40 32 23 15 22 16 30 37 18 0 49 41 45 4 13 36 19 39 27 46 9 28 1 3 43
625  11 25 34 23 24 44 21 22 30 37 18 10 6 41 7 13 20 36 50 5 1 26 3 38
626  11 25 33 12 34 14 8 48 47 32 23 24 18 0 17 41 4 7 13 20 36 19 39 50 27 46 29 26 38
627  11 33 12 31 34 2 8 40 23 44 15 16 37 18 0 6 7 4 13 20 50 27 35 29 1 26
628  11 12 31 34 2 8 48 47 24 44 21 15 22 16 37 0 17 10 45 4 7 13 20 36 19 50 27 46 35 29 9 28 1 26 43
629  11 31 34 14 8 48 47 32 22 16 37 18 41 45 7 20 50 46 35 29 9 28 26 43
630  25 12 34 14 8 40 47 24 22 16 30 37 18 0 6 45 7 20 36 39 50 46 35 29 9 26 3 38
631  25 33 31 14 40 48 32 16 18 0 17 49 41 27 9 28 42 1 26 43
632  33 34 2 40 47 32 22 16 0 17 10 41 7 4 13 20 36 39 27 46 35 28 26 38
633  11 12 31 14 2 8 40 47 23 44 15 37 18 0 17 49 6 45 4 7 13 39 50 5 27 46 35 29 9 28 1 26
634  25 14 47 32 44 22 37 18 10 6 41 4 27 46 9 28 42 43
635  25 31 34 14 8 2 48 32 24 15 30 17 41 7 13 19 39 50 5 35 9 28 26 3
636  11 31 2 8 32 23 24 44 21 15 22 16 18 0 41 7 13 20 39 50 5 46 35 29 42 26 3
637  11 33 31 34 8 47 32 24 44 21 15 22 37 18 49 45 7 4 20 39 5 46 28 3 38
638  33 14 40 48 47 32 24 21 16 18 0 6 41 4 7 36 19 50 27 35 9 28 3
639  25 33 12 31 14 32 23 44 15 16 30 18 49 7 4 20 19 50 5 27 35 42 1 3
640  11 14 8 40 47 23 24 44 15 30 37 18 17 45 19 39 50 35 9 28 42 26 3 43 38
641  11 25 12 14 8 40 48 47 23 24 44 15 30 37 0 17 41 45 4 36 39 50 5 35 42 3 38
642  33 12 34 8 40 47 23 24 44 21 16 37 18 0 17 6 41 4 36 19 50 35 29 9 28 42 1 38
643  11 33 31 34 14 8 40 32 24 44 21 15 22 18 10 6 45 7 20 29 28 42 1 3
644  25 33 12 31 14 8 48 24 44 21 22 37 18 0 49 10 45 4 13 20 19 39 50 5 46 29 1 3 43
645  11 25 33 34 48 47 24 15 22 18 17 10 41 45 4 13 36 19 39 50 5 29 28 3 38
646  11 25 33 12 2 8 40 48 47 32 23 44 30 37 18 0 17 49 10 45 13 20 36 50 27 46 42 1 43 38
647  25 12 31 14 40 47 24 44 21 15 22 18 17 49 41 4 13 39 50 5 35 29 28 42
648  11 25 33 34 14 47 32 24 18 0 49 6 41 45 36 19 39 5 46 35 29 9 28 1 3 43
649  25 33 12 31 14 40 48 24 44 15 16 30 37 18 0 17 10 6 13 20 19 27 1 26 3 43
650  11 25 33 12 31 8 23 22 30 37 18 0 17 45 7 4 36 19 50 46 42 1 3 43
651  11 25 31 2 40 47 32 44 15 22 16 30 0 10 6 41 4 20 39 27 28 26 3 38
652  34 8 40 48 47 18 0 17 6 7 4 13 36 50 5 29 9 28 42 26 3 43 38
653  11 33 31 14 8 48 32 23 44 16 37 0 17 49 6 20 36 5 46 28 1 26 3 38
654  25 33 12 31 34 2 48 32 23 24 21 15 16 37 17 41 7 39 50 5 27 46 9 28 42 1 26
655  11 33 12 34 14 2 23 24 30 37 0 49 6 4 7 39 50 46 29 28 42 1 26 38
656  11 25 33 12 31 14 2 23 21 15 22 30 37 0 17 10 6 41 4 7 13 36 5 35 29 9 3 43
657  11 14 2 8 24 44 15 22 16 0 17 10 6 41 45 4 7 13 20 36 19 46 35 9 28 42 1 3 43 38
658  25 34 14 40 47 23 24 44 16 30 37 18 17 49 10 45 4 13 20 46 26 3
659  25 33 2 48 47 32 23 24 15 22 30 37 18 0 17 49 41 45 7 4 20 36 27 35 9 42 1
660  31 2 48 32 44 21 16 30 18 17 49 10 6 45 4 7 39 27 46 35 42 26 3 43 38
661  25 12 31 14 2 24 44 22 16 30 18 0 10 6 45 7 20 27 29 9
662  11 33 12 8 2 47 24 44 21 15 22 16 37 18 0 17 10 6 41 45 7 13 20 36 50 5 27 46 29 42 1 3 43
663  11 33 12 34 8 2 48 47 32 21 16 18 0 49 41 4 36 46 35 42 3 43
664  12 34 2 8 48 23 44 21 15 16 6 45 7 13 20 36 19 39 50 27 35 28 3
665  11 12 14 8 48 32 44 21 15 22 16 18 0 17 10 45 4 7 13 19 5 27 46 35 9 1 26 43
666  33 12 14 8 2 48 47 32 24 15 22 30 37 0 17 49 41 45 36 39 35 28 42 1 38
667  12 31 2 40 47 23 44 21 15 16 30 18 17 49 6 41 45 7 4 20 36 39 46 35 9 42 38
668  11 8 48 23 15 16 37 17 49 10 41 13 36 19 5 27 35 29 9 1 26 3
669  25 33 12 31 34 2 8 48 23 24 22 16 30 37 18 0 17 49 10 6 41 7 4 13 20 19 5 27 29 9 28 42 1 26 3 43
670  12 34 47 23 21 22 16 18 0 10 41 7 4 20 36 19 39 50 5 27 46 26 3 43 38
671  25 33 8 47 32 24 21 15 30 49 6 7 13 36 39 50 5 27 28 1 26 3 43 38
672  33 12 34 14 8 2 47 32 24 44 15 16 30 18 41 45 7 36 19 5 28 42 1 43
673  11 31 34 8 2 40 48 23 24 15 16 30 37 0 10 41 45 7 13 36 19 39 50 5 35 29 9 28 26 43
674  25 33 14 2 40 32 15 16 18 49 7 13 36 39 5 35 29 9
675  33 12 34 8 48 47 32 23 24 16 49 10 41 45 7 13 20 19 46 35 29 42 3 43 38
676  11 12 31 34 23 24 21 22 16 30 37 18 17 7 13 20 39 50 46 29 26 3 38
677  11 25 12 34 2 40 48 47 24 21 22 30 18 10 4 13 20 19 39 50 27 46 3 43
678  11 25 12 31 34 48 47 24 21 22 16 18 6 13 19 39 50 5 35 9 28 42 26 3 38
679  11 31 34 2 23 15 30 37 18 10 45 4 36 5 9 42 1 26
680  11 25 33 12 31 2 8 40 32 24 21 15 22 30 37 17 49 10 6 41 13 20 36 5 27 46 9 28 1 3 43
681  14 8 2 40 24 44 21 15 22 16 0 17 49 10 6 41 4 39 50 27 35 29 9 28 1 43 38
682  25 12 34 8 47 23 15 17 49 6 45 36 19 29 9 28 42 3
683  11 33 34 14 2 40 47 44 30 0 17 49 10 6 41 45 4 36 19 39 5 46 29 28 26 38
684  11 14 47 44 21 22 16 30 10 13 20 36 19 39 50 28 3
685  25 12 31 34 2 40 47 22 16 30 37 18 17 10 6 41 20 36 39 5 27 46 9 42 1 3 43
686  25 40 48 23 24 44 15 22 30 0 41 4 7 13 20 39 46 9 28 42 1 26 3 38
687  25 31 34 8 48 47 23 24 44 21 22 16 30 37 0 49 6 41 45 4 7 20 19 39 5 46 35 9 1 3 43 38
688  11 25 14 2 32 23 24 15 30 37 18 10 6 41 45 4 13 20 39 50 5 35 29 1 43 38
689  34 2 8 21 15 30 18 0 45 4 13 36 19 50 27 46 9 28 42 1 26 43 38
690  11 25 12 34 14 47 32 44 21 15 22 16 18 0 17 6 41 45 4 36 19 39 27 28 26 3 38
691  11 25 33 12 31 34 14 2 8 40 47 32 23 21 22 37 18 6 45 4 7 19 50 27 35 29 9 28 42 38
692  12 34 8 48 47 32 44 21 16 30 37 18 0 49 41 7 36 19 39 50 27 46 9 28 3 43
693  25 12 34 14 2 8 15 37 17 49 6 41 45 4 13 36 50 27 9 1 38
694  11 25 31 40 32 23 24 44 15 16 49 41 45 4 7 13 46 29 9 42 38
695  11 25 12 31 14 8 32 24 44 15 30 18 7 4 13 19 39 50 5 27 46 35 29 28 42 1 3 38
696  11 25 12 31 14 2 8 40 47 23 21 15 16 30 37 0 17 49 10 6 41 45 7 13 19 39 50 29 26 38
697  12 34 2 8 47 32 24 44 21 15 16 37 18 0 17 49 10 6 7 20 36 39 27 46 29 9 28 1 26 43 38
698  8 40 48 24 44 15 16 30 0 17 49 6 45 4 7 13 36 39 50 5 29 9 42 1 26
699  25 12 31 34 8 48 47 24 21 17 10 45 4 13 19 39 50 5 46 35 9 28 42 3 43 38
700  25 33 31 34 2 48 32 24 44 21 15 16 30 0 17 49 7 13 20 36 50 5 27 9 28 42 38
701  25 12 8 48 23 24 44 21 30 37 0 17 10 41 45 7 4 13 20 19 39 50 27 29 42 1 3
702  25 12 14 8 40 47 32 23 44 37 0 49 6 41 45 7 4 13 19 50 5 35 29 9 28 1 26 43
703  25 33 31 34 14 8 40 47 32 23 21 22 30 18 0 49 10 6 41 7 13 39 50 27 46 29 28 42 3 43 38
704  11 25 31 14 2 8 40 32 24 44 21 22 16 30 10 6 4 36 19 50 5 27 46 35 9 28 42 1 43
705  25 33 31 34 2 47 23 15 18 6 41 4 13 20 36 19 39 50 29 42 1 3
706  11 25 34 14 48 47 23 24 44 21 30 0 17 49 6 41 45 4 36 19 35 28 42 26 3 43 38
707  25 14 8 48 47 44 18 17 49 6 4 20 36 19 5 27 46 35 9 28 42 26 3
708  11 33 31 14 2 8 40 48 32 44 21 16 37 18 0 17 49 45 7 4 50 29 9 42 1 3 43 38
709  25 33 12 34 14 47 32 23 24 44 21 30 18 0 10 6 41 45 13 20 36 19 27 46 29 28 1 26 43 38
710  11 33 34 2 40 48 32 44 21 15 22 18 17 49 10 6 41 4 7 36 19 50 29 9 28 1 26 3 43 38
711  25 31 2 8 40 48 32 23 44 21 15 18 6 41 45 36 19 46 35 29 9 1 3 43 38
712  33 12 31 34 14 8 47 21 15 22 30 17 6 7 13 20 36 19 39 50 5 46 35 29 42 26 43
713  11 25 33 32 44 15 16 37 18 0 17 49 10 6 41 45 4 13 20 27 46 35 9 28 26 43
714  25 33 34 40 47 32 23 24 44 21 15 22 37 0 49 10 41 4 7 13 36 50 35 29 28 43 38
715  25 31 14 2 48 47 32 23 24 21 22 30 37 17 10 41 4 39 5 27 46 28 26 38
716  33 31 14 2 24 21 30 37 10 6 45 7 13 36 19 39 5 27 35 9 42 1 26 43 38
717  25 31 2 40 44 37 0 17 49 10 6 4 13 36 19 39 5 27 46 29 9 28 42 1
718  25 33 12 34 47 23 24 15 49 10 6 41 45 4 13 36 19 50 5 27 35 29 9 42 26 43
719  11 25 33 12 31 14 8 40 32 23 21 22 18 6 41 45 4 7 13 20 50 46 29 9 42 26 38
720  11 34 14 32 24 21 37 0 49 10 41 20 19 5 46 29 9 42 3 43 38
721  12 31 2 8 40 47 32 23 21 30 18 0 41 36 19 5 27 46 35 29 9 28 3
722  11 33 12 31 14 8 40 48 47 44 22 16 18 49 10 6 45 4 7 13 20 46 29 1 26 43 38
723  25 12 34 2 8 48 23 24 22 16 37 17 49 10 6 41 45 13 19 39 27 46 9 42 1 3 43
724  11 25 33 12 31 14 8 40 48 47 32 44 15 22 10 6 41 4 7 19 27 46 35 29 9 43 38
725  11 40 48 47 32 23 44 16 17 49 10 41 45 7 13 36 46 35 28 1 26 3 43 38
726  11 25 31 2 48 47 32 24 22 0 49 10 4 20 36 39 5 46 35 29 9 42 26 3 38
727  11 25 12 34 14 2 40 47 23 24 44 21 15 16 0 49 7 4 36 19 42 1 43
728  25 33 12 34 8 40 48 23 22 30 18 17 10 41 45 7 13 20 36 19 39 50 5 46 9 28 42 1 26 3 43
729  25 12 34 14 2 44 21 15 22 16 18 17 49 10 41 45 4 36 19 50 46 29 9 3
730  11 33 12 31 34 2 48 32 44 21 16 30 37 18 49 6 41 45 7 13 20 36 50 27 35 29 42 1 3
731  33 12 31 34 14 2 8 47 23 24 22 37 0 17 10 6 41 7 13 50 5 29 9 1 3 43
732  11 34 8 2 48 24 21 22 16 37 17 49 10 6 41 45 4 36 39 50 27 46 35 29 1 26 3
733  25 34 14 8 2 40 47 32 24 44 22 49 10 6 41 45 13 36 39 5 46 35 42 26 38
734  11 25 12 34 14 2 48 24 21 22 16 30 0 6 4 20 39 5 46 29 9 28 1 3 43 38
735  11 25 31 40 48 47 32 24 21 15 30 37 0 17 41 4 19 39 50 5 46 35 29 28 42 1 26 3 38
736  11 12 34 2 47 32 24 15 22 30 37 18 17 10 45 13 20 36 19 50 5 27 46 35 29 28
737  25 40 32 23 24 21 15 22 16 17 49 6 41 7 13 20 36 19 50 46 29 9 26 43
738  25 12 31 14 47 24 44 21 15 16 37 18 0 17 49 4 7 13 36 19 39 50 27 46 42 26 3 43 38
739  31 8 48 47 24 44 21 15 22 16 30 0 17 49 45 7 20 19 39 50 5 46 35 9 28 42 26 43
740  11 25 12 31 8 40 48 47 23 24 21 15 22 16 30 0 17 49 10 41 4 7 20 19 39 50 46 35 29 9 26 43 38
741  25 31 34 14 8 2 40 48 47 23 24 15 16 30 37 17 10 41 45 4 20 36 19 5 27 46 29 28 42 3 43 38
742  31 2 40 48 32 15 16 37 0 17 10 41 45 4 7 20 39 50 5 46 29 9 28 1 43
743  25 33 8 40 32 24 22 16 0 17 49 10 6 36 19 50 46 9 28 42 3 43
744  33 31 34 8 40 48 47 32 23 44 21 15 30 37 0 17 49 10 6 41 45 4 20 19 39 50 27 46 29 9 1 3 43
745  12 14 2 8 47 32 24 44 21 15 22 30 37 0 17 10 6 41 45 13 19 39 5 27 29 28 1 43 38
746  25 33 31 34 48 32 44 15 22 17 6 41 45 7 13 19 35 1 26 3 43 38
747  25 33 12 31 8 44 21 22 16 30 37 18 17 7 13 20 36 19 5 35 9 28 26
748  33 12 14 8 2 40 48 47 21 22 16 37 17 49 7 4 20 50 27 46 26 3 43
749  11 12 31 34 14 48 47 32 23 24 44 21 15 37 17 41 45 7 4 20 27 46 35 29 3
750  33 34 8 32 23 24 44 21 22 16 30 0 10 6 41 4 13 39 27 35 29 9 42 26 3 43 38
751  11 33 12 31 8 2 32 44 21 16 18 0 6 41 36 19 5 27 35 29 9 38
752  25 34 14 2 8 40 32 23 24 44 22 30 37 18 0 49 7 4 13 20 39 50 27 29 42 1 38
753  33 34 2 8 40 23 24 44 21 15 0 10 6 41 7 20 36 39 46 35 28 26 43 38
754  11 33 31 34 48 47 32 23 15 30 0 17 10 6 4 13 36 5 35 9 28 42 1 26 43
755  25 33 8 40 32 23 44 21 22 16 30 37 18 17 10 6 41 4 7 20 19 50 5 27 46 29 28 42 1 26 43 38
756  11 25 14 8 48 32 24 44 22 30 37 18 0 17 6 4 20 36 19 39 5 27 29 9 42 26 43 38
757  11 25 12 31 34 14 2 40 48 47 32 23 22 16 37 18 0 49 10 6 41 45 13 20 36 19 39 50 46 9 28 42 1 26 43
758  34 14 40 48 47 21 15 16 0 10 6 41 4 13 20 36 39 5 27 46 35 9 42 26 3 43 38
759  11 25 12 31 2 8 40 48 47 32 23 21 15 18 17 10 45 4 36 19 39 46 29 1 26 3 38
760  31 34 14 8 2 48 47 32 23 21 15 0 6 4 39 50 27 28 1 3 38
761  33 12 31 34 40 48 21 16 37 18 0 17 49 6 41 4 36 19 39 46 29 1 26 43
762  11 25 33 34 14 8 40 48 47 23 24 15 22 0 17 49 10 45 13 20 36 50 5 29 9 28 42 1 3
763  11 12 14 2 8 40 48 24 44 16 37 49 6 41 7 4 13 20 36 50 5 46 35 28 26 43
764  11 33 12 31 14 8 40 15 16 37 0 10 13 20 36 39 50 46 29 9
765  11 33 12 31 34 8 15 18 0 17 6 4 7 13 36 19 39 50 27 46 42
766  11 33 34 14 40 48 44 21 15 22 30 37 18 0 17 10 41 45 4 13 36 19 50 5 46 35 28 42 26
767  25 12 31 14 40 24 44 15 22 16 0 17 49 41 7 36 19 9 1 26 43 38
768  11 25 33 12 34 14 47 32 24 44 21 22 16 30 18 17 49 6 41 4 46 35 9 42 1 3
769  11 33 34 8 40 47 21 15 22 37 0 49 10 6 41 7 4 13 36 39 50 5 27 29 28 42 43 38
770  11 8 24 44 15 22 16 0 6 7 39 50 5 35 9 42 1 26 38
771  11 12 34 8 40 32 44 15 16 18 0 49 6 45 7 20 19 5 27 35 29 42 26 38
772  12 34 14 2 47 32 44 15 22 37 0 10 45 20 19 5 27 46 35 29 28 1 26 43
773  33 12 34 14 23 15 22 37 0 49 10 6 41 4 7 13 20 36 39 50 5 46 35 28 42 1 38
774  11 2 8 40 23 24 44 22 16 30 37 10 41 45 4 13 20 36 19 50 27 46 35 9 28 42 1 3 38
775  33 31 14 8 47 23 24 44 22 16 37 18 17 10 6 41 45 4 7 36 19 39 50 5 46 35 42 1 26 3 43 38
776  25 33 12 34 8 2 48 47 32 24 44 16 30 0 17 49 10 6 41 45 20 36 19 39 27 46 9 28 42 3 38
777  25 12 31 40 48 32 23 16 30 18 0 41 45 4 7 13 50 5 46 29 1 3 43 38
778  11 33 12 14 2 8 40 44 22 30 18 10 41 4 13 19 5 27 46 35
779  12 8 24 21 22 16 18 0 17 10 45 4 39 5 46 1 26 38
780  11 25 33 34 32 23 24 44 21 15 16 37 18 17 49 10 6 7 36 19 39 5 27 46 29 43 38
781  11 33 31 2 40 48 32 23 24 44 15 16 30 0 10 41 45 7 13 20 36 39 50 35 9 42 1 3 43
782  12 31 34 14 2 47 23 21 16 30 37 18 0 49 10 6 41 7 4 13 20 36 50 5 27 35 9 42 1 3 38
783  31 14 47 32 21 15 22 49 10 41 7 13 36 50 5 46 35 9 1 26
784  11 25 33 34 47 32 24 44 21 49 41 20 36 39 50 46 28 42 1 26 3 43 38
785  33 12 31 14 2 8 32 23 21 30 0 10 6 4 13 20 36 39 50 5 46 35 29 28 42 38
786  11 25 12 31 14 2 8 48 47 32 44 22 16 30 37 17 49 45 4 13 20 19 39 5 42 1 26 43 38
787  11 25 33 12 31 34 2 40 22 16 30 37 49 10 6 41 45 7 20 36 19 39 50 5 27 35 29 9 28 42 26 3 43
788  25 33 12 31 2 8 48 47 24 16 30 18 49 10 6 41 45 4 20 36 19 39 50 27 9 1 3
789  11 33 31 34 14 48 32 23 44 15 22 16 0 17 10 6 41 45 36 19 39 50 5 27 46 42 1 3 38
790  11 25 12 31 34 14 40 48 47 23 22 0 17 10 7 4 19 5 27 46 9 43
791  25 33 31 34 14 2 8 40 47 32 24 15 30 17 49 10 6 41 45 7 13 20 36 19 39 27 46 29 1 26
792  25 33 12 14 8 40 48 47 23 44 21 15 22 37 18 17 49 41 4 13 20 50 5 46 28 1 43 38
793  25 33 31 40 44 21 16 30 37 18 0 17 49 41 7 20 36 19 27 46 35 29 9 42 1 3
794  11 12 34 2 40 48 32 23 24 44 16 30 17 49 10 41 45 7 20 36 19 39 5 27 46 9 28 42 1 26 3 38
795  11 12 34 2 40 48 32 23 24 21 16 18 0 49 4 20 36 19 5 27 46 29 42 3 43 38
796  11 25 33 31 2 8 23 24 44 30 37 0 17 49 10 6 45 4 7 13 20 36 5 27 46 35 42 1 26 3 38
797  12 31 34 8 2 48 23 24 44 15 16 30 0 17 10 41 13 20 39 50 46 35 28 42 1 26 3 43 38
798  11 31 34 14 2 23 21 16 30 18 0 17 10 6 41 45 13 36 19 39 50 5 27 46 29 9 1 26 3 43 38
799  34 14 8 2 40 48 47 32 24 15 16 30 37 18 0 10 45 4 7 20 36 27 29 9
800  31 34 14 2 8 48 44 15 16 0 17 10 6 41 45 13 20 36 19 50 5 27 46 29 28 1 3 38
801  11 25 33 12 34 2 32 24 44 21 0 49 6 7 13 36 27 46 35 28 43
802  11 25 33 34 8 40 47 23 24 44 15 22 30 18 0 49 4 19 50 27 46 29 9 42 26 43
803  25 31 34 14 2 47 32 23 24 44 21 15 22 18 49 45 7 4 19 39 5 35 29 28 42 26 43 38
804  11 33 12 31 34 2 47 32 23 44 21 30 37 17 49 41 45 7 13 19 50 5 27 46 9 28 42 1 3 43
805  11 12 31 14 2 40 48 32 21 22 16 30 18 0 17 49 10 6 45 4 7 13 19 5 27 46 9 26 3 43
806  25 33 31 34 14 8 2 47 32 23 24 21 16 0 17 10 6 4 13 20 39 50 35 29 9 28 42 1 26 43 38
807  11 25 33 12 34 8 2 32 23 44 15 37 18 0 17 49 41 45 13 19 3 43 38
808  33 12 31 34 2 8 48 47 32 23 24 15 22 16 30 0 10 41 7 4 39 5 27 35 9 1 26 43 38
809  11 25 12 34 2 8 32 24 21 15 41 45 7 4 13 20 36 39 50 5 27 29 9 28 42 1 26 3 43
810  25 33 12 34 2 8 40 48 47 23 44 21 22 49 7 19 39 50 27 28 42 26
811  25 34 14 40 48 32 23 21 22 16 37 18 17 10 45 4 13 36 39 5 46 35 29 38
812  11 25 33 12 34 2 40 44 21 15 30 18 49 10 45 4 19 50 35 9 26 3 43 38
813  11 25 12 31 8 48 32 44 15 16 37 6 41 45 4 7 13 20 36 39 5 46 35 29 26 3
814  33 14 2 47 15 0 49 10 7 4 36 19 46 29 9 42 1 26 3 43 38
815  33 12 34 14 8 48 47 32 24 44 22 16 30 18 0 41 45 7 20 39 27 29 9 28 1 26 3 38
816  11 25 33 31 2 8 48 32 24 44 21 15 30 37 18 0 49 41 7 20 36 19 39 5 27 9 28 1 26 3 43
817  11 33 31 14 2 32 21 15 22 16 30 37 17 49 10 6 41 7 36 5 29 9 28 42 26 3 43
818  11 25 14 8 40 48 44 21 15 22 37 0 17 10 6 41 13 20 19 39 5 27 46 29 42 1 26 38
819  11 25 33 31 2 8 40 47 32 23 44 21 30 18 17 10 45 4 39 27 29 26 3 43 38
820  25 31 2 8 23 30 0 10 41 45 4 7 13 19 39 46 35 9 28 42 26
821  11 25 33 12 31 8 2 40 48 47 23 24 44 15 22 16 37 18 0 10 7 13 36 19 5 29 9 42 26 3 38
822  11 25 33 8 2 40 23 15 22 37 18 0 41 7 20 36 39 50 27 46 29 9 28 42 3
823  11 12 31 34 14 40 47 15 16 30 37 17 10 41 4 7 20 19 5 35 29 26 38
824  25 33 14 2 8 47 23 44 21 15 16 37 0 49 6 41 45 7 13 36 5 27 46 9 28 42 26 43 38
825  11 31 34 40 48 47 32 24 44 22 16 37 0 41 45 7 4 20 36 39 5 28 42 1 26 3 38
826  11 25 12 34 14 40 48 47 23 21 22 16 10 6 41 4 13 36 19 39 5 27 46 9 28 42 26 43
827  25 12 34 14 48 47 23 24 15 30 18 0 49 10 41 7 4 13 46 28 3 38
828  11 31 14 48 47 32 24 15 30 37 17 49 41 7 20 39 50 27 29 28 1 26 38
829  11 33 12 31 14 2 23 44 21 22 16 30 18 17 49 10 41 45 20 39 50 27 46 35 28 26 3 43
830  33 12 48 47 23 24 22 16 37 18 49 10 41 13 36 39 27 46 9 26 3 43 38
831  11 25 33 31 34 14 2 8 47 23 44 15 16 30 37 18 0 10 6 41 45 4 35 29 3 38
832  11 25 12 34 14 8 47 23 24 44 21 16 17 41 45 13 20 39 5 27 46 35 9 28 42 1 26 3
833  33 12 31 34 2 40 32 24 21 22 16 30 18 0 10 6 41 45 13 36 9 28 42 3 38
834  11 14 22 0 10 41 45 13 20 19 5 27 35 9 28 42 1 26 3 43 38
835  33 12 31 14 8 2 48 47 32 23 24 44 21 15 16 37 18 17 49 45 7 13 20 36 19 39 50 5 27 46 43
836  25 12 31 34 14 8 40 23 44 22 16 30 37 0 17 49 10 6 41 4 13 20 39 50 27 46 35 28 42 26 3
837  11 31 34 14 2 40 48 23 44 22 16 37 17 49 10 6 45 13 20 36 19 39 50 46 35 42 26 43
838  25 31 34 48 32 23 24 44 21 22 45 4 7 20 39 50 46 29 42 26 38
839  11 33 12 31 34 14 40 47 32 44 15 22 16 37 18 17 6 45 7 13 19 50 27 35 9 28 42 1 43 38
840  11 25 40 23 44 22 30 18 0 17 6 41 19 5 46 35 29 42 1 26 3 43 38
841  11 25 12 31 34 2 8 48 23 15 16 30 18 0 17 10 6 41 45 4 36 39 46 29 9 28 42 1 3 43 38
842  11 12 31 2 8 40 44 16 30 37 18 7 20 36 39 50 5 46 9 28 42 1
843  11 25 31 34 14 2 8 40 48 32 23 44 16 30 10 41 45 7 13 36 39 50 5 27 46 35 29 28
844  11 12 34 2 8 40 32 21 15 22 37 18 17 10 6 4 13 36 19 39 5 27 29 28 1 38
845  33 12 31 14 48 47 32 15 30 37 17 49 6 45 4 13 20 36 19 39 50 5 46 35 29 9 42 3
846  33 12 8 2 48 32 23 44 21 22 16 30 37 18 0 10 6 41 45 7 36 19 39 5 27 29 28 42 1 3 43 38
847  31 34 14 40 47 21 15 37 0 10 41 45 4 20 19 50 5 27 29 9 28 42 1 26
848  11 25 34 14 40 47 32 23 24 44 22 16 30 17 6 7 19 5 27 29 9 42 3 43 38
849  11 25 33 31 34 8 2 40 48 23 24 44 21 15 16 30 37 49 10 41 45 4 36 39 50 5 35 9 28 1 26 3 43
850  25 33 12 34 8 47 32 44 21 15 30 37 18 0 49 10 41 45 7 39 50 27 35 28 26 3 38
851  33 12 31 14 48 47 32 23 24 44 21 30 37 18 6 45 13 20 19 50 5 27 46 35 9 28
852  11 25 33 31 34 8 47 32 23 44 21 15 37 18 17 49 10 41 45 13 20 27 29 1 26 3 43
853  25 33 14 8 40 32 23 24 44 21 15 22 16 10 6 45 7 13 19 50 35 38
854  34 14 32 44 30 37 18 17 49 10 6 45 4 5 28 38
855  11 12 2 8 47 23 44 22 16 37 18 10 6 13 19 5 27 29 28 42 1 26
856  25 12 32 23 44 21 15 22 37 18 49 10 41 45 20 36 39 35 9 42 1 26 43 38
857  11 31 34 14 2 8 40 32 23 24 21 16 30 18 10 6 45 7 4 13 20 39 50 5 46 35 9 1 26 43 38
858  11 33 14 2 40 44 21 15 22 16 18 0 49 10 45 20 36 19 5 27 46 29 42 26 3 38
859  25 12 31 34 14 32 44 16 30 6 45 7 20 36 39 5 27 9 28 26
860  25 31 2 48 32 23 24 21 37 10 6 41 45 4 13 36 19 39 50 5 35 26
861  14 40 47 23 24 44 21 22 16 30 18 17 49 10 6 41 36 19 50 27 29 28 43
862  12 34 2 8 48 47 23 24 44 21 15 16 30 0 17 6 45 7 19 39 5 35 9 28 1 26 43
863  11 25 34 14 40 48 47 23 15 30 37 18 0 17 10 41 4 20 5 27 46 35 28 42 1 26 3 38
864  11 33 12 8 40 48 47 24 21 15 16 18 0 17 49 45 20 19 5 27 35 9 28 42 43
865  25 12 31 14 40 23 44 21 15 18 6 45 4 13 20 36 27 35 29 28 1 3 43
866  11 25 12 31 34 14 8 48 47 24 21 15 22 16 30 0 17 6 41 20 36 50 5 27 46 35 29 9 42 1 26 3
867  25 12 34 14 2 8 47 23 24 21 30 0 41 4 5 46 35 9 28 42 26 43 38
868  25 33 12 34 2 8 40 48 32 23 24 44 22 37 17 49 10 6 41 45 36 19 50 5 46 35 42 26 43 38
869  11 25 12 14 2 48 47 32 24 21 17 10 41 45 7 20 36 50 5 27 46 35 28 42 26 3 38
870  11 25 33 14 2 8 40 48 23 44 21 15 30 37 49 20 36 19 39 5 9 42
871  25 33 31 14 2 40 47 23 44 15 22 16 37 18 17 49 10 6 45 4 36 19 27 46 29 9 42 1 26 3 38
872  33 31 34 2 40 32 23 44 21 22 37 0 17 10 41 7 39 50 5 27 35 9 42 1
873  11 25 33 31 44 15 22 16 37 18 10 6 41 7 4 13 20 19 50 27 46 35 29 9 28 1
874  11 25 34 14 2 48 24 15 37 10 6 41 4 13 39 50 35 28 1 43
875  11 12 31 14 40 48 23 24 21 22 30 18 0 49 10 4 7 13 20 36 19 50 27 46 9 28 42 1 3 43 38
876  25 14 40 23 44 21 15 22 16 0 4 20 36 50 5 27 46 29 42 43
877  11 25 33 31 14 8 40 48 47 32 24 44 21 15 22 16 30 49 10 6 41 45 4 20 36 50 29 28 42 1 3 43
878  25 12 14 2 40 47 32 23 44 21 15 22 37 18 49 10 45 7 27 35 9 28 42 3 38
879  31 14 2 8 48 47 23 16 30 37 6 7 4 19 39 27 46 9 28 26 43 38
880  33 8 40 48 32 44 16 37 18 0 17 49 10 6 36 19 39 50 5 27 46 29 9 28 38
881  11 25 33 12 8 40 47 44 22 30 37 18 0 10 41 45 4 7 13 36 39 50 1 26 38
882  25 14 40 47 24 16 37 18 49 6 41 45 4 20 36 46 35 9 43
883  25 33 34 14 8 2 40 48 47 22 16 30 0 17 49 10 45 36 19 39 50 27 29 28 42 26 3 38
884  25 12 34 14 40 48 32 23 44 15 22 16 18 17 49 10 6 45 13 20 19 39 50 5 27 46 35 29 1 3 38
885  25 33 14 2 8 32 24 15 30 37 0 10 6 41 45 7 4 36 19 39 5 27 46 29 28 42 26 3 38
886  11 34 14 8 2 40 48 47 32 24 15 16 30 0 49 6 45 4 7 13 20 36 19 39 50 35 29 28 1 38
887  11 12 14 2 48 24 15 16 30 0 17 45 7 20 36 39 5 27 29 28 26 3 43
888  25 12 31 47 24 44 21 16 17 10 45 7 4 13 20 19 39 46 35 29 42 26 3 43
889  11 25 33 12 31 34 14 40 48 24 22 16 0 49 6 41 45 4 19 39 50 5 35 29 1 26 3
890  25 34 14 8 48 47 32 23 44 30 37 18 49 10 4 7 36 39 27 46 9 28 38
891  11 25 33 12 31 34 14 8 40 48 32 44 21 22 16 37 18 0 17 49 10 6 45 4 7 13 20 36 19 39 50 35 9 42 26
892  25 33 12 14 2 24 44 21 15 30 37 18 0 17 10 45 7 4 13 36 39 50 5 29 9 1 26 43
893  11 25 33 12 34 8 2 47 32 23 24 22 16 30 37 18 0 49 10 45 4 7 13 36 27 46 35 9 28 42 1 26 3
894  25 12 31 2 47 23 44 21 16 30 37 0 6 41 7 20 36 19 39 50 27 42 1 3 43
895  11 33 14 2 8 40 47 32 24 44 15 16 30 37 6 4 7 20 36 19 39 5 35 9 42 26 3 43
896  11 25 33 31 48 23 24 15 22 30 37 18 17 45 13 20 36 39 50 5 27 35 29 9 1 26 3 38
897  25 33 31 34 2 8 40 23 24 21 15 30 0 45 19 50 27 29 9 28 1 26
898  31 34 8 22 16 18 0 10 6 45 4 20 36 46 29 9 42 1 26 43 38
899  25 33 12 31 34 8 40 48 47 23 44 21 15 22 16 30 17 6 41 45 4 20 36 19 50 46 29 9 1 26 38
900  11 33 12 31 2 40 48 47 44 22 16 37 18 6 45 4 7 13 20 5 27 46 29 9 28 1 3 43 38
901  11 25 14 8 40 24 44 16 30 18 10 41 45 4 13 20 36 39 5 35 9 28 3 38
902  33 12 34 8 47 23 44 21 15 16 30 45 4 13 36 27 35 29 3 43 38
903  12 34 2 8 40 48 32 15 16 30 18 0 17 4 20 36 39 50 5 27 35 29 28 26 43
904  11 31 14 8 40 47 44 21 16 30 0 45 4 13 20 36 19 39 50 35 29 9 28 42 1 43 38
905  33 12 34 14 8 40 47 32 23 24 44 22 16 49 41 45 4 20 5 46 35 9 28 42 1 3 38
906  25 33 12 34 14 40 24 44 15 16 37 0 17 10 6 45 4 13 20 39 27 46 35 1
907  33 34 14 2 48 47 44 17 49 41 4 13 36 19 5 46 35 29 9 42 1 26 3 43 38
908  11 33 34 2 40 48 47 23 44 21 15 49 45 4 7 27 46 9 42 1 3 43
909  33 31 14 2 8 48 47 23 24 44 21 15 22 16 37 17 41 7 4 13 50 27 46 9 28 1 38
910  25 33 34 8 2 40 47 32 23 24 15 30 18 49 4 7 13 20 5 35 29 9 1 3 43 38
911  33 14 8 40 47 23 24 30 18 0 6 45 20 36 5 27 9 28 1 38
912  33 12 8 40 48 23 24 21 22 30 0 49 10 6 41 36 50 5 29 28 26 38
913  25 33 31 47 23 22 16 30 37 17 49 10 6 41 45 4 7 13 20 36 19 39 50 5 27 46 35 26
914  11 33 34 14 2 40 48 47 32 24 21 15 22 16 30 18 49 10 45 4 7 13 20 36 39 50 46 9 28 3 43 38
915  25 33 12 34 2 8 48 32 23 24 44 21 30 37 0 10 45 13 39 5 27 35 29 28 42 1 3
916  25 34 2 40 48 47 23 21 30 37 45 36 19 39 27 35 28 42
917  25 33 12 31 14 8 23 21 22 16 30 18 0 17 49 10 6 41 4 20 36 5 27 35 28 1 43 38
918  11 33 12 31 34 8 40 47 23 44 22 16 30 37 18 10 45 4 13 20 39 50 27 9 28 42 3 43
919  34 2 40 32 23 44 21 15 16 0 49 10 6 45 36 19 39 50 5 46 35 29 9 28 42 1 26 43
920  11 31 34 47 32 23 44 21 15 16 37 0 6 7 4 36 50 5 27 35 29 28 26 3 38
921  25 31 34 2 47 32 24 30 37 18 49 10 7 4 20 19 50 5 27 46 35 28 1 43 38
922  11 25 33 12 2 40 48 47 32 21 15 22 37 18 49 10 7 4 13 19 39 50 5 27 35 9 42 1 38
923  11 31 14 47 32 44 21 15 30 37 17 10 41 7 4 13 36 5 27 46 29 9 42 3 43
924  25 33 34 14 2 40 47 23 24 21 22 16 0 17 49 10 6 41 45 4 7 13 20 36 19 39 50 5 46 29 28
925  25 8 40 47 32 21 15 37 18 13 20 36 19 50 27 35 29 9 42 43
926  11 25 31 34 48 47 32 23 24 15 30 18 0 17 6 41 4 7 20 36 19 50 5 27 46 35 9 42 3 38
927  11 33 31 34 14 2 48 47 32 23 44 21 15 22 16 30 37 18 0 49 6 41 45 7 13 19 39 27 35 1 26 3 38
928  25 33 2 8 48 32 44 15 22 30 37 18 0 17 10 45 7 4 36 29 9 28 42 1 26 3 43
929  25 31 2 40 48 47 23 30 17 49 10 6 20 36 19 39 27 35 29 42 1
930  11 25 34 14 8 2 47 32 44 21 22 37 17 49 41 45 19 39 5 35 9 42 38
931  31 34 14 2 47 32 23 24 21 22 30 37 18 0 10 6 4 5 27 35 29 9 28 42 26
932  11 25 12 34 14 8 40 23 24 15 16 18 41 7 13 19 39 50 5 35 29 9 28 42 26 3 43
933  25 12 14 8 48 47 23 44 21 22 0 10 6 45 7 19 50 5 27 35 29 3 43 38
934  11 25 12 31 8 2 40 47 23 44 16 37 18 0 49 10 7 4 36 50 27 35 29 42 1 26 3 43 38
935  11 25 34 8 40 32 24 21 15 37 18 0 49 10 6 7 4 13 36 27 46 29 28 1 26 3
936  25 33 34 14 2 8 40 48 47 23 22 30 18 17 6 41 4 13 19 5 27 46 28 42 26 3 38
937  11 25 34 14 8 2 40 48 47 32 23 24 21 22 16 30 0 49 10 6 4 7 36 39 46 35 29 9 28 1 26 3 38
938  33 34 48 32 24 21 15 16 37 17 49 6 41 7 13 20 36 39 50 35 29 42 1 26 3 43 38
939  11 31 14 2 8 40 48 32 21 30 0 17 49 41 45 7 20 19 5 46 35 29 9 42 1 26 43 38
940  25 12 31 14 47 32 23 24 15 16 18 17 6 41 4 13 36 39 50 5 27 9 26 43
941  11 25 34 40 48 32 24 15 16 30 37 18 0 17 10 6 41 45 4 7 13 19 50 27 35 28 42 1 26 3 43
942  33 12 14 8 47 24 44 22 37 49 10 6 41 45 7 20 36 19 46 29 9 28 1 26 43
943  11 8 40 48 32 15 16 18 0 49 10 6 41 45 7 4 13 36 19 50 29 26 43
944  11 25 33 34 2 48 32 23 44 21 37 18 17 10 41 45 4 7 13 19 5 27 46 35 42 26 3 43 38
945  25 12 31 34 2 8 48 32 23 44 15 22 30 18 17 6 41 13 20 27 35 9 28 43 38
946  11 33 31 34 2 40 47 44 16 18 0 49 41 45 13 36 19 5 27 46 35 29 28 26 43 38
947  12 34 14 2 48 47 23 44 30 37 18 17 49 10 45 7 4 20 5 46 29 1 3
948  25 12 8 40 47 32 23 15 22 16 18 10 41 45 20 19 5 46 29 28 26 43 38
949  11 33 12 34 8 47 44 15 22 16 37 18 17 6 45 7 13 19 5 27 46 35 28 42 43
950  11 25 33 40 48 23 24 44 21 22 0 17 10 45 13 19 39 50 27 46 35 29 42 26 3 43 38
951  25 12 34 14 2 32 24 15 22 37 18 17 10 6 41 4 13 36 39 35 29 42 3 43 38
952  25 12 34 8 2 48 23 44 15 22 18 10 6 4 13 36 39 50 5 27 35 29 9 28 42 1 26 43
953  25 33 31 14 2 40 48 24 44 15 22 18 0 17 49 6 41 7 4 13 36 19 50 35 9 28 42 3 38
954  25 14 8 48 21 15 16 18 0 10 6 7 50 5 27 46 35 28 42 26 3 43
955  11 12 14 8 48 32 23 24 44 15 30 18 0 17 49 6 45 13 50 5 27 46 35 29 9 28 3 43
956  11 25 31 34 40 47 23 15 22 16 0 17 49 10 41 7 13 20 36 19 39 50 27 1 26 3
957  11 31 8 48 24 44 21 22 30 37 6 41 36 50 5 35 29 42 1 26 38
958  11 33 12 8 2 48 32 44 21 22 30 18 0 17 10 45 4 13 20 19 50 5 35 29 9 28 1 26 3
959  12 31 14 8 23 24 21 15 37 17 49 45 13 36 39 9 28 42 1 26 3 43 38
960  25 12 40 48 44 21 16 37 18 0 17 45 13 36 19 39 50 5 27 35 26 3 43 38
961  12 14 2 8 40 48 47 32 24 21 16 17 49 10 6 41 45 13 20 36 19 50 27 46 29 9 1
962  11 33 34 48 47 32 23 16 37 18 41 4 13 36 5 27 29 9 42 1 26 43
963  8 40 15 22 16 18 0 6 4 7 13 39 5 29 28 42 1 26 3 43
964  12 34 2 47 32 23 21 22 16 37 17 49 6 41 45 4 27 46 9 28 26 3 43 38
965  11 25 33 31 34 14 8 47 23 24 44 15 18 0 17 45 7 4 13 20 36 19 50 27 46 9 42 1 26 43 38
966  25 33 31 14 2 8 48 23 24 44 15 22 30 18 0 6 41 13 36 39 46 35 29 9 43
967  11 25 12 31 14 40 48 23 24 44 15 37 17 49 6 45 4 7 20 36 19 50 5 35 29 26
968  33 12 34 14 8 40 48 47 32 24 21 22 0 49 10 45 7 13 36 5 27 46 35 9 42 1 3
969  12 34 14 2 8 22 16 18 0 17 49 6 7 4 13 20 36 29 9 28 42 43 38
970  25 33 12 31 34 8 2 23 24 22 37 18 0 17 41 7 13 19 39 50 46 29 28 1 26 43 38
971  33 12 8 2 32 23 44 21 15 22 16 30 37 0 10 6 41 45 4 20 36 39 5 27 46 35 29 9 28 1 3
972  11 34 2 40 48 23 15 16 17 10 41 45 7 13 36 19 50 27 46 35 29 9 1 3 43 38
973  11 25 33 14 2 40 48 47 32 21 15 30 18 0 49 10 6 45 7 20 19 39 50 27 28 42 1 3 38
974  33 12 14 8 32 23 21 37 18 17 49 10 45 7 4 36 19 39 50 27 35 28 42 1 26 38
975  34 14 8 48 47 32 23 24 44 21 22 37 49 6 41 7 13 50 5 46 29 42 1 3
976  25 31 14 2 40 48 47 32 44 16 30 37 18 17 49 6 4 13 36 39 27 35 29 28
977  11 25 33 12 2 48 23 24 22 37 17 10 6 13 20 19 39 50 5 27 29 28 26 3 43 38
978  11 12 31 34 2 48 47 32 24 44 21 16 18 6 41 4 13 20 36 19 39 50 5 27 29 9 28 1 3
979  25 31 34 14 8 40 48 47 24 44 15 22 0 49 6 36 27 46 35 9 28 42 3 43
980  11 33 12 14 2 48 47 32 23 24 21 22 16 30 41 19 50 5 27 46 29 9 28 42 1 26 43
981  11 25 12 31 47 44 21 15 16 37 18 0 17 6 4 36 19 39 50 5 46 35 29 9 42 1 3 38
982  25 31 40 47 44 21 22 49 6 41 7 13 20 19 39 27 46 35 29 9 28 42 38
983  11 25 12 31 34 14 2 8 47 24 15 37 0 17 6 4 13 20 36 50 29 9 42
984  12 31 14 2 8 40 48 32 24 44 21 15 16 30 0 17 49 10 41 45 4 20 39 5 28 42 1 43 38
985  33 31 8 47 32 24 15 22 16 18 17 6 7 4 36 39 27 46 9 28 42 1
986  33 34 8 40 23 21 22 37 18 17 10 41 45 7 4 13 50 5 46 42 26 43 38
987  12 34 14 8 47 32 23 24 44 21 15 0 17 6 45 4 7 19 50 35 9 28 1 3 43
988  33 31 2 40 48 32 24 21 30 37 0 10 41 4 13 36 50 35 9 28 26 3 43
989  11 33 31 14 2 40 48 44 21 30 37 17 41 7 20 39 27 46 29 9 42 26 3 43 38
990  11 34 14 8 2 32 23 24 21 15 16 0 10 6 41 45 20 36 19 50 27 46 29 1 26 3 43
991  11 33 34 14 2 40 47 23 16 37 18 0 6 45 4 13 20 36 19 39 5 46 29 28 1 26
992  11 25 12 31 34 14 8 40 48 32 21 15 16 37 18 17 49 45 4 7 50 5 35 29 28 42 1 3 43 38
993  11 33 12 31 34 14 47 32 23 44 15 30 6 45 4 36 19 39 50 27 46 35 29 9 28 42 26
994  33 31 34 40 48 47 23 24 21 16 30 37 17 49 10 45 4 7 13 20 19 50 46 35 29 9 28 26 43 38
995  11 33 31 47 32 23 44 21 22 30 0 17 41 45 4 36 19 35 29 42 1 43 38
996  33 12 31 14 2 8 40 47 23 21 30 37 0 49 10 6 41 36 19 39 50 5 9 28 26 43 38
997  11 25 33 12 2 40 23 24 44 21 15 22 18 17 41 19 39 50 46 29 1
998  11 25 34 2 40 48 47 24 21 15 30 0 17 10 45 4 36 39 50 5 27 29 28 26 3 38
999  11 25 34 2 8 47 32 24 21 16 30 37 18 0 17 10 6 41 45 4 13 20 5 27 35 42 1 3 43
