0 0.0 0.0 15284 1.0 54
1 0.0 0.0 17427 0.0 30
2 0.0 0.0 15410 1.0 49
3 0.0 0.0 7916 0.0 7
4 0.0 0.0 9258 1.0 36
5 0.0 0.0 15035 0.0 52
6 0.0 0.0 5992 1.0 66
7 0.0 0.0 643 0.0 13
8 0.0 0.0 9913 0.0 1
9 0.0 0.0 19870 1.0 36
10 0.0 0.0 10805 0.0 44
11 0.0 0.0 2281 0.0 33
12 0.0 0.0 8930 1.0 27
13 0.0 0.0 14998 0.0 100
14 0.0 0.0 5771 0.0 59
15 0.0 0.0 7988 0.0 41
16 0.0 0.0 8984 0.0 42
17 0.0 0.0 5586 1.0 20
18 0.0 0.0 17843 0.0 57
19 0.0 0.0 9692 1.0 52
20 0.0 0.0 16093 1.0 70
21 0.0 0.0 2286 0.0 29
22 0.0 0.0 16144 0.0 43
23 0.0 0.0 11290 0.0 40
24 0.0 0.0 13723 0.0 33
25 0.0 0.0 20010 1.0 39
26 0.0 0.0 9586 1.0 59
27 0.0 0.0 990 0.0 32
28 0.0 0.0 8109 1.0 49
29 0.0 0.0 1764 0.0 47
30 0.0 0.0 6024 0.0 79
31 0.0 0.0 8728 0.0 58
32 0.0 0.0 2258 0.0 33
33 0.0 0.0 6341 1.0 46
34 0.0 0.0 13907 0.0 44
35 0.0 0.0 13382 1.0 31
36 0.0 0.0 6070 1.0 36
37 0.0 0.0 7331 0.0 47
38 0.0 0.0 7327 0.0 21
39 0.0 0.0 1851 1.0 55
40 0.0 0.0 13749 1.0 55
41 0.0 0.0 17076 0.0 41
42 0.0 0.0 3357 1.0 45
43 0.0 0.0 10863 1.0 48
44 0.0 0.0 7126 0.0 64
45 0.0 0.0 16226 1.0 23
46 0.0 0.0 11353 0.0 66
47 0.0 0.0 734 1.0 44
48 0.0 0.0 11583 1.0 37
49 0.0 0.0 1920 1.0 14
