0 0.0 0.0 13933 1.0 81
1 0.0 0.0 14325 1.0 30
2 0.0 0.0 16536 1.0 64
3 0.0 0.0 3305 1.0 79
4 0.0 0.0 11151 0.0 65
5 0.0 0.0 5202 0.0 68
6 0.0 0.0 4936 1.0 46
7 0.0 0.0 8702 1.0 70
8 0.0 0.0 5908 0.0 69
9 0.0 0.0 4173 0.0 42
10 0.0 0.0 10897 0.0 53
11 0.0 0.0 15635 1.0 88
12 0.0 0.0 11230 0.0 41
13 0.0 0.0 789 1.0 40
14 0.0 0.0 8933 0.0 72
15 0.0 0.0 4198 0.0 54
16 0.0 0.0 13539 0.0 71
17 0.0 0.0 8286 0.0 64
18 0.0 0.0 991 1.0 42
19 0.0 0.0 8981 0.0 68
20 0.0 0.0 20023 1.0 100
21 0.0 0.0 5340 0.0 86
22 0.0 0.0 17117 1.0 67
23 0.0 0.0 2118 0.0 56
24 0.0 0.0 1249 1.0 69
25 0.0 0.0 10541 1.0 44
26 0.0 0.0 9067 0.0 20
27 0.0 0.0 17232 1.0 83
28 0.0 0.0 16224 0.0 60
29 0.0 0.0 19946 1.0 36
30 0.0 0.0 16874 0.0 57
31 0.0 0.0 12348 1.0 5
32 0.0 0.0 10709 1.0 83
33 0.0 0.0 754 1.0 41
34 0.0 0.0 4977 1.0 40
35 0.0 0.0 15626 1.0 53
36 0.0 0.0 13021 1.0 34
37 0.0 0.0 9014 0.0 42
38 0.0 0.0 19203 0.0 78
39 0.0 0.0 15219 0.0 62
40 0.0 0.0 1946 1.0 80
41 0.0 0.0 8126 1.0 42
42 0.0 0.0 10915 1.0 46
43 0.0 0.0 3623 1.0 11
44 0.0 0.0 8790 1.0 46
45 0.0 0.0 15864 1.0 49
46 0.0 0.0 6879 0.0 56
47 0.0 0.0 1273 0.0 31
48 0.0 0.0 11798 1.0 40
49 0.0 0.0 14091 0.0 1
