0 0.0 0.0 2222 0.0 82
1 0.0 0.0 18811 1.0 82
2 0.0 0.0 3371 1.0 28
3 0.0 0.0 9707 0.0 14
4 0.0 0.0 10824 1.0 51
5 0.0 0.0 6489 1.0 57
6 0.0 0.0 1044 0.0 39
7 0.0 0.0 8093 0.0 3
8 0.0 0.0 12522 1.0 5
9 0.0 0.0 4113 0.0 68
10 0.0 0.0 1770 0.0 22
11 0.0 0.0 13112 0.0 69
12 0.0 0.0 5633 1.0 59
13 0.0 0.0 16364 0.0 34
14 0.0 0.0 7312 0.0 28
15 0.0 0.0 6828 1.0 56
16 0.0 0.0 13350 0.0 17
17 0.0 0.0 6742 0.0 62
18 0.0 0.0 4423 1.0 76
19 0.0 0.0 1334 1.0 35
20 0.0 0.0 19070 0.0 67
21 0.0 0.0 15141 1.0 79
22 0.0 0.0 6343 1.0 29
23 0.0 0.0 7042 1.0 36
24 0.0 0.0 20258 1.0 20
25 0.0 0.0 11796 1.0 77
26 0.0 0.0 16401 0.0 50
27 0.0 0.0 1519 0.0 31
28 0.0 0.0 9055 1.0 12
29 0.0 0.0 15497 0.0 34
30 0.0 0.0 11743 0.0 42
31 0.0 0.0 13703 1.0 43
32 0.0 0.0 14639 0.0 74
33 0.0 0.0 4755 0.0 45
34 0.0 0.0 19183 1.0 100
35 0.0 0.0 16036 0.0 7
36 0.0 0.0 3722 0.0 38
37 0.0 0.0 2804 0.0 86
38 0.0 0.0 7760 0.0 28
39 0.0 0.0 10950 0.0 67
40 0.0 0.0 19888 0.0 28
41 0.0 0.0 2928 1.0 38
42 0.0 0.0 13607 1.0 61
43 0.0 0.0 14346 0.0 36
44 0.0 0.0 13392 1.0 1
45 0.0 0.0 11389 1.0 60
46 0.0 0.0 5660 0.0 42
47 0.0 0.0 9855 1.0 38
48 0.0 0.0 7282 0.0 83
49 0.0 0.0 17309 1.0 63
