0 0.0 0.0 2255 1.0 40
1 0.0 0.0 18669 1.0 50
2 0.0 0.0 8670 1.0 14
3 0.0 0.0 12287 0.0 45
4 0.0 0.0 17460 0.0 11
5 0.0 0.0 142 0.0 26
6 0.0 0.0 16390 1.0 29
7 0.0 0.0 16823 1.0 21
8 0.0 0.0 9377 1.0 46
9 0.0 0.0 20145 1.0 16
10 0.0 0.0 7908 0.0 1
11 0.0 0.0 10397 1.0 33
12 0.0 0.0 13570 1.0 40
13 0.0 0.0 3680 1.0 25
14 0.0 0.0 10462 1.0 44
15 0.0 0.0 94 1.0 22
16 0.0 0.0 2777 1.0 35
17 0.0 0.0 6520 0.0 21
18 0.0 0.0 6321 0.0 34
19 0.0 0.0 17068 1.0 100
20 0.0 0.0 9907 0.0 27
21 0.0 0.0 4869 0.0 20
22 0.0 0.0 17736 0.0 43
23 0.0 0.0 4088 0.0 34
24 0.0 0.0 12055 0.0 16
25 0.0 0.0 15828 0.0 68
26 0.0 0.0 15838 0.0 26
27 0.0 0.0 8992 1.0 54
28 0.0 0.0 3740 0.0 4
29 0.0 0.0 399 1.0 49
30 0.0 0.0 2181 0.0 35
31 0.0 0.0 3647 1.0 33
32 0.0 0.0 7032 1.0 36
33 0.0 0.0 18604 0.0 22
34 0.0 0.0 8355 1.0 7
35 0.0 0.0 14173 0.0 65
36 0.0 0.0 2997 1.0 41
37 0.0 0.0 18225 1.0 57
38 0.0 0.0 15020 1.0 25
39 0.0 0.0 12064 0.0 64
40 0.0 0.0 3265 0.0 66
41 0.0 0.0 10060 1.0 39
42 0.0 0.0 12894 0.0 20
43 0.0 0.0 8998 0.0 30
44 0.0 0.0 16747 1.0 34
45 0.0 0.0 359 0.0 56
46 0.0 0.0 10995 1.0 26
47 0.0 0.0 15278 0.0 9
48 0.0 0.0 1300 0.0 36
49 0.0 0.0 8854 1.0 24
