0 0.0 0.0 18487 0.0 38
1 0.0 0.0 9109 1.0 6
2 0.0 0.0 1257 1.0 53
3 0.0 0.0 8094 0.0 44
4 0.0 0.0 10845 1.0 80
5 0.0 0.0 17968 0.0 49
6 0.0 0.0 15554 0.0 62
7 0.0 0.0 1901 0.0 26
8 0.0 0.0 15159 1.0 56
9 0.0 0.0 9321 1.0 70
10 0.0 0.0 8477 1.0 11
11 0.0 0.0 9086 0.0 86
12 0.0 0.0 19712 0.0 35
13 0.0 0.0 10425 0.0 35
14 0.0 0.0 15261 1.0 97
15 0.0 0.0 8103 0.0 71
16 0.0 0.0 20153 0.0 54
17 0.0 0.0 13729 1.0 58
18 0.0 0.0 10453 0.0 1
19 0.0 0.0 1796 0.0 82
20 0.0 0.0 7977 1.0 80
21 0.0 0.0 18042 1.0 7
22 0.0 0.0 18781 1.0 21
23 0.0 0.0 10059 0.0 44
24 0.0 0.0 3082 1.0 70
25 0.0 0.0 19163 1.0 18
26 0.0 0.0 16213 0.0 97
27 0.0 0.0 16170 1.0 46
28 0.0 0.0 11185 1.0 64
29 0.0 0.0 18904 0.0 70
30 0.0 0.0 1804 1.0 41
31 0.0 0.0 3657 1.0 67
32 0.0 0.0 18517 1.0 78
33 0.0 0.0 13297 0.0 57
34 0.0 0.0 8511 0.0 11
35 0.0 0.0 9698 0.0 10
36 0.0 0.0 5388 0.0 72
37 0.0 0.0 11816 1.0 94
38 0.0 0.0 280 1.0 80
39 0.0 0.0 4361 0.0 66
40 0.0 0.0 9859 1.0 14
41 0.0 0.0 10052 0.0 43
42 0.0 0.0 11517 0.0 5
43 0.0 0.0 19711 0.0 42
44 0.0 0.0 7293 0.0 57
45 0.0 0.0 16232 0.0 47
46 0.0 0.0 1054 0.0 25
47 0.0 0.0 18126 1.0 75
48 0.0 0.0 14379 1.0 54
49 0.0 0.0 5191 1.0 89
