0 10.9018372 44.6414188 4202 1.0 68
1 10.9019074 44.6413852 4199 0.0 29
2 10.9018908 44.6415087 4240 1.0 33
3 10.9017242 44.6414042 4241 1.0 72
4 10.9019855 44.6414585 4200 1.0 72
5 10.9016521 44.641394 4175 1.0 52
6 10.9019585 44.6415833 13620 1.0 96
7 10.9020415 44.6413218 4201 1.0 25
8 10.9020589 44.6415342 4277 1.0 48
9 10.9021137 44.6413978 4206 1.0 68
10 10.9016922 44.6411558 2831 1.0 43
11 10.901623 44.6416364 4195 1.0 70
12 10.9016933 44.6417131 10017 1.0 88
13 10.9018168 44.6410852 4205 1.0 25
14 10.9021788 44.6414756 4271 1.0 23
15 10.9020803 44.6417119 4279 1.0 75
16 10.9021741 44.6412247 4207 1.0 98
17 10.9022836 44.6417661 4277 0.0 31
18 10.9024902 44.6417943 4271 0.0 99
19 10.9025879 44.6412756 4272 1.0 55
20 10.9010555 44.6414555 4223 1.0 54
21 10.9026561 44.6411343 8790 1.0 75
22 10.9009533 44.6413016 4226 1.0 26
23 10.9027729 44.6415266 18761 1.0 61
24 10.9008578 44.6415282 4222 0.0 15
25 10.9023281 44.6422978 13621 1.0 70
26 10.9010894 44.6421037 13619 1.0 59
27 10.9007399 44.6413761 4222 1.0 17
28 10.9009421 44.6420576 4194 1.0 22
29 10.9021101 44.6425663 71 1.0 83
30 10.9019489 44.6427356 13634 1.0 60
31 10.900669 44.6420552 1585 1.0 82
32 10.9016396 44.6427573 13629 1.0 34
33 10.9005517 44.6418933 3726 1.0 43
34 10.9023033 44.6427762 71 0.0 83
35 10.9024931 44.6427593 73 1.0 14
36 10.9021916 44.6428837 72 1.0 67
37 10.9033112 44.640951 9907 1.0 13
38 10.9033755 44.6411911 18760 1.0 16
39 10.9005668 44.6423275 13618 1.0 98
40 10.9002806 44.6415494 4176 1.0 61
41 10.9018612 44.6430321 4628 1.0 96
42 10.9029795 44.6402122 3000 1.0 64
43 10.9004086 44.6423875 4259 1.0 74
44 10.9003551 44.6423184 1586 1.0 21
45 10.9034652 44.6406122 3001 1.0 86
46 10.9009245 44.6398466 4248 1.0 7
47 10.903145 44.640155 2998 0.0 58
48 10.9000354 44.6418222 4211 1.0 68
49 10.9021526 44.639576 9614 0.0 68
