0 10.9332362 44.6435809 1060 1.0 45
1 10.9332058 44.6435393 1054 1.0 95
2 10.9331611 44.6434805 1047 1.0 56
3 10.9335664 44.6433924 1049 1.0 52
4 10.9335295 44.6433342 1043 1.0 93
5 10.933596 44.6434442 1053 1.0 37
6 10.9329586 44.6432728 1037 1.0 20
7 10.9333751 44.6431448 1039 1.0 20
8 10.9333441 44.6431143 1037 0.0 71
9 10.9329164 44.6432197 1040 1.0 98
10 10.9336962 44.6433104 1048 1.0 5
11 10.9327252 44.6437751 1711 1.0 65
12 10.9337612 44.6433814 1059 1.0 31
13 10.9326958 44.6437398 5658 1.0 53
14 10.9335453 44.6430796 1041 1.0 23
15 10.9335153 44.643047 1038 1.0 79
16 10.9326422 44.6436866 2097 1.0 38
17 10.933651 44.6440912 952 1.0 60
18 10.9339035 44.6433174 7126 1.0 57
19 10.9331219 44.6443222 1711 0.0 26
20 10.9324515 44.6434496 1058 1.0 90
21 10.933219 44.6427537 16512 1.0 47
22 10.9324237 44.6434156 1044 1.0 44
23 10.9331654 44.6426907 15166 1.0 72
24 10.9342052 44.6438639 954 1.0 28
25 10.9329966 44.6424898 15165 1.0 11
26 10.9335993 44.6424828 18564 0.0 52
27 10.9324917 44.6426946 1046 1.0 52
28 10.9328871 44.6423627 15167 1.0 62
29 10.9320336 44.6440369 947 1.0 20
30 10.9320104 44.6440093 2095 1.0 75
31 10.9335281 44.6448581 926 1.0 28
32 10.9319747 44.6439715 1074 1.0 3
33 10.9340885 44.644637 931 1.0 1
34 10.9332639 44.6421844 18666 0.0 66
35 10.931925 44.6440786 1080 1.0 55
36 10.9320094 44.6428959 1057 1.0 58
37 10.9319015 44.644051 1079 1.0 1
38 10.9318346 44.6437827 2096 1.0 24
39 10.9318453 44.6439848 1071 1.0 5
40 10.93177 44.6437505 1042 1.0 97
41 10.9317742 44.6438026 1068 1.0 93
42 10.9317373 44.6437243 1062 1.0 38
43 10.9317071 44.6436934 1056 1.0 20
44 10.9316894 44.643769 1064 1.0 91
45 10.932894 44.6451263 944 0.0 13
46 10.931644 44.6437113 1061 1.0 57
47 10.9327647 44.6451747 942 1.0 32
48 10.9346953 44.644404 936 1.0 39
49 10.9347512 44.6428425 2126 1.0 16
