0 49 43 29 33 19 45 17 7 25 47 5 3 21 13 41 23 11 9 27 
1 23 27 45 17 33 49 9 5 19 13 47 41 7 21 43 11 3 29 
2 13 3 45 23 47 43 19 9 41 5 27 35 39 17 37 11 29 31 7 
3 13 17 7 23 19 45 47 43 35 25 29 37 31 27 39 3 
4 47 13 37 25 15 35 7 29 39 23 1 43 33 31 49 17 27 19 21 3 45 
5 21 39 5 47 35 3 23 33 41 45 19 15 25 1 27 49 
6 25 15 5 27 23 39 31 49 45 3 19 37 21 47 
7 19 23 35 25 41 43 13 39 29 3 27 9 49 21 1 
8 27 5 29 37 25 39 33 1 21 13 43 9 
9 13 9 27 21 45 11 49 15 43 47 25 39 
10 45 17 39 21 9 3 37 25 29 1 35 41 15 31 11 7 27 
11 19 27 21 43 3 47 13 41 45 1 9 25 5 37 
12 25 3 49 45 1 39 27 21 9 5 33 35 29 
13 29 21 33 15 35 41 3 9 1 37 19 
14 47 29 3 23 31 37 41 45 11 1 15 35 21 9 19 
15 11 41 47 39 15 37 9 29 13 31 25 21 19 33 
16 49 33 5 15 43 31 9 21 35 7 11 29 
17 29 35 39 7 1 9 17 27 3 47 15 41 37 23 21 11 19 
18 47 1 9 45 49 29 15 23 33 7 27 5 37 35 39 41 
19 11 13 17 33 19 47 23 5 31 21 9 41 37 
20 47 45 27 9 25 11 1 7 39 29 15 
21 47 39 23 33 19 31 35 15 29 
22 31 37 39 21 17 9 33 3 23 47 49 15 
23 37 9 27 23 31 29 35 13 11 45 41 43 19 17 47 7 49 15 25 
24 5 35 1 11 41 19 23 29 31 47 7 25 
25 41 27 33 43 49 45 7 39 15 9 29 
26 33 17 3 9 21 15 39 37 11 49 23 19 45 13 35 
27 9 7 11 15 25 43 39 1 37 13 19 47 
28 23 21 49 9 19 17 7 31 39 11 29 5 
29 9 29 13 5 23 27 35 33 17 47 25 15 19 
30 39 45 49 27 25 7 37 29 47 15 3 1 
31 9 15 35 39 25 17 3 33 41 45 19 37 5 27 23 
32 43 7 39 35 5 41 23 13 31 49 19 1 11 33 
33 7 21 17 23 9 49 1 39 19 15 
34 7 33 17 39 19 43 15 27 31 47 25 45 11 1 41 21 
35 41 5 25 43 29 13 33 23 31 17 27 49 
36 11 23 47 5 17 9 25 13 19 29 35 45 31 49 
37 17 47 33 29 7 1 11 43 3 25 39 41 
38 13 33 11 25 7 17 45 49 19 21 39 1 37 47 27 31 
39 15 47 19 13 5 43 37 29 23 3 35 27 
40 3 1 13 9 43 41 19 29 49 35 11 45 21 25 15 39 5 17 23 27 
41 41 13 33 7 37 19 35 15 5 11 39 31 
42 11 45 5 25 43 17 21 9 23 13 35 
43 15 17 41 5 47 3 49 35 33 19 23 39 25 37 
44 23 11 13 37 33 7 1 27 49 29 3 
45 17 19 45 29 33 21 23 25 47 11 15 27 7 
46 33 7 29 45 1 19 35 11 9 43 21 25 5 3 41 49 47 
47 41 35 21 29 47 39 9 11 1 31 23 19 43 7 25 
48 45 41 15 43 35 7 47 27 29 13 33 37 25 31 1 17 19 11 5 
49 49 11 19 3 43 1 13 29 23 47 33 45 17 5 
50 41 11 49 19 17 37 33 25 35 1 27 31 7 39 43 5 
51 35 31 1 25 5 13 23 17 49 9 45 
52 3 25 13 9 11 43 45 7 49 29 1 19 33 5 41 15 
53 13 39 23 43 47 49 19 21 1 5 35 27 31 7 25 9 33 17 3 
54 41 11 23 27 35 15 43 13 1 47 3 39 31 49 5 45 
55 19 3 11 23 9 5 37 35 7 41 
56 21 41 9 13 39 25 23 49 29 43 3 33 19 17 
57 19 5 49 29 35 31 11 21 27 25 37 13 33 39 
58 25 33 29 45 47 27 15 43 35 23 19 9 21 37 49 11 5 
59 47 17 15 7 9 45 25 11 41 29 13 31 33 37 
60 11 29 27 23 19 35 15 25 9 7 17 
61 25 11 21 13 5 27 45 39 29 37 17 31 35 43 49 3 47 33 
62 9 43 39 41 35 11 37 17 21 23 1 47 
63 35 25 41 19 15 3 7 9 13 
64 21 19 27 13 25 31 35 37 43 45 7 23 1 5 49 
65 49 47 1 11 5 21 35 23 31 13 27 7 33 41 25 45 37 
66 47 27 7 13 5 49 1 29 33 15 39 9 43 
67 1 7 15 17 49 37 5 25 23 13 33 45 3 9 43 
68 15 49 19 43 3 23 41 17 13 5 21 33 47 45 11 37 29 
69 35 37 33 43 1 17 19 25 29 13 27 47 23 21 15 5 31 
70 31 29 7 13 27 17 11 47 35 39 49 3 25 
71 31 23 3 49 9 19 43 1 7 35 47 21 33 25 39 
72 5 21 7 1 15 49 37 41 43 25 29 11 39 9 23 31 27 19 
73 23 49 43 27 35 29 9 17 25 5 31 33 
74 21 11 49 41 39 45 29 7 3 25 13 15 27 1 9 
75 29 35 21 49 23 13 9 1 11 19 3 
76 19 45 9 11 5 29 21 37 3 17 31 33 
77 31 23 49 47 11 33 17 39 41 3 29 25 21 7 
78 1 43 11 17 19 35 5 45 37 29 7 9 21 49 39 27 3 13 41 
79 21 43 35 19 13 39 7 23 11 5 27 37 9 
80 21 43 37 1 41 17 47 15 27 13 33 23 9 25 7 45 35 31 
81 23 43 35 33 27 49 37 15 
82 37 49 15 13 17 25 45 41 21 33 5 47 
83 3 43 39 21 9 35 5 19 13 29 17 49 47 31 
84 1 19 25 21 27 17 13 31 3 41 37 9 29 49 
85 23 45 13 3 25 29 11 27 5 39 41 35 49 43 21 
86 21 27 7 45 47 49 1 15 17 19 13 
87 3 41 45 29 43 23 15 5 47 33 37 1 31 9 27 13 25 21 
88 29 33 1 19 25 27 23 11 47 5 39 15 13 
89 35 13 25 39 43 5 11 17 9 1 19 41 
90 9 47 31 15 27 43 5 1 25 13 7 23 
91 5 41 15 49 25 23 21 39 45 11 43 37 29 7 47 
92 9 1 15 25 47 21 17 39 43 11 7 19 23 45 3 27 31 
93 17 13 15 43 9 47 49 35 37 7 21 33 
94 17 9 27 33 11 47 35 31 7 41 23 37 13 3 
95 3 27 47 49 35 19 17 43 1 5 31 13 29 11 25 21 
96 11 9 19 49 21 31 15 27 5 23 29 33 45 35 39 43 3 37 
97 45 39 1 37 27 3 11 21 25 43 29 13 49 15 41 23 
98 15 3 11 17 39 29 23 19 49 45 21 
99 1 37 27 31 17 35 49 5 11 7 13 33 
100 29 49 23 37 39 33 5 19 13 7 11 25 41 21 9 
101 47 37 13 27 9 23 19 15 3 33 31 17 21 41 35 11 1 7 43 
102 19 49 9 23 31 37 25 21 29 1 15 35 13 41 
103 45 13 39 9 7 21 27 3 19 5 
104 37 27 5 31 41 25 47 13 35 21 33 9 39 3 
105 15 25 11 37 29 17 1 47 13 3 41 33 9 39 27 31 23 21 19 35 
106 47 25 19 3 45 11 37 21 
107 25 47 15 37 7 35 9 43 17 21 49 31 1 3 39 
108 47 13 23 1 17 27 9 21 29 45 25 7 49 31 35 43 
109 5 21 7 13 41 11 45 17 49 37 1 43 3 47 
110 1 39 7 9 29 21 31 43 17 37 27 15 35 45 25 
111 47 9 27 25 39 5 23 1 33 7 43 45 19 13 3 49 15 37 
112 49 29 19 13 33 9 11 1 15 23 47 43 25 35 17 27 
113 5 13 3 41 17 1 29 27 45 23 15 33 9 19 21 49 25 47 
114 21 45 5 3 49 41 31 43 1 23 17 11 37 39 
115 23 37 5 25 3 13 1 47 31 41 27 19 
116 13 11 21 31 23 25 9 1 17 3 43 33 
117 19 3 7 39 33 45 15 27 9 5 29 47 
118 47 13 21 39 15 25 9 33 11 29 5 23 
119 1 43 15 13 37 39 47 35 3 41 17 5 31 11 
120 49 33 35 17 29 13 45 19 5 15 11 9 43 31 47 41 21 25 39 
121 13 45 7 5 29 27 43 47 21 1 25 
122 13 43 33 49 25 15 35 39 41 45 27 23 31 21 17 
123 39 43 7 11 1 15 27 19 25 
124 5 11 9 49 43 37 47 3 13 45 1 15 
125 41 1 21 27 23 17 39 19 45 31 35 49 15 3 
126 21 29 9 23 31 5 47 11 35 25 43 15 45 27 3 
127 41 49 45 11 37 23 13 29 21 7 5 27 3 25 1 17 
128 43 49 27 5 41 47 29 11 21 3 37 39 35 17 
129 41 3 23 49 19 31 33 21 29 5 47 17 43 7 27 
130 41 1 15 23 17 39 11 13 43 7 35 
131 11 25 19 33 13 49 23 43 29 9 5 3 45 41 37 47 7 
132 9 41 13 17 25 1 45 19 39 11 5 
133 17 49 25 13 11 21 9 15 29 33 31 37 35 23 19 47 45 27 39 41 
134 3 25 43 5 21 33 9 15 1 47 39 35 
135 1 7 43 41 47 19 35 49 45 23 21 17 9 39 5 31 13 37 25 
136 1 5 45 11 47 31 39 29 27 19 21 3 35 37 
137 31 25 47 19 1 37 27 23 29 49 21 33 39 11 45 
138 35 11 45 3 13 29 25 17 9 49 27 39 33 1 23 
139 19 31 41 3 7 35 9 25 29 27 37 45 13 33 1 39 49 
140 25 37 41 23 31 27 33 1 21 11 35 
141 41 39 5 15 21 1 25 33 45 37 49 11 
142 47 25 5 3 29 41 43 35 21 15 17 31 
143 25 19 35 7 9 37 33 21 47 43 27 31 3 1 49 
144 43 35 29 37 49 13 25 11 33 21 45 41 3 7 39 1 9 
145 1 29 7 27 17 3 43 31 19 35 37 49 11 15 5 9 25 
146 35 3 39 43 7 15 27 1 9 21 41 23 37 31 47 
147 17 41 23 3 39 7 43 25 9 27 1 49 45 13 11 
148 25 39 37 29 17 13 45 49 27 15 31 21 23 
149 5 31 23 7 17 1 3 25 43 37 49 9 11 47 19 21 
150 43 39 37 25 45 15 19 1 13 11 5 23 31 
151 21 9 3 1 13 15 11 29 17 37 43 35 5 33 
152 23 3 7 27 31 17 41 33 9 15 29 
153 43 11 39 21 47 25 17 3 29 27 5 23 15 9 
154 45 41 19 21 7 9 23 39 47 17 5 35 25 
155 27 19 47 17 9 1 11 13 5 39 7 
156 39 19 37 15 13 49 1 3 5 29 33 45 43 7 
157 17 31 9 39 29 37 45 15 13 27 47 35 41 5 33 21 
158 33 41 3 49 39 13 47 5 7 11 45 1 43 31 
159 3 13 17 45 41 21 27 9 31 49 15 35 23 37 19 
160 9 49 21 33 47 17 45 39 29 27 35 5 25 15 31 1 
161 13 37 49 1 47 25 11 39 21 29 3 27 5 31 9 23 33 
162 19 15 25 21 31 47 7 35 29 17 43 33 37 49 13 
163 31 49 21 15 1 19 43 3 37 5 33 45 29 
164 25 15 29 11 19 45 37 1 27 35 43 23 5 39 
165 5 39 33 27 41 45 47 25 31 
166 7 43 19 47 5 27 17 29 1 15 11 45 3 37 25 
167 29 47 17 31 5 33 13 45 11 3 
168 39 47 45 35 15 29 31 43 23 21 5 3 
169 27 29 7 41 35 45 23 31 9 21 33 47 11 3 43 1 
170 21 19 15 43 27 1 45 31 35 39 33 37 47 25 29 3 
171 29 19 25 45 11 15 43 17 49 9 33 41 
172 9 25 1 15 23 43 31 7 3 45 11 29 21 5 
173 47 21 35 25 13 49 43 33 29 41 17 5 39 37 7 23 9 3 
174 11 1 23 25 13 7 45 5 19 37 17 
175 9 5 39 17 15 43 7 49 35 29 27 47 19 33 13 31 45 1 3 
176 37 39 1 13 19 9 5 17 45 27 21 25 23 41 11 47 
177 49 3 43 29 25 39 37 5 1 47 21 19 17 7 
178 43 17 13 23 21 25 35 41 1 3 
179 49 13 33 45 9 3 25 35 19 39 17 5 15 11 31 41 21 47 
180 11 35 41 31 25 5 49 19 7 45 17 47 43 1 23 29 9 13 39 21 
181 29 49 19 45 33 41 35 17 5 25 7 27 39 31 
182 3 11 13 45 1 21 39 23 17 25 27 5 41 43 35 
183 31 21 37 33 29 27 13 1 19 39 43 7 11 45 35 49 
184 41 31 49 15 27 3 45 25 5 33 
185 13 45 11 19 17 23 47 3 37 15 49 41 39 
186 29 7 11 25 21 43 37 31 47 5 27 33 41 35 
187 31 9 27 47 43 17 11 41 37 29 5 1 49 25 33 7 19 
188 49 33 23 19 25 31 41 21 1 35 39 43 
189 35 45 19 47 39 25 9 21 3 33 1 29 
190 27 11 9 19 3 45 29 35 37 5 25 1 43 21 33 13 
191 35 31 17 5 49 9 33 3 43 1 
192 35 39 5 29 31 9 3 41 25 49 43 23 
193 25 1 45 15 41 43 35 21 3 47 49 11 39 37 
194 7 37 21 3 41 35 45 1 29 11 
195 33 23 17 49 31 27 35 7 11 9 5 19 43 15 
196 1 17 49 7 21 27 41 37 15 3 25 43 31 11 9 29 33 19 
197 13 5 29 27 1 25 45 9 37 39 3 15 43 
198 29 33 9 19 43 11 27 25 3 37 41 
199 39 43 13 5 31 11 3 15 49 21 37 1 9 
200 11 5 31 43 23 3 29 25 15 39 49 37 13 41 9 
201 37 19 13 15 47 49 
202 35 11 37 19 9 25 15 21 23 5 47 1 
203 27 43 41 49 31 9 29 5 39 17 37 13 47 23 19 21 25 
204 11 1 39 37 23 45 3 41 43 21 49 7 29 17 9 
205 15 27 47 7 19 29 23 45 33 21 13 25 39 11 31 5 35 9 
206 47 45 39 9 15 43 3 33 11 21 41 5 1 19 
207 15 31 47 5 33 13 45 19 17 11 29 37 27 
208 31 15 39 45 33 21 41 13 29 1 5 3 
209 37 15 17 31 47 1 39 45 21 29 23 5 9 
210 17 7 35 5 31 9 49 13 3 45 29 37 23 39 15 
211 41 39 23 45 25 1 19 47 35 27 33 13 37 29 17 5 11 
212 19 1 5 17 27 33 45 37 31 43 39 
213 35 41 27 11 39 33 25 31 49 7 5 9 43 17 47 37 13 19 21 
214 11 1 33 7 15 9 31 25 43 45 41 19 27 5 
215 37 49 15 7 27 13 41 17 39 23 25 21 1 45 9 31 
216 17 31 27 39 3 35 45 25 49 13 23 19 15 41 37 7 47 11 
217 17 21 35 37 15 11 43 29 3 7 49 33 31 23 45 47 1 
218 43 21 1 7 35 41 25 39 47 45 31 49 37 9 33 11 5 
219 43 29 23 19 11 47 5 37 3 15 27 33 17 1 
220 41 47 29 3 27 43 33 31 9 5 39 25 1 45 
221 39 21 37 11 3 23 43 13 33 45 5 7 35 15 41 25 29 
222 31 39 25 3 13 49 19 43 27 23 7 35 1 21 33 45 41 9 5 11 
223 3 33 31 15 29 25 21 47 27 19 9 45 5 23 1 13 
224 45 15 3 31 43 39 25 11 1 7 33 19 21 47 9 
225 5 21 47 43 35 39 45 13 25 15 7 1 37 
226 5 33 37 45 29 21 15 17 31 
227 33 29 47 35 11 43 21 31 5 1 
228 25 23 21 13 15 5 33 41 39 9 29 1 43 
229 31 1 21 43 47 9 37 27 39 19 7 17 33 45 
230 19 33 41 3 5 27 17 31 45 47 13 43 
231 47 1 33 45 19 29 25 23 17 37 13 35 3 9 11 
232 13 35 43 19 47 37 5 7 3 27 
233 17 11 31 3 19 25 37 39 47 35 13 1 29 7 
234 13 9 31 5 23 1 21 49 27 45 7 37 25 
235 19 5 47 9 41 17 45 1 3 11 33 
236 47 31 23 19 37 45 3 49 15 17 43 5 21 39 
237 25 11 47 23 27 21 5 9 15 41 7 45 39 13 35 33 
238 15 7 49 31 13 39 5 25 23 45 47 1 3 43 
239 41 45 9 17 33 21 27 23 29 47 43 39 19 13 1 5 11 35 
240 5 15 29 47 3 49 35 45 7 23 17 1 31 
241 29 17 3 11 7 19 47 43 39 13 33 35 21 45 41 
242 49 19 17 15 13 1 47 25 21 9 29 11 41 
243 3 25 13 11 7 45 31 19 39 9 23 47 33 21 
244 41 5 13 27 33 3 39 15 45 49 1 47 
245 33 45 43 13 47 5 25 17 31 29 7 35 39 
246 37 23 3 41 19 15 43 27 35 25 
247 7 11 33 43 31 39 35 9 37 27 17 29 21 25 49 47 5 45 
248 13 21 7 45 9 33 49 39 11 25 3 35 
249 21 33 1 9 47 7 23 19 13 49 5 37 45 17 25 27 
250 33 1 43 37 7 45 9 19 27 15 31 21 
251 47 15 27 19 43 29 37 25 13 5 35 1 17 41 7 11 
252 23 17 37 49 25 19 41 9 21 11 33 31 43 
253 47 29 25 15 43 33 39 41 11 7 45 49 3 27 19 31 9 17 
254 17 33 41 39 27 29 49 19 3 1 43 25 11 
255 43 29 37 15 1 3 5 31 19 41 
256 3 25 23 35 47 7 
257 1 45 31 7 13 49 27 11 43 9 23 3 17 41 33 
258 49 25 21 37 29 1 47 41 31 19 39 35 9 33 43 17 27 3 
259 7 11 3 43 41 9 29 17 37 47 35 5 19 45 
260 5 15 3 49 21 19 37 9 23 11 33 45 7 
261 1 39 35 31 9 47 3 25 19 15 37 33 11 43 49 
262 25 31 49 13 11 43 21 29 47 41 45 
263 1 41 19 37 17 27 11 23 21 39 45 15 25 35 49 29 
264 35 7 29 9 19 33 11 3 5 23 17 45 1 21 37 13 
265 39 49 41 27 5 21 7 33 37 19 9 3 
266 27 3 45 29 39 21 37 11 1 25 5 9 35 47 49 7 
267 5 37 25 3 15 27 29 35 13 47 31 19 1 45 39 23 17 7 43 
268 43 35 15 37 41 13 27 25 31 45 3 1 9 33 29 5 49 17 11 23 39 
269 19 35 11 27 41 23 21 33 15 25 5 3 49 17 9 47 
270 41 43 19 29 11 5 25 37 39 35 15 
271 3 17 45 19 41 29 13 33 37 47 39 5 23 31 21 1 
272 29 11 49 5 33 13 43 19 25 37 47 1 31 27 45 15 
273 15 3 39 41 21 27 23 49 7 13 37 45 
274 39 33 19 25 3 1 11 29 9 31 43 5 35 37 27 23 
275 1 9 31 23 37 41 39 11 15 5 13 47 25 
276 15 9 7 3 5 41 33 13 43 11 
277 33 37 7 41 13 45 27 23 35 39 9 49 29 5 1 15 
278 9 3 47 11 25 19 45 35 27 41 7 33 49 15 
279 43 25 33 35 13 29 21 5 9 39 49 1 31 37 3 27 
280 13 43 25 23 35 49 11 19 33 41 5 39 
281 33 29 25 11 5 17 45 15 41 19 39 31 9 1 43 
282 45 29 5 11 37 1 15 31 19 
283 13 29 27 35 1 43 9 31 41 39 47 25 11 23 
284 5 35 25 27 45 31 37 17 49 13 23 19 15 39 11 9 41 
285 15 47 19 5 1 13 11 41 23 31 27 
286 39 3 11 13 21 15 1 37 47 43 31 
287 49 39 7 27 19 23 15 9 45 17 5 33 47 
288 3 7 43 11 49 33 13 27 31 15 25 9 5 29 45 17 
289 1 41 21 23 11 31 37 47 5 43 39 9 3 27 17 49 7 
290 9 25 21 5 45 29 31 39 43 35 11 33 1 37 7 17 
291 41 31 45 13 17 37 9 23 15 35 19 21 
292 23 39 3 17 5 37 31 1 47 13 45 41 
293 39 27 5 1 23 45 11 29 19 47 31 25 7 21 41 3 33 43 
294 47 3 21 7 13 25 45 29 11 39 5 15 33 37 27 43 
295 31 17 35 49 27 39 23 3 41 21 19 15 
296 17 15 13 1 23 43 41 3 39 9 
297 13 1 33 9 49 15 31 21 17 29 11 27 19 37 3 41 
298 9 47 13 5 21 23 43 17 35 37 19 33 27 49 31 1 45 25 
299 39 29 33 23 35 5 41 45 37 27 1 11 17 13 31 43 49 9 
300 3 15 19 7 21 39 23 13 25 9 1 43 47 5 35 45 49 
301 5 47 43 37 13 1 21 15 19 33 7 17 
302 33 5 19 41 37 7 45 29 23 31 11 15 27 
303 13 19 45 5 9 41 37 7 47 35 21 1 33 29 
304 45 35 1 9 13 33 7 21 27 25 47 41 29 39 19 11 
305 29 3 43 1 23 37 33 25 13 27 49 15 9 45 
306 19 3 37 13 25 1 9 15 33 11 5 45 7 23 43 39 31 
307 27 35 23 3 39 47 43 17 45 1 13 11 
308 15 35 27 39 19 45 33 25 29 7 41 37 3 49 
309 47 15 45 37 9 1 17 41 27 49 31 7 25 3 11 35 
310 13 11 9 33 41 39 43 21 35 25 37 1 31 29 
311 25 21 41 35 29 47 27 7 45 9 1 15 13 17 3 
312 47 5 17 33 49 25 7 13 9 35 39 27 37 23 19 15 45 
313 33 15 25 45 47 11 13 17 7 21 3 1 
314 19 29 39 37 17 21 45 47 33 49 7 5 41 9 35 13 
315 43 31 23 9 19 1 35 33 41 11 25 13 27 45 21 3 17 5 
316 13 17 3 35 5 11 31 19 45 25 39 23 21 29 47 
317 3 43 23 5 33 47 29 25 17 39 45 21 
318 29 25 31 9 13 49 27 3 21 17 5 43 45 35 23 
319 5 39 33 47 21 29 13 17 19 49 11 41 
320 45 47 29 31 9 13 43 33 27 25 1 19 37 49 21 11 23 17 
321 7 29 33 37 25 23 3 5 47 9 11 41 13 35 39 1 
322 31 3 29 1 15 23 19 7 41 45 33 13 9 47 11 37 25 
323 21 25 17 9 33 31 11 13 41 37 29 15 
324 47 3 39 19 35 11 21 45 17 7 31 15 9 27 13 
325 45 43 35 1 23 17 49 21 9 39 7 15 19 
326 45 29 21 27 49 5 35 15 7 47 31 13 
327 3 41 35 33 45 37 25 49 39 27 17 7 
328 21 11 15 43 1 49 31 25 37 33 
329 15 31 33 43 11 7 27 49 25 9 45 23 5 1 3 
330 7 27 19 1 23 15 37 47 33 35 39 41 25 
331 27 13 7 9 41 21 5 15 25 35 29 11 37 43 
332 27 29 45 11 5 39 19 43 31 17 9 1 7 23 
333 9 13 7 3 25 1 41 43 23 47 35 27 49 19 
334 39 9 45 11 1 7 15 3 47 27 35 13 21 37 25 
335 5 23 39 7 49 25 37 45 29 17 41 43 19 
336 29 23 11 47 25 31 43 3 
337 7 3 49 15 21 29 31 17 25 43 11 39 9 35 1 41 23 27 47 37 
338 7 9 45 31 23 1 11 37 39 19 43 33 21 3 
339 31 19 33 11 25 1 37 39 17 3 5 7 49 27 
340 45 31 5 27 43 49 3 39 37 15 17 29 19 25 33 23 9 7 13 
341 25 15 17 33 37 21 49 29 1 45 13 19 3 23 9 43 47 
342 35 21 19 49 27 31 37 23 25 11 17 15 47 13 3 5 39 33 
343 21 5 15 1 37 33 17 41 23 43 27 13 19 11 47 
344 1 23 29 43 21 49 5 37 9 41 27 
345 45 21 1 47 39 43 7 23 33 15 41 
346 7 5 49 17 21 23 19 33 9 47 31 45 
347 15 41 43 19 11 33 37 7 5 45 9 47 27 3 25 31 
348 17 43 25 29 23 21 39 41 3 5 31 47 7 
349 23 13 15 33 35 5 3 31 27 49 37 11 7 17 29 19 41 
350 9 31 1 27 11 35 47 17 49 25 37 41 7 15 
351 41 29 9 47 27 25 11 45 7 5 33 19 13 43 35 37 3 1 39 
352 49 3 35 21 19 27 41 15 31 9 17 39 45 5 23 13 7 43 
353 43 25 9 37 5 1 3 35 49 23 29 
354 21 35 27 3 11 1 9 49 43 31 5 15 33 25 
355 45 15 3 13 11 49 33 17 41 39 9 47 19 25 
356 17 7 29 33 23 5 35 49 9 47 31 41 1 19 37 43 
357 19 17 29 35 5 41 39 31 47 3 11 
358 7 27 1 19 49 3 23 5 9 11 39 13 43 41 33 
359 29 23 21 5 49 31 37 25 27 17 11 7 43 13 
360 43 33 31 21 27 19 37 17 25 7 47 35 
361 31 45 37 15 39 35 9 25 1 5 43 27 23 17 3 
362 39 3 5 43 23 31 45 47 37 35 49 17 11 21 7 
363 33 47 7 9 49 25 35 39 23 31 37 15 29 5 
364 33 21 31 39 25 45 13 1 27 15 37 9 41 5 35 23 17 7 19 
365 47 5 15 19 41 3 13 11 31 27 21 9 25 49 
366 27 33 29 31 43 15 17 41 3 11 5 47 37 23 7 49 13 
367 13 43 39 19 47 11 
368 25 19 35 23 31 13 15 45 5 9 49 27 37 1 41 7 29 33 
369 9 43 11 17 33 25 45 5 7 13 41 49 19 1 47 
370 41 39 17 25 15 27 33 23 19 
371 3 37 7 19 13 29 43 21 9 33 1 23 45 39 35 27 
372 5 9 33 49 39 47 7 3 11 17 1 27 19 13 31 15 
373 41 25 9 19 45 11 31 3 27 37 35 21 13 1 49 
374 3 17 41 45 11 15 5 13 27 25 43 33 
375 31 45 15 19 41 5 47 13 9 35 1 
376 39 23 35 5 15 9 27 47 25 7 19 29 
377 41 39 13 43 23 15 1 45 21 25 
378 27 25 37 21 35 29 31 15 43 13 41 45 23 3 19 
379 43 49 17 15 21 37 25 35 45 39 9 27 31 1 23 19 13 
380 49 43 15 47 21 41 35 45 23 11 7 1 33 25 39 3 29 9 
381 7 41 13 23 37 5 21 45 29 25 1 11 47 39 27 49 
382 29 45 47 33 7 35 3 39 9 5 11 19 13 37 
383 29 25 3 23 41 43 21 37 31 49 35 
384 13 33 9 35 1 47 43 37 31 17 39 19 21 27 45 5 
385 25 19 5 45 31 3 21 17 1 41 33 9 
386 47 5 27 37 19 3 39 29 25 13 43 7 11 49 41 15 
387 39 9 1 47 45 49 43 19 31 17 5 15 3 29 33 13 27 7 23 
388 45 49 31 15 19 21 9 23 41 43 29 39 25 1 
389 29 25 11 45 23 9 41 17 13 37 15 31 39 7 19 
390 31 13 47 21 27 19 9 45 41 39 1 35 29 43 37 11 3 
391 15 23 43 49 27 5 37 45 7 19 39 13 17 25 3 35 
392 17 23 43 45 1 3 19 47 7 11 5 31 37 35 25 
393 25 37 23 7 45 47 17 31 49 41 39 21 13 29 35 19 33 9 
394 27 41 13 23 15 33 25 17 7 31 21 19 3 35 9 49 39 1 
395 41 15 45 1 13 27 11 19 17 39 7 23 29 
396 35 7 45 41 11 23 13 21 29 27 3 25 37 43 1 9 
397 37 47 1 39 43 11 5 27 31 13 9 41 45 19 3 25 
398 37 9 35 21 5 45 33 39 41 7 27 1 43 
399 9 19 7 43 21 11 13 35 49 39 5 25 27 3 31 33 
400 49 39 27 15 1 33 9 13 21 35 3 7 47 
401 27 41 11 15 39 1 31 43 49 5 37 21 19 33 17 3 
402 31 41 25 45 49 47 23 27 3 15 9 37 5 1 35 7 11 33 19 29 
403 33 7 9 45 37 1 43 35 41 19 3 15 47 27 31 17 29 39 11 
404 17 21 33 13 5 45 41 29 3 1 35 23 39 15 49 43 19 25 
405 27 13 35 49 47 17 23 5 41 31 21 9 19 
406 9 25 35 17 49 7 33 19 43 23 29 39 11 15 37 21 45 13 3 
407 43 33 15 47 23 37 29 1 9 19 35 
408 17 37 21 45 15 13 1 19 25 27 5 
409 1 41 17 11 9 23 33 31 13 35 5 29 21 27 19 
410 27 41 39 25 17 49 9 1 19 13 11 43 15 3 35 
411 27 29 11 49 37 21 5 1 7 25 39 33 19 41 43 
412 19 47 5 49 7 39 45 25 13 3 37 1 27 15 11 23 33 
413 1 45 7 15 27 17 23 3 37 5 13 35 
414 19 23 35 49 13 45 3 17 25 5 41 1 21 47 7 9 
415 29 7 1 15 23 35 41 3 33 
416 47 31 17 39 23 7 35 13 25 43 19 9 49 45 15 3 27 37 33 21 
417 21 29 23 41 43 17 13 47 39 35 49 9 3 25 11 
418 1 15 45 25 41 5 33 9 3 47 
419 47 39 35 15 9 13 31 37 17 23 45 29 21 25 27 7 
420 7 23 5 21 45 27 49 15 35 31 33 37 25 13 
421 3 49 13 21 41 7 15 1 33 11 45 17 39 9 25 29 
422 9 25 15 27 3 19 47 23 5 11 1 21 31 13 7 39 
423 5 11 1 47 37 35 3 49 31 41 17 21 
424 17 45 33 29 9 1 3 19 43 5 37 39 21 49 11 35 25 13 41 7 
425 37 25 35 45 3 7 17 15 11 23 5 31 41 49 39 29 43 21 
426 11 33 5 29 45 21 15 37 35 1 19 23 47 49 9 7 25 17 
427 41 23 3 45 43 17 39 7 15 37 13 47 9 27 11 
428 5 49 29 13 43 11 35 15 47 9 17 1 
429 11 39 25 1 3 31 33 37 47 29 27 9 19 13 17 45 
430 31 39 11 15 3 27 5 29 17 43 1 23 7 37 33 21 
431 29 47 31 9 13 3 33 39 15 25 7 37 17 27 
432 39 17 19 3 9 31 1 13 15 29 35 43 45 33 21 27 25 5 
433 25 35 3 9 31 41 33 17 43 7 27 15 37 5 
434 49 47 21 27 29 31 39 41 13 3 15 19 1 17 37 35 
435 1 45 7 15 13 5 41 49 25 43 39 21 17 33 29 
436 15 23 35 31 11 19 49 25 7 3 29 5 43 37 27 13 41 45 17 
437 41 11 15 33 23 3 5 9 7 19 21 35 27 
438 3 13 9 39 33 31 35 47 21 27 25 43 15 7 
439 17 33 43 45 35 39 49 11 3 23 21 7 15 19 
440 27 29 23 41 39 43 5 47 9 37 3 31 21 11 
441 41 1 9 11 39 37 21 29 31 
442 19 27 25 39 31 17 23 33 1 15 43 5 11 
443 35 37 49 39 29 9 45 5 15 3 
444 25 3 19 11 45 9 37 23 49 41 21 17 1 
445 37 31 49 9 1 23 21 47 43 11 27 25 39 
446 9 11 15 13 29 5 1 47 49 17 23 45 7 37 39 35 43 27 3 
447 9 5 19 11 25 49 37 23 31 43 7 13 27 
448 45 15 5 29 23 21 25 39 13 27 43 47 17 41 37 
449 7 47 37 9 31 43 15 13 3 35 21 25 23 39 41 27 19 
450 37 1 21 25 29 43 41 45 13 3 7 17 
451 5 45 41 9 31 7 49 3 27 47 37 11 43 25 19 21 
452 41 21 33 37 17 39 19 23 15 45 7 1 29 13 25 49 43 3 
453 9 39 43 41 15 5 7 19 31 17 
454 5 43 17 23 35 33 21 3 49 25 
455 19 5 49 13 7 15 23 27 43 37 41 25 31 35 29 9 
456 33 45 21 5 27 7 47 9 15 43 25 3 31 23 
457 43 7 17 1 23 37 3 21 29 9 5 25 33 15 31 11 45 
458 43 41 21 49 9 37 45 17 13 11 5 31 19 33 7 15 
459 37 9 17 35 15 3 47 7 31 43 41 5 21 25 33 
460 39 7 21 25 19 43 17 5 47 1 31 49 33 3 13 23 41 15 
461 39 17 43 35 19 25 45 15 23 5 
462 39 49 43 35 21 47 41 5 29 27 3 1 7 15 31 
463 43 17 37 11 25 1 19 9 33 7 27 49 
464 35 27 49 31 17 23 29 5 43 33 3 11 19 
465 35 25 1 39 49 3 29 13 33 21 47 19 11 15 27 23 43 
466 37 5 49 31 17 41 43 9 47 21 45 11 35 
467 15 19 37 47 49 13 11 21 31 29 41 9 43 5 
468 3 43 33 31 17 39 45 23 11 21 9 19 25 5 1 
469 37 13 49 29 39 47 27 17 35 7 41 
470 7 15 23 37 39 47 19 3 41 33 31 27 45 43 1 11 25 
471 43 47 17 7 31 23 45 21 41 37 1 29 33 9 39 5 25 
472 29 9 37 47 17 43 39 21 23 35 25 
473 35 7 31 13 17 1 25 49 23 37 11 41 15 5 9 
474 1 7 31 19 41 37 21 13 49 43 45 11 33 25 39 27 
475 3 37 43 23 47 45 19 49 33 41 35 27 25 13 
476 31 37 41 25 19 49 43 17 7 29 3 39 
477 41 21 49 31 37 7 35 47 1 43 23 15 33 17 45 5 11 19 
478 37 35 39 3 25 17 27 23 43 49 29 15 11 19 41 47 21 9 
479 19 37 41 11 43 39 7 49 35 9 47 21 29 27 5 33 45 
480 27 29 45 41 47 23 15 33 31 37 19 25 39 35 17 3 49 21 9 
481 21 37 17 41 27 1 5 31 13 15 19 25 
482 1 23 45 47 15 35 9 19 13 21 
483 5 47 39 45 23 37 1 31 27 29 9 33 17 35 
484 25 7 31 49 11 47 21 39 37 23 27 13 43 
485 25 1 31 27 19 43 17 21 11 13 45 49 39 7 15 47 3 9 
486 47 25 19 7 15 11 27 9 45 39 41 17 29 3 13 35 43 
487 45 19 43 7 33 39 47 23 41 9 13 15 3 1 25 31 
488 19 13 23 27 25 3 5 11 43 1 39 45 33 17 31 
489 45 9 7 13 17 41 25 23 39 11 33 5 47 49 35 19 
490 17 37 31 7 1 23 45 29 15 19 33 39 41 49 27 5 43 
491 37 1 23 43 21 27 3 31 11 7 41 47 25 
492 49 7 15 27 25 17 5 37 35 43 45 
493 33 23 15 7 9 25 19 29 11 3 21 47 17 43 39 45 13 49 
494 45 3 21 47 31 13 17 37 41 35 27 5 33 
495 43 19 33 27 15 17 7 1 13 35 41 29 5 25 21 37 47 
496 11 37 5 19 49 45 15 1 35 33 13 39 9 
497 5 23 49 27 15 39 41 9 19 43 1 33 11 45 35 37 17 29 21 31 
498 3 13 15 11 7 49 23 37 17 5 27 19 45 39 35 43 
499 29 23 27 7 31 15 33 39 37 49 17 1 9 13 
500 15 49 39 25 13 21 45 43 9 23 33 37 
501 47 23 29 35 5 21 31 9 41 27 39 19 7 
502 31 1 9 49 45 33 21 15 23 3 43 39 13 7 
503 33 43 39 31 3 23 37 41 19 5 
504 25 35 29 13 3 1 23 27 19 43 45 21 41 5 39 47 
505 19 13 25 7 21 11 3 39 27 31 15 9 43 1 45 
506 23 39 35 45 9 1 25 17 43 19 3 13 
507 37 29 35 27 9 13 41 43 17 7 25 11 3 5 45 19 
508 31 21 45 33 43 7 37 5 9 35 41 47 25 13 1 11 
509 31 45 11 27 49 21 1 9 37 29 15 33 7 43 39 
510 47 39 35 27 37 7 25 3 5 49 29 33 13 43 9 19 45 
511 1 49 35 43 17 3 19 23 41 15 39 21 37 
512 27 7 49 39 9 11 29 45 19 15 47 13 21 41 
513 9 3 7 45 39 23 49 31 29 21 5 33 43 11 
514 7 5 17 15 35 45 9 41 25 23 21 31 1 
515 45 19 29 25 13 17 49 7 33 9 39 35 31 47 37 5 3 
516 35 43 29 11 13 23 25 39 19 41 33 9 1 37 31 15 
517 17 1 29 47 43 13 27 33 21 41 11 49 31 5 39 
518 1 15 7 33 23 37 3 47 19 9 27 31 21 5 
519 43 29 25 39 7 19 1 21 17 13 37 11 31 15 35 9 
520 33 13 31 35 1 15 21 3 9 29 49 47 45 43 41 
521 9 21 19 49 27 37 35 29 13 47 25 3 17 41 
522 1 19 5 45 27 37 35 21 23 3 49 7 41 29 39 17 9 
523 29 49 37 47 45 1 5 23 3 25 27 43 13 9 
524 27 25 15 45 13 33 49 31 19 17 47 43 3 23 7 41 21 
525 17 21 25 11 7 31 1 19 23 33 3 15 
526 41 31 15 13 39 3 11 19 23 17 1 35 25 21 33 
527 19 45 25 3 27 49 29 11 41 15 47 39 43 23 37 13 7 1 17 33 
528 1 23 37 41 3 27 25 33 19 15 9 49 
529 43 45 29 11 31 19 41 37 1 27 5 15 
530 21 35 19 41 11 7 29 47 5 49 
531 31 27 19 41 29 7 49 35 15 9 47 21 11 25 17 5 33 
532 9 15 19 17 3 5 27 1 25 39 37 7 49 
533 13 29 1 49 25 5 19 11 
534 5 31 21 49 25 19 27 35 17 33 29 1 9 37 15 
535 23 33 5 1 45 19 43 17 49 15 13 31 11 37 35 
536 35 39 41 11 23 15 31 17 43 25 49 47 45 
537 43 23 19 37 11 47 33 1 39 9 17 35 25 41 3 13 
538 3 49 47 1 33 27 31 5 35 41 25 23 29 39 21 
539 11 13 7 45 3 33 43 1 29 9 35 5 47 23 37 19 25 
540 33 9 21 47 13 1 7 25 19 15 3 39 41 45 
541 47 37 13 3 7 1 27 29 23 45 17 25 19 21 15 49 
542 1 31 41 25 17 45 37 39 15 29 11 3 49 7 27 33 
543 29 45 43 41 11 7 3 17 15 37 5 23 47 1 31 33 25 21 
544 23 39 7 3 37 49 21 9 1 11 15 45 25 19 17 35 41 5 
545 13 9 1 3 41 21 43 37 31 45 19 23 35 
546 27 21 25 39 19 31 47 11 29 15 9 45 33 5 3 35 
547 17 19 23 27 5 43 49 15 7 21 9 39 13 
548 35 1 21 49 41 13 39 43 9 47 15 31 7 17 5 3 29 
549 15 23 1 11 27 19 5 21 37 9 33 3 41 39 
550 17 13 37 29 3 1 39 41 27 45 35 23 33 9 21 11 43 47 5 
551 49 1 5 15 9 19 35 3 41 37 17 45 13 27 23 39 7 
552 43 25 15 23 41 45 11 21 31 49 35 7 3 39 19 
553 47 13 3 29 1 37 5 23 31 9 17 35 45 7 
554 39 15 41 5 33 43 1 19 7 9 3 
555 17 15 31 11 21 25 35 13 7 39 29 5 19 
556 21 37 27 43 1 39 41 5 47 33 25 31 15 45 13 17 
557 39 9 7 27 5 49 11 43 45 47 33 19 17 
558 1 41 23 7 25 17 39 35 13 43 27 5 15 49 3 
559 11 25 5 9 19 17 21 27 33 3 7 13 47 37 31 29 
560 15 47 35 7 11 43 1 9 19 5 3 37 25 
561 25 15 5 45 49 17 21 39 31 11 37 47 1 43 27 9 33 
562 11 1 21 17 29 5 9 47 33 25 13 39 7 3 15 
563 35 47 19 3 23 21 17 15 43 25 9 39 
564 17 35 15 39 47 3 13 5 7 29 11 21 9 41 49 1 
565 17 43 9 21 49 47 11 27 23 7 45 35 13 31 25 3 15 
566 1 3 15 11 33 45 35 17 9 37 43 25 
567 31 5 39 33 35 9 21 11 23 27 7 15 45 3 
568 9 15 13 41 49 7 25 19 45 47 39 37 3 21 17 33 
569 3 11 35 7 17 45 25 5 9 31 41 29 
570 35 39 49 7 3 33 5 19 11 41 47 25 13 27 21 
571 19 15 31 25 23 37 3 17 45 7 47 11 13 41 1 43 39 
572 35 41 43 3 17 27 29 7 9 25 23 15 33 49 13 
573 33 21 11 1 47 7 37 31 19 39 15 
574 19 31 47 33 1 13 21 27 5 45 15 41 37 49 23 17 
575 23 7 47 3 35 49 11 9 37 43 27 21 45 15 31 
576 29 27 35 5 33 31 11 47 13 43 3 15 
577 29 23 33 47 9 37 25 43 15 45 3 41 35 19 1 7 5 31 
578 45 49 29 19 35 39 33 21 7 3 15 25 43 1 31 11 47 
579 33 45 25 13 39 43 7 37 15 19 23 47 27 
580 11 49 7 5 3 31 39 45 13 43 35 9 27 29 33 37 
581 17 15 1 39 11 33 45 9 3 25 43 49 19 27 37 41 21 
582 49 37 33 7 19 41 11 15 21 29 
583 23 29 1 9 33 49 11 43 37 39 7 35 41 3 15 13 
584 39 7 19 5 37 15 9 43 17 23 25 41 31 29 21 27 45 
585 19 7 27 43 3 41 5 47 37 9 23 1 39 13 35 17 21 
586 5 9 47 15 19 45 43 27 17 21 3 39 11 35 41 23 7 
587 19 41 35 21 5 31 33 25 3 9 45 39 47 17 11 43 
588 41 39 31 29 11 43 5 27 25 1 13 
589 23 33 21 17 43 31 35 5 29 3 11 39 9 19 49 41 37 
590 17 27 35 29 33 47 5 15 37 41 43 23 
591 49 29 17 9 33 35 45 21 25 3 43 47 27 15 
592 5 1 49 31 23 25 35 27 39 43 47 9 
593 15 17 27 43 5 19 9 11 37 29 35 25 21 31 1 
594 39 33 23 47 9 35 15 41 43 27 5 21 25 
595 37 3 31 41 47 13 45 25 43 19 49 15 27 21 
596 43 39 5 19 37 9 45 7 15 25 13 21 11 
597 15 27 21 37 23 7 39 9 3 17 19 43 31 49 25 35 29 
598 37 21 39 27 13 49 43 5 45 9 25 23 29 31 15 
599 13 9 5 7 31 21 3 25 19 43 49 45 47 15 37 23 
600 43 21 15 45 35 47 23 37 5 27 7 13 29 1 
601 23 11 3 43 7 19 49 21 13 33 41 17 15 45 
602 31 13 21 47 9 39 43 49 5 19 33 17 11 7 37 
603 31 7 47 39 33 11 5 3 43 41 49 1 25 17 19 
604 21 3 39 9 43 1 35 31 13 27 49 37 15 41 
605 5 15 29 9 13 31 3 39 33 21 23 41 
606 37 49 15 39 27 41 3 43 7 9 29 35 45 17 
607 3 11 17 23 47 7 31 37 43 1 13 25 45 
608 7 37 31 17 5 45 41 19 25 29 23 43 13 33 
609 25 43 21 1 17 19 3 37 41 9 23 
610 7 39 13 11 19 33 17 45 47 43 49 27 5 37 23 31 1 
611 39 3 49 15 1 31 27 9 35 33 19 41 45 5 21 43 
612 35 47 33 1 9 7 49 5 13 15 11 37 45 41 31 
613 1 43 27 49 7 37 11 39 21 25 13 45 17 41 5 
614 19 11 37 35 25 29 3 47 41 15 45 17 39 23 27 1 33 
615 19 39 35 29 9 17 3 1 43 31 33 37 11 25 47 
616 7 27 45 43 17 31 11 21 37 23 25 5 41 49 9 15 19 
617 31 1 21 3 17 37 39 15 45 11 19 7 41 35 
618 33 19 47 17 21 9 49 43 39 7 31 35 5 
619 5 47 1 23 33 7 45 37 27 19 3 39 29 17 35 21 
620 33 9 39 21 35 37 23 41 1 25 31 
621 37 11 3 35 31 5 43 39 23 47 17 7 25 
622 35 43 1 23 19 33 47 25 39 15 49 11 21 7 37 
623 7 13 45 39 5 17 29 15 21 23 35 31 27 33 
624 25 27 3 13 9 7 23 19 11 49 37 35 43 39 5 
625 13 37 7 3 19 45 49 41 1 17 5 15 35 47 11 39 
626 41 29 19 33 21 39 31 47 37 1 49 15 45 17 3 
627 29 13 41 31 33 47 23 9 27 3 19 7 49 21 
628 7 43 25 3 31 45 35 33 39 29 17 1 41 27 49 9 19 
629 3 43 11 41 31 13 15 37 17 1 39 25 5 47 45 23 
630 5 43 1 37 27 49 7 25 11 31 47 23 
631 41 25 47 21 33 3 5 45 23 27 19 17 49 7 11 15 
632 11 37 39 31 5 45 49 29 9 17 3 43 35 33 47 1 
633 49 27 37 13 3 19 35 25 21 31 7 23 45 
634 49 29 9 25 11 33 15 3 43 17 27 13 5 45 39 
635 3 27 35 39 1 17 9 41 7 13 15 5 25 
636 41 1 19 43 13 9 49 5 17 15 39 
637 15 29 23 49 43 27 21 9 45 35 7 37 41 19 
638 25 9 37 45 43 39 1 7 13 47 
639 11 7 9 15 19 1 49 33 37 25 27 31 5 41 23 
640 21 19 23 41 7 5 37 3 35 49 25 27 31 43 1 
641 17 31 41 15 7 33 35 21 29 27 47 39 49 45 11 25 
642 33 43 41 49 23 7 21 45 5 47 11 9 
643 45 35 25 31 37 29 43 19 11 13 47 17 39 9 
644 47 35 5 7 41 15 23 9 37 1 11 43 27 3 
645 31 5 27 3 7 45 49 41 19 17 37 9 43 47 11 15 
646 9 1 15 41 49 47 3 27 31 43 39 23 19 37 35 33 29 
647 47 3 13 11 45 9 43 5 25 33 7 27 49 15 1 19 39 
648 15 17 37 29 21 27 25 39 35 13 7 49 9 43 
649 39 37 29 15 31 43 9 41 11 27 25 7 47 19 
650 25 45 47 37 27 7 1 11 29 15 13 19 43 31 39 41 5 
651 39 27 9 11 43 3 47 23 17 7 15 5 41 37 
652 31 13 11 27 41 47 7 45 17 9 33 49 21 29 
653 35 19 25 3 1 21 15 11 47 41 29 39 5 13 
654 39 43 23 19 1 11 17 41 21 25 49 9 27 33 7 
655 13 23 45 27 21 17 19 35 25 49 1 37 3 
656 47 33 9 27 31 29 23 45 3 15 43 17 13 7 11 
657 5 33 17 13 15 9 41 21 23 49 45 27 25 1 43 39 7 
658 9 27 49 21 23 35 41 15 1 13 5 3 47 43 7 25 17 29 
659 27 33 37 21 7 23 19 3 45 39 1 25 29 
660 21 25 9 15 45 31 17 5 29 
661 17 3 25 41 1 23 47 7 29 15 11 27 39 45 37 
662 25 49 29 9 23 31 47 17 7 45 37 19 1 41 13 
663 5 39 49 25 47 17 31 27 9 43 45 29 13 1 35 3 
664 33 39 15 37 9 27 19 21 11 49 23 5 41 1 
665 25 37 19 35 7 33 9 13 5 3 31 21 27 49 43 45 23 
666 7 49 27 19 33 17 1 13 45 25 39 35 23 41 31 
667 1 35 19 41 49 11 33 17 27 45 25 23 21 29 7 
668 9 3 43 7 45 15 41 11 21 35 29 5 23 13 
669 1 35 39 23 7 43 5 11 21 19 13 27 33 25 
670 5 3 13 27 35 11 9 43 45 37 1 21 29 
671 25 45 9 49 1 23 19 17 41 33 13 11 47 29 7 37 35 15 31 
672 11 37 41 9 17 31 1 33 19 27 3 21 35 25 7 
673 39 3 37 27 25 17 13 23 43 11 
674 41 29 39 15 49 7 25 1 21 45 47 
675 43 35 41 3 11 29 23 45 47 15 19 49 7 
676 35 47 49 11 1 9 5 3 15 17 23 13 29 31 7 19 37 33 41 
677 11 43 13 15 21 5 3 31 7 39 29 33 
678 5 47 11 15 7 31 49 37 39 43 21 13 
679 25 43 3 31 33 35 19 1 15 21 45 7 17 27 
680 5 35 31 49 11 39 41 13 37 33 23 21 
681 31 37 29 25 41 45 11 47 17 43 21 9 3 5 
682 49 15 13 27 47 17 19 35 11 39 25 1 45 3 9 7 31 21 
683 43 35 31 5 19 1 3 27 7 49 37 17 
684 37 27 25 31 41 23 47 45 29 15 7 11 19 33 39 
685 31 35 9 29 25 13 41 1 11 27 43 15 7 21 
686 17 35 21 31 11 3 43 19 5 37 15 39 7 41 1 25 33 29 
687 31 35 23 27 47 19 41 33 5 1 17 21 9 43 
688 45 1 33 47 5 37 15 39 41 13 23 17 7 
689 25 35 27 39 19 3 33 37 45 5 49 23 17 13 41 
690 1 21 47 35 23 15 27 17 19 31 29 
691 1 45 19 41 47 49 43 21 3 37 17 35 7 13 33 27 
692 45 31 19 17 1 15 13 41 49 21 29 23 33 43 37 5 
693 25 49 45 33 13 43 29 41 31 
694 49 31 19 9 13 7 47 45 37 41 1 15 17 29 23 
695 31 11 41 5 37 15 19 47 25 7 9 33 13 1 29 45 21 17 35 27 
696 29 19 27 25 47 17 43 49 9 11 13 21 33 35 
697 33 3 21 9 29 49 13 1 47 7 27 25 31 19 35 17 37 39 
698 43 37 49 11 21 33 1 35 23 41 
699 29 35 15 43 23 17 13 1 47 
700 43 35 21 3 39 19 29 17 23 25 1 33 
701 45 1 27 23 11 13 5 31 47 41 37 9 19 21 17 43 25 
702 33 13 35 19 31 3 5 45 15 29 23 39 27 21 11 41 
703 29 47 25 41 3 19 35 31 13 5 17 33 43 11 21 49 
704 7 43 41 49 19 25 39 21 11 3 15 27 29 47 23 31 35 
705 1 23 43 3 49 37 31 29 11 19 39 
706 7 33 29 9 31 41 5 3 37 45 21 39 17 1 
707 3 43 15 17 49 33 35 21 29 13 1 47 7 19 25 11 23 5 45 
708 45 13 11 35 21 39 33 7 15 47 23 27 29 43 31 19 1 25 
709 49 21 23 43 17 41 29 19 7 27 3 47 31 37 11 
710 21 27 31 11 45 1 37 33 29 43 3 9 47 39 13 19 
711 17 15 31 43 47 21 49 41 37 13 27 7 25 35 23 1 45 11 19 3 5 
712 27 45 47 21 43 5 9 19 39 11 25 3 49 35 1 7 
713 13 1 23 31 9 43 19 45 15 25 5 3 11 29 37 33 27 17 
714 39 43 19 25 23 45 37 11 1 5 3 15 29 17 9 35 31 21 
715 49 7 19 25 35 31 41 45 15 47 39 11 29 
716 19 47 11 15 9 31 1 3 23 17 13 33 29 25 39 41 49 5 
717 43 15 1 21 33 19 47 3 35 45 23 27 29 9 25 5 37 
718 3 1 27 19 49 31 37 9 7 39 41 47 35 21 13 
719 31 3 1 39 25 21 37 43 29 5 45 
720 3 49 47 7 41 37 11 17 15 39 21 19 
721 21 43 47 37 25 17 45 29 9 31 5 
722 7 39 5 17 15 41 13 11 23 31 27 25 45 
723 11 13 33 41 9 29 31 49 35 15 45 1 5 25 
724 39 29 3 19 7 11 15 25 21 5 27 35 49 41 
725 19 23 11 33 29 47 3 31 35 1 21 7 17 13 43 45 37 27 49 9 
726 19 35 39 7 31 11 23 41 21 49 43 3 13 
727 9 39 15 23 35 19 5 33 13 45 49 21 27 
728 41 43 5 15 11 47 39 21 1 7 31 29 19 
729 3 37 19 33 35 7 45 21 39 17 11 1 9 41 31 
730 35 37 43 1 31 29 27 21 5 13 11 41 33 
731 19 29 17 27 33 43 23 11 9 1 7 41 47 
732 7 25 19 49 43 13 9 45 35 5 3 29 
733 39 35 11 47 13 9 33 3 19 45 25 43 41 17 23 37 27 
734 41 33 3 17 9 15 5 25 29 37 27 
735 17 11 25 39 31 21 37 19 9 29 47 43 23 7 33 
736 17 21 45 27 3 5 15 19 35 13 31 43 7 1 
737 7 11 23 19 41 17 3 33 5 35 9 13 25 45 15 39 37 47 31 
738 11 39 9 47 3 17 29 7 23 31 33 43 45 1 
739 19 9 33 17 35 41 15 21 31 
740 23 49 43 27 9 47 19 17 31 25 13 3 1 
741 13 41 11 25 3 17 7 35 21 29 37 1 19 9 39 31 27 23 45 47 49 43 
742 3 15 33 27 25 29 47 19 9 13 35 21 49 1 39 7 43 23 5 45 41 
743 49 25 45 3 35 19 33 21 43 5 27 39 
744 5 35 19 7 3 43 21 17 33 31 29 23 1 9 
745 37 29 45 25 5 27 11 43 15 13 3 1 19 17 35 
746 21 7 11 15 31 37 45 29 25 1 39 3 27 17 35 
747 3 9 29 45 5 13 35 43 39 7 23 
748 11 27 21 33 37 7 45 15 3 17 1 35 29 13 
749 5 3 1 21 35 17 13 47 27 45 
750 1 31 47 3 5 17 43 33 15 11 7 25 49 27 29 19 
751 13 37 47 39 25 31 7 15 49 45 27 3 35 43 11 17 
752 47 41 11 15 19 37 9 49 3 17 7 13 25 45 21 33 27 43 
753 9 13 7 21 33 17 49 23 47 25 37 15 43 
754 5 43 45 25 1 49 7 9 3 13 35 47 
755 45 43 33 5 1 25 47 41 11 29 37 21 49 9 31 
756 35 29 15 23 25 33 21 5 43 17 3 41 
757 41 11 37 1 31 7 25 17 45 27 15 43 29 33 
758 39 45 25 37 43 19 35 11 1 5 31 3 41 27 21 9 
759 41 27 7 9 43 47 23 19 13 11 37 35 39 1 17 
760 19 33 11 39 17 45 3 47 7 5 35 
761 9 21 23 35 49 7 39 15 27 31 37 13 41 33 
762 41 47 49 43 5 25 13 11 17 15 35 3 19 
763 25 1 39 41 15 31 21 23 45 37 9 27 47 35 19 
764 23 13 17 39 15 41 1 29 7 5 3 37 9 27 35 19 11 
765 39 31 49 27 1 7 3 11 29 9 41 19 33 23 
766 31 11 25 5 35 47 37 15 9 33 
767 37 47 49 11 31 5 15 27 33 1 43 21 9 45 25 
768 17 47 43 11 15 25 41 35 13 1 37 7 9 5 27 33 19 23 
769 9 29 15 1 31 23 7 19 49 5 43 47 27 39 
770 49 43 11 39 1 19 47 29 15 33 31 45 35 21 7 23 
771 13 39 3 33 15 35 49 21 29 9 23 7 11 17 47 
772 19 21 49 5 27 35 29 13 17 33 37 7 11 39 41 47 23 15 31 
773 19 47 7 39 43 31 27 11 37 33 35 41 23 15 5 45 9 21 49 3 
774 23 49 27 25 5 43 39 21 15 11 19 17 
775 15 13 35 21 47 5 29 27 3 19 43 1 41 7 
776 49 9 29 17 35 11 21 39 43 1 41 25 33 19 
777 35 29 7 5 9 45 15 11 13 3 43 25 17 21 37 
778 37 39 19 27 9 13 29 21 7 15 45 23 33 5 17 25 31 3 
779 33 11 49 45 17 35 41 3 5 9 19 15 37 27 23 
780 35 43 21 25 33 37 9 31 39 11 5 47 17 13 41 
781 31 49 27 1 39 43 3 9 47 5 45 17 35 41 29 
782 17 21 9 27 29 5 23 31 43 41 47 45 3 1 15 33 7 
783 43 15 17 37 27 9 49 7 19 23 33 47 3 5 13 35 31 41 
784 35 9 41 47 19 3 15 43 25 33 39 7 23 
785 37 29 43 3 17 25 39 45 9 1 11 7 47 41 19 33 21 
786 3 11 45 19 15 37 33 5 1 25 31 7 41 39 35 29 49 13 
787 45 5 35 37 13 29 15 23 1 27 47 19 25 41 39 7 9 
788 13 25 9 37 45 5 15 35 33 49 41 43 7 23 21 
789 15 13 37 27 3 35 29 25 9 5 31 17 
790 39 3 19 7 47 9 37 13 25 31 1 29 21 
791 35 3 49 27 9 11 29 21 31 37 39 23 1 
792 49 31 7 33 39 45 35 43 23 29 25 27 1 11 15 
793 47 39 37 25 33 43 11 5 45 21 7 15 41 27 31 3 19 23 
794 39 31 21 41 25 9 35 19 1 47 17 3 23 49 15 
795 17 27 45 47 37 49 3 1 41 15 29 7 31 21 25 
796 11 43 45 39 27 31 7 21 37 3 17 25 5 15 19 9 33 
797 3 1 9 33 25 35 5 13 45 19 21 17 15 31 
798 7 17 13 29 27 47 49 33 11 25 1 21 9 19 35 3 5 
799 1 21 3 23 17 41 45 25 37 5 31 27 
800 33 23 17 25 31 27 45 1 49 37 13 9 7 21 15 
801 45 49 3 13 27 21 43 35 17 47 7 23 15 31 5 
802 31 41 17 35 45 49 1 15 43 29 47 9 23 13 11 19 
803 43 17 13 47 1 25 27 29 37 
804 49 5 21 31 3 23 45 13 29 19 35 17 39 41 37 43 15 
805 33 47 3 25 35 45 49 15 41 19 7 31 27 29 39 
806 23 37 21 1 17 7 47 11 3 25 9 45 5 41 33 
807 3 11 1 23 47 37 19 21 31 25 39 27 9 17 13 49 41 5 7 33 
808 43 29 13 17 3 31 49 37 25 39 23 
809 19 15 13 31 7 43 41 11 17 35 39 33 37 1 3 9 23 25 5 
810 21 45 17 15 9 41 7 23 11 35 5 29 49 27 19 39 
811 37 15 3 35 49 5 27 13 17 43 11 47 21 7 
812 19 43 27 13 49 33 11 37 23 39 31 17 7 3 5 15 21 
813 39 5 7 33 3 1 9 25 13 43 41 49 17 23 31 
814 49 7 17 33 39 21 1 31 19 3 13 43 5 29 41 27 11 25 37 15 
815 27 39 23 47 45 29 3 25 41 7 31 21 5 11 15 
816 17 1 49 43 5 25 9 39 3 45 37 41 19 47 
817 1 27 45 21 13 31 7 25 19 23 35 47 39 49 3 33 
818 3 29 39 23 13 1 35 25 45 19 9 11 49 31 17 27 
819 23 33 39 43 5 9 27 3 1 45 29 7 47 17 
820 13 1 41 39 5 27 29 49 45 35 25 37 
821 37 9 7 25 5 3 31 45 15 17 49 35 19 41 33 
822 27 47 25 5 11 23 3 15 7 37 43 39 21 
823 1 35 15 9 19 25 45 43 47 31 
824 49 29 3 37 17 25 47 5 21 45 11 41 33 19 43 7 
825 49 45 7 23 11 3 13 39 47 27 33 25 29 21 
826 19 39 13 3 47 27 41 35 49 43 25 31 23 
827 9 45 11 1 5 33 29 3 37 31 35 43 19 49 15 7 25 41 23 17 
828 15 43 31 25 9 21 19 45 7 5 29 47 37 35 1 11 
829 21 25 35 27 17 5 29 23 7 39 
830 49 31 25 47 33 5 13 3 27 41 43 
831 31 29 17 47 19 3 39 23 37 13 21 49 9 33 35 41 27 1 
832 11 1 47 19 39 15 9 17 23 37 13 31 7 3 
833 33 49 17 43 31 41 27 19 39 13 23 11 1 21 3 9 
834 5 47 25 35 31 33 19 49 29 11 9 1 37 41 15 43 39 13 
835 23 45 19 11 25 15 47 17 49 43 33 7 39 
836 19 13 29 15 37 11 23 47 5 31 41 35 1 25 45 33 27 
837 11 29 19 7 27 43 47 39 9 45 15 
838 39 47 31 25 9 5 11 41 37 15 19 1 21 49 43 
839 7 35 23 49 13 41 39 47 1 15 45 27 
840 47 15 9 3 43 23 45 7 37 25 49 21 
841 41 29 5 49 19 47 37 9 1 33 23 
842 21 35 43 17 31 7 19 11 5 45 29 27 15 13 39 9 
843 9 27 33 21 7 1 23 45 37 31 49 17 43 
844 3 27 11 31 15 5 25 49 47 43 33 17 41 45 
845 37 1 21 49 15 43 41 7 25 
846 33 41 9 39 25 13 35 45 3 11 7 21 15 1 
847 23 27 49 41 47 9 1 37 17 13 43 25 39 3 19 7 35 31 
848 47 1 37 39 5 29 19 23 9 7 21 11 13 49 
849 45 33 37 49 5 31 1 13 11 39 35 23 17 19 
850 37 29 21 45 15 19 39 3 31 7 49 5 43 9 
851 23 33 1 35 7 41 49 9 27 29 3 5 11 15 19 45 
852 29 21 49 27 15 35 43 1 39 31 37 45 23 41 17 
853 27 33 11 19 47 35 41 3 23 13 29 15 25 37 
854 21 41 47 49 45 43 39 23 13 5 37 15 7 
855 37 7 19 9 27 5 23 43 49 3 11 45 39 
856 35 33 1 45 3 31 15 11 25 41 47 17 7 19 
857 3 17 47 43 31 15 1 25 9 29 49 7 19 35 23 27 
858 7 33 29 3 13 47 5 43 35 9 49 19 41 17 
859 41 29 25 5 45 11 31 7 49 43 47 3 15 13 1 
860 37 41 31 33 25 15 21 29 45 39 9 3 43 47 
861 15 3 25 17 29 5 49 19 27 37 21 
862 13 35 39 17 5 29 25 45 27 47 19 41 37 11 1 
863 27 1 47 13 17 11 3 45 43 23 7 37 
864 17 35 47 49 5 45 37 29 27 7 39 25 1 41 21 
865 37 47 3 7 17 39 35 5 27 1 41 9 25 11 49 19 15 
866 27 1 47 33 45 31 13 23 5 11 7 
867 7 43 25 3 31 9 33 11 17 41 49 39 37 5 27 35 29 
868 45 27 21 1 11 23 13 9 5 39 25 33 15 49 29 31 43 41 
869 5 45 37 19 15 9 43 23 41 33 29 27 17 
870 11 21 33 19 35 9 13 27 25 41 
871 23 43 47 27 45 5 37 17 13 19 7 
872 1 39 35 31 25 49 7 23 43 5 37 
873 47 15 45 7 31 17 43 19 25 29 35 13 3 21 33 
874 21 43 25 23 9 19 37 47 29 15 31 27 3 
875 47 17 49 39 3 7 29 45 27 41 23 1 5 15 
876 41 35 33 21 43 49 31 17 7 1 11 23 5 
877 47 33 9 49 15 25 1 19 17 29 23 
878 27 41 45 3 33 13 21 7 1 9 23 49 25 11 43 
879 29 47 1 7 9 5 19 27 37 
880 3 49 27 5 25 29 35 37 47 39 23 21 19 15 
881 13 31 15 27 5 45 25 9 19 49 11 23 41 29 35 3 43 47 39 
882 43 29 21 27 41 37 7 5 17 3 31 33 13 
883 41 37 47 21 11 45 49 23 17 19 35 27 33 43 
884 21 35 11 39 27 7 9 5 17 23 41 3 1 19 13 31 29 
885 21 17 19 7 39 37 27 23 33 41 15 9 35 11 29 45 
886 13 37 27 25 1 47 41 19 21 23 15 11 
887 33 43 45 47 25 39 19 21 17 41 
888 7 3 33 41 43 35 13 11 1 19 
889 7 35 9 43 45 29 17 5 41 49 19 3 
890 23 39 45 15 43 29 35 11 9 19 33 49 13 37 31 
891 25 29 49 45 11 15 7 41 47 13 27 19 21 31 33 
892 47 27 15 21 1 43 23 29 17 37 19 11 7 49 35 41 39 25 
893 3 29 47 43 45 35 15 9 25 21 49 37 7 5 41 
894 41 21 1 49 23 35 17 43 19 15 47 29 3 25 45 7 
895 21 13 25 17 15 39 19 47 41 9 3 29 37 27 7 43 23 
896 31 43 9 13 27 29 33 47 41 25 49 37 21 
897 25 31 17 37 27 1 47 43 23 11 35 45 
898 35 31 21 47 13 15 25 27 17 1 29 3 41 33 43 
899 19 21 9 29 35 17 47 25 7 15 31 11 45 
900 31 7 21 5 39 15 29 33 19 37 11 27 1 49 43 13 
901 5 33 39 45 7 19 13 21 23 29 43 35 31 
902 5 13 15 9 3 19 39 35 29 25 1 43 11 
903 13 43 37 27 47 5 7 33 31 15 21 19 
904 19 37 13 29 7 21 31 27 1 9 11 17 
905 49 1 45 43 3 9 21 35 41 39 27 17 19 29 7 23 
906 41 13 15 9 43 39 25 7 11 33 21 37 29 19 
907 29 19 1 7 25 17 11 9 43 39 47 21 33 35 27 45 
908 13 21 43 29 1 25 11 31 49 27 3 15 19 33 
909 17 45 13 35 33 23 41 3 25 39 47 43 27 19 1 
910 37 21 41 5 17 49 11 13 3 43 19 45 31 29 27 35 7 
911 39 3 43 7 1 21 15 31 11 41 23 27 
912 37 3 9 21 41 43 19 17 49 45 13 23 11 25 
913 17 1 43 27 19 5 23 15 29 3 41 49 37 39 35 47 
914 41 1 9 11 45 31 37 49 35 15 
915 15 29 13 5 11 35 47 1 49 25 33 41 17 
916 21 37 35 1 33 23 39 27 7 13 5 
917 43 37 23 7 39 25 31 1 17 49 
918 45 11 27 29 7 43 49 47 9 19 23 25 33 13 3 35 37 1 
919 47 45 19 3 49 35 33 29 23 17 41 7 
920 23 31 13 43 19 11 37 47 3 7 41 49 21 29 17 
921 47 15 9 3 35 25 1 19 5 17 27 43 21 45 
922 37 19 39 35 5 25 45 33 47 3 27 21 43 41 
923 19 5 7 35 31 13 21 43 3 41 23 33 25 17 
924 39 45 47 31 15 23 13 49 27 21 
925 41 47 27 17 25 39 21 31 35 43 19 29 13 15 45 
926 11 19 15 45 13 35 21 33 17 
927 5 43 19 31 1 27 13 11 37 35 33 49 
928 9 27 37 29 33 35 1 7 19 5 43 39 41 25 45 
929 25 13 45 37 23 33 11 43 49 21 3 27 47 39 35 7 29 
930 29 47 15 9 39 25 7 27 35 49 41 43 17 45 33 19 3 1 21 23 
931 11 31 33 23 37 5 9 25 19 49 3 15 45 13 27 1 
932 15 29 19 49 9 27 45 1 39 25 33 11 23 21 43 47 31 41 
933 39 13 33 47 41 7 35 31 45 1 19 21 3 27 43 29 
934 49 37 17 33 19 41 7 29 9 15 43 21 1 25 23 31 35 3 
935 13 5 39 9 17 43 15 35 3 29 31 21 49 27 7 19 25 11 41 
936 21 49 15 27 5 23 13 11 33 9 47 19 39 37 7 
937 31 27 35 9 15 29 49 45 3 43 13 23 21 11 5 39 
938 7 33 13 5 1 17 27 45 35 25 43 37 15 29 21 47 
939 7 27 9 33 15 31 23 11 35 5 21 41 25 3 
940 21 17 29 45 5 3 47 49 15 19 25 33 31 39 37 
941 11 9 19 23 3 21 35 49 25 7 29 13 39 1 5 
942 17 21 13 33 35 9 19 29 23 
943 45 47 11 27 3 29 37 23 35 49 43 21 7 17 39 1 31 
944 5 11 37 43 49 25 47 15 23 9 29 31 33 35 19 41 45 39 
945 23 25 35 33 11 29 15 39 17 27 43 45 3 49 31 41 1 
946 21 23 41 27 43 1 31 13 29 25 19 11 37 
947 31 19 23 9 11 47 25 41 27 5 35 21 37 39 45 15 29 
948 5 45 7 47 35 39 31 1 19 37 43 23 15 3 17 49 27 11 
949 9 47 1 43 45 37 15 5 31 39 33 25 
950 5 13 29 43 47 27 7 11 33 25 1 
951 33 45 43 49 11 35 37 23 15 21 25 27 47 
952 13 11 49 27 25 29 31 35 3 23 45 47 
953 35 3 5 45 11 25 17 33 39 29 27 15 
954 25 39 35 31 5 9 13 15 49 43 23 37 47 
955 29 7 23 17 35 19 37 3 39 13 
956 45 5 27 35 29 13 17 21 49 31 25 33 
957 21 3 43 41 37 27 29 25 47 11 1 5 
958 7 31 21 47 19 43 27 37 41 35 5 
959 45 29 35 11 13 39 43 5 1 9 25 47 31 37 15 41 49 3 
960 5 33 19 21 25 49 3 9 39 27 37 17 7 43 
961 29 33 45 19 43 7 13 27 31 47 23 9 35 25 
962 35 45 27 41 9 1 29 23 19 25 37 21 11 39 43 49 31 
963 3 13 31 25 29 1 45 5 39 43 15 7 11 21 
964 5 29 25 37 47 35 41 43 7 17 9 13 27 19 21 3 33 
965 47 43 37 29 35 11 49 45 23 21 3 13 17 41 
966 31 11 19 7 29 25 23 3 33 9 35 41 
967 23 43 3 31 19 9 39 35 33 15 1 27 29 41 
968 9 15 39 25 13 37 3 27 41 11 
969 41 21 7 29 45 27 47 37 39 25 9 49 
970 9 17 1 37 27 49 3 15 31 47 19 33 7 
971 47 21 25 43 29 27 31 35 1 19 5 
972 35 9 45 41 1 3 29 25 27 47 19 17 11 
973 1 27 49 21 35 5 37 11 45 15 25 41 47 7 31 
974 29 37 39 31 17 3 7 41 11 21 27 23 
975 7 19 25 15 35 49 5 41 27 9 17 13 45 
976 27 13 29 17 5 39 3 7 21 25 45 47 35 11 
977 39 11 37 45 5 27 17 9 21 47 33 15 19 29 
978 35 25 49 29 37 15 5 17 23 43 27 3 45 13 
979 1 35 49 19 43 21 5 47 13 3 37 41 23 33 45 
980 3 11 43 45 39 33 19 25 21 9 1 13 37 17 5 7 15 
981 39 45 43 35 7 31 13 29 1 23 47 41 25 11 5 21 
982 15 37 11 7 3 35 13 29 21 25 9 33 45 19 23 39 43 
983 45 19 29 21 27 35 39 17 47 13 23 7 3 15 1 25 31 41 
984 3 27 47 23 25 15 31 41 9 13 
985 27 3 29 9 45 33 43 11 35 47 15 49 31 17 1 39 25 13 
986 27 47 31 39 37 1 49 9 25 5 7 
987 37 43 33 31 13 45 35 19 39 17 
988 25 31 47 5 49 9 1 41 43 21 23 45 27 37 15 7 33 35 11 29 
989 1 19 31 25 7 5 11 41 35 47 
990 19 7 45 3 1 35 15 39 5 23 27 47 43 25 41 
991 47 27 35 41 5 19 11 39 31 15 1 23 45 9 29 25 37 43 21 33 
992 3 13 7 27 35 19 23 45 11 5 37 25 9 31 
993 5 25 31 33 37 15 27 39 1 23 7 
994 21 15 19 37 35 3 31 45 33 25 39 27 1 13 41 
995 25 33 9 7 17 41 37 39 3 43 23 15 31 
996 7 27 31 29 5 13 23 1 15 17 21 33 45 43 19 9 25 39 
997 29 27 43 45 25 7 19 9 17 23 41 3 1 49 33 
998 29 9 13 3 23 49 33 41 5 43 35 21 37 27 25 
999 47 29 11 19 49 7 17 15 25 31 3 
