0 1 28 9 46 5 50 20 13 4 45 17 0 37 30 24 14 25 
1 1 28 9 50 20 13 4 45 0 24 14 25 
2 26 1 28 9 29 20 4 45 41 0 22 24 47 14 25 11 
3 26 28 29 46 20 4 45 17 0 22 21 24 14 25 11 
4 26 46 20 13 4 45 41 17 0 22 14 25 
5 9 29 46 5 36 20 13 4 45 17 0 22 21 47 14 11 
6 26 9 46 50 20 13 4 45 41 17 22 24 
7 1 9 46 50 36 13 4 45 37 22 21 25 11 
8 28 9 46 50 36 13 4 45 0 30 22 24 14 25 11 
9 9 29 46 50 13 4 45 41 17 0 37 30 22 14 25 11 
10 26 29 46 5 50 36 13 4 45 41 0 37 30 22 21 24 47 14 25 11 
11 28 9 46 5 50 13 4 45 0 37 22 24 14 
12 1 28 46 50 4 17 22 21 24 14 25 11 
13 1 46 50 36 20 13 4 37 47 14 
14 1 9 29 20 4 45 17 0 37 30 22 24 47 14 11 
15 26 28 29 46 5 13 4 41 17 37 30 21 47 
16 26 28 29 50 36 20 13 4 41 17 37 30 22 21 24 47 14 11 
17 26 28 9 46 50 20 13 4 45 41 37 30 21 47 25 
18 1 29 46 36 20 13 4 17 37 22 24 47 11 
19 29 46 13 41 37 22 14 
20 1 46 5 45 17 37 21 25 
21 26 1 28 9 29 46 5 45 41 17 0 37 30 21 24 11 
22 28 9 29 46 50 36 45 41 17 37 30 24 25 11 
23 26 1 29 46 50 20 13 4 45 41 17 37 30 22 21 47 25 
24 26 29 46 5 13 4 45 41 37 30 22 21 24 14 25 
25 26 1 9 29 46 36 20 4 41 17 0 37 22 21 47 14 25 
26 1 28 46 5 36 20 4 45 41 17 30 24 47 25 11 
27 28 46 50 36 4 41 17 37 30 47 11 
28 26 1 29 46 50 36 4 45 41 17 0 37 30 24 47 25 
29 1 9 29 46 50 36 4 45 41 22 21 24 14 25 
30 1 28 9 29 46 5 50 20 13 4 41 17 37 30 21 25 11 
31 26 1 28 46 20 13 4 45 41 17 0 37 30 22 24 25 
32 26 28 9 5 50 36 13 41 17 30 22 21 24 25 
33 26 1 9 46 5 50 36 4 45 41 37 30 22 24 
34 26 1 9 29 46 5 50 36 20 13 45 17 0 21 14 11 
35 26 1 9 29 36 20 4 45 41 17 0 37 21 24 47 14 25 
36 1 9 29 46 5 50 36 20 13 0 25 
37 1 28 5 50 20 13 4 45 41 0 37 30 22 21 24 47 25 
38 1 28 9 29 46 50 36 20 13 45 41 30 22 21 24 47 14 25 11 
39 1 28 46 36 13 45 17 0 37 30 21 24 47 25 11 
40 1 9 46 50 36 20 13 45 41 17 0 37 22 24 47 14 11 
41 26 1 28 29 5 36 20 13 4 45 41 17 37 30 22 21 24 47 14 25 11 
42 26 1 28 9 29 46 50 13 41 0 22 21 47 25 11 
43 26 1 28 9 46 5 50 20 13 4 0 30 22 47 
44 1 28 9 46 50 20 13 4 45 41 17 0 37 30 21 24 25 
45 1 28 9 46 5 36 13 45 0 30 14 
46 26 1 9 46 50 36 13 41 17 0 37 21 24 25 11 
47 26 1 28 9 46 5 50 36 20 13 45 41 0 37 14 11 
48 26 46 5 50 36 20 13 45 0 21 24 47 25 11 
49 26 1 28 9 46 5 36 20 13 4 45 22 21 24 47 25 
50 26 1 28 46 5 41 0 37 30 22 21 47 14 25 11 
51 26 1 28 9 29 46 5 20 13 4 41 0 21 47 14 25 11 
52 1 28 29 46 50 36 37 30 22 21 25 11 
53 1 28 9 29 46 36 20 13 4 45 17 37 30 22 47 14 11 
54 28 9 29 46 5 50 20 13 4 41 17 0 30 21 24 47 25 11 
55 1 28 9 5 50 36 20 13 4 41 17 0 22 21 24 14 11 
56 26 1 28 9 29 46 50 36 20 13 4 45 17 0 37 22 24 47 14 25 11 
57 26 1 46 50 36 13 45 41 0 37 30 22 21 47 11 
58 28 9 46 50 13 41 17 21 14 25 11 
59 26 1 28 9 29 46 50 4 45 41 17 0 30 22 24 47 14 25 11 
60 26 28 9 5 50 20 45 0 37 30 21 47 14 25 11 
61 1 29 36 13 45 17 37 30 22 14 25 
62 1 9 29 46 5 36 41 37 30 21 24 14 11 
63 26 1 28 46 50 36 20 4 0 30 24 25 
64 26 1 28 46 5 36 20 4 41 22 21 24 47 
65 28 9 46 5 50 13 4 37 30 22 21 24 47 25 
66 26 28 9 46 5 50 36 20 4 41 0 21 47 25 11 
67 26 1 28 9 13 4 0 30 22 21 47 14 11 
68 1 28 9 46 50 4 17 0 22 21 47 25 11 
69 1 9 29 46 36 20 13 4 45 41 17 0 37 47 14 11 
70 26 1 9 46 50 36 20 17 37 22 14 11 
71 26 1 28 9 29 46 5 36 20 13 4 17 30 22 21 14 25 11 
72 28 5 50 20 13 4 17 0 37 30 22 21 14 25 
73 26 1 5 50 36 20 13 45 41 17 0 37 30 24 47 14 25 11 
74 26 1 9 46 5 50 0 37 24 47 25 11 
75 28 9 50 36 20 13 4 45 41 17 0 37 22 21 24 14 11 
76 26 1 9 29 46 5 50 36 4 45 30 22 47 14 25 11 
77 26 1 28 29 46 50 36 4 17 37 30 22 21 24 47 14 25 11 
78 26 1 28 29 46 5 36 13 4 17 0 37 30 24 14 
79 28 9 29 46 5 20 45 17 0 30 22 21 24 47 14 25 
80 26 5 50 36 20 4 45 41 17 37 
81 28 29 46 5 50 36 4 45 41 17 30 22 24 47 14 25 
82 26 1 28 9 29 50 36 4 45 41 17 37 30 22 24 14 25 11 
83 26 1 28 9 5 50 36 20 13 4 37 30 22 21 47 14 11 
84 26 28 9 29 13 17 0 22 21 24 
85 1 28 9 29 46 5 36 20 4 45 37 22 24 47 25 
86 26 1 28 9 36 13 45 30 22 21 24 47 
87 26 1 46 5 50 20 4 41 17 0 30 22 47 11 
88 29 46 5 13 4 0 37 21 24 47 14 25 11 
89 26 1 9 29 5 50 36 20 4 41 37 30 22 21 24 47 14 11 
90 46 5 36 20 4 17 0 37 30 22 21 47 11 
91 26 1 28 9 46 5 50 36 4 17 0 22 21 14 11 
92 1 28 9 50 36 20 13 4 17 37 22 21 14 25 11 
93 28 50 36 13 4 45 41 17 0 37 47 14 25 
94 1 9 29 50 20 45 41 17 0 37 22 24 14 25 11 
95 26 1 9 46 20 13 4 17 0 37 24 11 
96 1 28 29 46 50 4 0 37 30 22 21 14 
97 26 1 9 46 5 50 36 20 13 4 17 0 37 30 22 24 25 11 
98 28 9 29 5 50 36 20 4 45 41 37 21 24 47 14 25 
99 26 5 4 45 0 30 22 24 14 25 11 
100 26 1 28 46 5 50 36 4 41 17 14 25 
101 1 28 9 46 5 50 36 20 45 41 17 37 30 22 24 47 14 25 
102 28 29 46 36 13 4 45 17 0 37 30 22 24 47 14 25 11 
103 26 1 9 46 50 36 20 13 41 17 0 37 30 22 24 47 
104 1 28 9 29 50 36 4 17 37 30 22 21 47 14 25 
105 26 1 28 9 36 13 4 45 41 17 0 37 30 22 24 47 14 25 11 
106 28 5 50 36 20 4 45 37 30 22 24 47 
107 26 1 9 29 46 5 36 20 13 4 17 22 21 24 47 14 11 
108 28 9 29 46 5 36 4 45 17 0 11 
109 26 1 28 9 29 5 50 36 20 4 45 41 17 30 47 
110 26 1 28 9 50 20 13 4 0 30 21 24 47 14 25 11 
111 26 1 29 5 50 4 37 30 22 24 47 25 
112 26 1 29 5 50 36 4 41 17 0 37 21 14 25 
113 28 46 5 50 20 13 41 0 30 22 24 47 14 25 11 
114 26 28 9 29 46 5 50 13 4 45 0 22 47 
115 1 46 5 50 36 20 13 45 41 0 37 22 21 47 14 
116 26 1 28 29 46 5 36 13 0 37 21 24 47 14 11 
117 1 28 29 20 13 4 45 41 17 30 22 24 47 11 
118 26 1 28 9 29 46 5 50 20 13 4 45 41 17 30 22 21 24 47 14 11 
119 26 1 9 46 36 20 4 17 0 37 21 14 25 11 
120 26 9 46 50 36 20 4 45 41 17 0 37 22 21 25 11 
121 26 1 9 29 5 50 36 20 13 4 45 41 17 30 22 21 11 
122 28 9 29 46 5 20 13 45 41 0 22 21 47 14 25 
123 26 1 28 46 5 50 4 17 0 37 30 22 21 25 11 
124 26 1 46 5 50 36 20 4 45 0 37 30 22 24 14 11 
125 1 28 9 50 36 20 13 4 17 0 22 47 11 
126 1 9 29 50 13 4 45 17 37 30 22 21 24 25 
127 26 1 28 5 20 13 4 41 0 22 24 47 14 25 11 
128 26 1 29 50 20 4 45 17 37 21 47 14 25 
129 1 28 9 29 46 36 4 41 0 37 22 24 25 11 
130 26 1 28 46 5 50 13 4 45 17 30 22 21 24 14 25 
131 26 28 9 46 50 36 20 4 45 41 37 30 14 25 
132 26 5 50 20 13 45 41 17 22 21 24 14 11 
133 1 28 9 46 36 4 41 17 0 30 22 24 47 14 25 11 
134 1 9 5 36 20 13 17 21 24 47 14 25 11 
135 26 1 28 9 29 46 50 36 41 17 30 21 25 11 
136 28 29 46 5 13 45 41 17 0 37 30 22 24 14 
137 1 9 5 50 20 13 4 45 41 0 37 30 24 14 11 
138 26 28 46 5 50 36 20 13 4 41 37 22 24 47 14 
139 26 28 29 46 5 50 36 4 45 41 30 47 11 
140 28 29 50 36 20 13 41 0 37 30 22 21 47 14 25 11 
141 26 9 29 46 50 36 20 13 4 45 17 37 22 24 47 14 25 
142 1 9 46 50 36 20 4 45 41 0 37 30 22 24 47 14 25 11 
143 1 28 9 5 50 36 20 4 45 17 30 24 14 
144 1 36 20 13 4 17 0 37 47 25 
145 26 9 29 20 13 4 0 30 22 24 47 25 
146 26 1 28 29 46 5 50 36 20 4 45 17 0 21 47 
147 26 1 28 9 29 50 20 13 4 45 41 37 30 22 24 25 
148 28 9 29 46 50 20 13 41 0 37 30 22 21 24 14 25 11 
149 26 5 20 45 17 0 47 14 11 
150 26 28 9 29 20 13 4 41 17 30 21 47 25 
151 26 1 29 46 5 50 13 4 41 0 37 22 21 24 47 25 11 
152 9 46 36 20 4 17 0 37 22 14 
153 26 1 28 9 46 5 36 20 13 4 45 0 37 30 21 47 25 11 
154 1 28 9 29 46 5 50 20 4 45 41 17 0 30 22 21 25 11 
155 26 1 28 50 20 13 30 22 21 47 14 11 
156 1 9 29 5 50 36 20 13 45 17 37 30 22 21 24 47 
157 1 36 20 13 45 41 17 37 22 11 
158 26 28 9 5 50 20 4 45 0 22 24 47 14 25 11 
159 26 1 28 46 5 50 36 20 13 4 45 41 17 22 24 14 25 
160 26 1 9 29 50 20 13 4 45 41 17 0 37 30 21 25 11 
161 26 1 28 46 5 36 20 4 41 0 37 21 24 47 25 11 
162 26 29 36 13 45 41 17 0 22 21 24 47 25 11 
163 26 28 9 29 46 5 13 4 45 41 0 37 30 22 21 14 25 11 
164 26 28 9 5 50 20 4 41 17 30 25 11 
165 26 1 28 29 46 36 20 13 4 41 17 0 37 21 14 25 
166 28 46 50 36 13 45 17 0 30 21 24 47 25 11 
167 26 1 9 46 5 50 20 13 41 17 37 30 21 24 47 25 
168 26 1 9 29 46 20 13 4 45 41 21 14 25 11 
169 26 29 46 20 13 4 41 17 0 37 30 22 21 47 25 11 
170 26 1 28 29 46 5 20 45 0 24 14 11 
171 26 28 9 5 50 20 13 4 41 0 30 22 47 14 25 
172 26 28 9 29 46 5 50 36 20 45 17 30 47 25 11 
173 9 29 46 5 36 13 41 17 22 24 47 14 25 11 
174 9 29 13 45 17 0 30 22 21 47 14 25 11 
175 1 46 50 36 13 4 17 37 30 22 47 25 
176 1 9 5 20 13 4 45 41 17 30 22 21 14 
177 28 9 46 20 13 4 0 30 24 14 11 
178 26 28 9 50 20 13 45 17 37 22 21 24 14 25 
179 28 50 36 20 4 45 41 30 22 21 11 
180 26 1 28 29 5 50 36 20 13 41 0 37 30 24 47 14 25 
181 1 28 29 46 5 20 13 41 0 37 30 47 25 11 
182 26 1 28 29 5 50 13 4 22 21 24 47 14 25 11 
183 9 46 50 20 13 4 41 30 24 14 25 
184 26 9 29 46 50 36 20 13 4 45 17 37 30 22 14 25 11 
185 26 50 20 41 22 24 14 25 11 
186 26 1 28 9 5 50 13 4 45 41 0 37 21 24 
187 26 1 29 46 5 50 20 13 4 30 22 21 24 47 14 25 
188 1 28 9 29 46 5 50 36 20 41 0 37 21 14 25 
189 9 46 50 20 45 41 37 22 47 14 25 11 
190 28 9 29 46 5 36 13 17 37 30 22 25 
191 26 1 28 9 29 5 36 20 13 45 41 17 37 30 24 25 
192 26 1 28 9 29 5 41 17 37 30 21 24 47 14 11 
193 26 1 9 20 41 0 22 24 11 
194 28 9 46 50 36 20 13 45 41 17 37 30 24 47 11 
195 1 29 46 36 20 4 0 37 30 22 24 47 14 11 
196 26 9 46 5 50 20 4 45 41 37 30 21 14 11 
197 26 1 28 9 29 5 36 20 13 4 17 0 37 30 24 47 14 
198 1 28 9 46 5 50 36 20 13 4 45 0 37 30 22 25 
199 26 1 28 5 50 20 13 4 17 37 30 22 47 14 25 11 
200 29 50 36 20 4 41 0 37 30 22 21 24 47 11 
201 28 9 29 46 5 36 13 4 45 41 17 0 22 21 24 25 11 
202 28 36 13 4 45 17 37 30 22 24 14 
203 26 1 28 9 46 5 50 20 13 45 17 0 30 21 25 11 
204 26 1 9 29 46 50 20 4 45 17 0 37 30 24 14 25 11 
205 26 1 28 29 46 5 36 13 45 37 22 21 47 14 11 
206 26 1 28 9 29 46 50 20 13 4 22 24 47 11 
207 26 46 36 20 4 37 21 47 14 25 11 
208 1 28 46 50 36 45 41 17 0 30 22 11 
209 26 1 28 9 29 46 5 36 20 45 41 17 0 37 30 21 24 25 11 
210 26 28 46 5 36 20 13 4 0 37 22 21 24 47 14 25 
211 26 9 5 50 36 20 13 45 17 37 30 21 14 25 11 
212 26 29 5 36 20 13 45 17 0 37 21 14 25 
213 26 1 28 9 29 46 50 45 41 0 37 30 24 47 14 25 11 
214 26 28 9 5 50 36 20 13 45 41 17 30 22 24 47 14 25 
215 1 28 9 29 46 5 50 13 17 37 30 21 24 25 
216 1 9 29 46 36 20 13 45 41 17 37 30 22 21 24 47 14 25 
217 26 1 50 36 13 4 17 0 30 21 24 14 25 11 
218 26 46 5 50 4 41 37 22 11 
219 26 1 46 50 41 17 37 30 22 21 11 
220 26 5 36 13 4 45 41 17 0 22 14 25 
221 26 28 9 46 36 20 13 17 0 37 24 47 25 11 
222 26 9 46 5 20 13 4 45 41 37 30 22 21 24 14 25 11 
223 9 36 20 13 4 41 17 0 30 22 21 24 47 14 11 
224 26 1 28 9 29 46 5 36 13 4 41 0 22 21 24 14 25 
225 26 1 28 46 20 41 17 30 14 25 
226 1 9 46 50 13 45 30 22 
227 26 9 46 5 36 20 4 45 17 30 22 21 
228 26 28 9 29 20 13 4 45 0 37 30 24 47 14 25 11 
229 1 9 46 5 50 13 45 41 0 21 14 11 
230 1 9 5 50 20 13 4 0 37 21 14 
231 1 28 46 5 36 20 45 41 37 30 25 
232 26 28 9 29 50 36 20 13 41 17 22 21 14 25 11 
233 1 28 9 29 46 45 41 17 0 37 30 24 14 25 11 
234 28 9 29 5 20 13 4 41 0 30 21 25 
235 1 28 29 46 5 36 20 13 4 45 41 17 0 37 30 22 14 11 
236 26 1 29 46 5 36 20 13 4 45 41 17 37 30 22 21 47 14 25 11 
237 26 1 28 9 29 5 20 13 4 45 17 0 22 24 47 14 
238 26 1 28 9 29 46 5 50 4 17 0 30 21 24 14 
239 1 46 36 20 45 37 30 22 24 
240 1 28 9 5 50 36 13 17 0 37 22 21 24 47 14 25 11 
241 26 1 9 29 46 50 20 30 22 24 14 25 11 
242 1 9 29 46 50 13 45 41 22 47 11 
243 26 9 46 5 50 45 0 37 22 47 25 
244 26 9 29 50 36 20 13 45 0 30 22 21 24 47 14 25 11 
245 26 1 28 9 29 46 50 20 45 41 0 37 30 21 24 47 14 25 
246 26 9 29 36 20 4 17 30 22 21 24 47 11 
247 28 46 5 36 20 13 4 45 41 37 30 21 24 47 14 
248 1 28 29 5 50 36 20 4 37 30 22 21 24 11 
249 26 1 28 9 5 20 4 41 0 37 30 24 47 14 11 
250 26 1 28 29 36 13 45 0 37 30 22 21 47 14 11 
251 26 28 9 29 50 36 20 4 17 30 24 14 11 
252 26 1 9 29 46 13 4 45 17 30 22 47 14 
253 26 46 5 50 4 45 41 0 37 30 47 14 25 11 
254 26 9 46 50 20 37 30 22 21 24 47 14 11 
255 1 28 9 46 36 20 4 45 41 22 24 47 14 
256 26 1 28 29 46 50 13 4 45 41 0 37 30 22 47 14 11 
257 26 1 9 46 5 20 13 4 17 37 30 24 14 11 
258 1 9 46 5 50 36 20 13 37 30 22 24 47 14 25 11 
259 26 9 29 0 37 30 21 24 47 14 11 
260 1 28 29 46 5 36 20 4 41 37 21 14 
261 1 28 29 46 5 36 13 4 41 30 24 47 14 11 
262 1 28 9 50 20 13 17 22 21 25 11 
263 26 28 9 46 50 36 20 4 45 17 37 22 21 24 14 11 
264 1 28 9 29 46 5 36 13 4 41 17 0 30 22 47 25 11 
265 9 50 20 13 41 37 30 22 21 24 14 11 
266 1 29 36 13 45 17 0 37 30 47 11 
267 26 28 9 29 46 5 50 36 20 13 41 17 37 30 21 24 14 25 11 
268 26 28 29 5 50 36 20 4 17 14 11 
269 26 28 46 50 36 41 17 0 37 30 22 47 14 25 
270 1 46 5 36 20 0 30 21 24 47 14 25 
271 26 1 9 5 50 36 13 4 45 41 17 30 22 21 24 47 14 11 
272 28 29 5 50 36 20 13 41 0 37 30 22 21 14 
273 26 1 28 9 46 5 50 36 20 45 41 17 37 30 24 47 14 11 
274 26 1 9 46 5 36 13 45 41 17 30 22 21 14 25 11 
275 26 9 29 46 5 50 36 20 13 45 17 0 37 30 22 21 47 
276 1 29 50 36 4 45 41 0 37 22 21 47 14 
277 9 29 46 5 50 36 13 4 41 17 30 24 25 
278 26 50 36 20 13 45 0 37 30 22 21 24 47 14 25 
279 26 1 28 9 46 5 50 36 20 4 45 0 30 22 21 24 
280 1 29 5 36 20 13 45 17 37 22 24 14 11 
281 26 1 28 9 29 46 5 50 36 20 13 45 17 0 37 30 21 24 47 14 25 11 
282 26 1 9 29 46 50 36 41 30 22 24 47 
283 1 28 9 46 5 50 36 20 13 4 17 37 30 22 47 11 
284 1 46 50 36 4 45 17 0 21 14 25 
285 1 9 46 5 50 36 20 13 4 17 0 37 30 22 21 24 11 
286 1 28 29 46 20 13 4 45 17 0 37 30 22 21 24 14 25 
287 1 28 9 29 5 36 13 4 45 41 22 21 24 47 25 11 
288 1 28 46 20 13 45 17 30 22 21 47 25 
289 26 9 50 36 13 45 41 37 21 24 25 11 
290 26 1 28 9 5 20 4 45 41 17 30 24 47 14 25 11 
291 1 9 46 36 20 4 45 17 0 37 22 47 11 
292 26 28 9 36 20 13 41 17 0 37 30 21 47 
293 26 1 28 9 46 5 50 13 4 45 41 37 30 22 21 24 47 14 
294 26 1 9 46 5 50 36 13 4 41 30 21 25 11 
295 26 1 9 29 5 50 20 13 41 0 22 14 25 
296 1 9 29 5 50 20 13 0 37 30 22 24 14 25 11 
297 26 9 29 46 5 50 4 41 17 0 37 21 24 47 25 
298 26 1 28 29 46 5 20 4 45 41 17 0 30 21 24 11 
299 1 46 20 13 41 17 37 30 22 21 24 47 14 25 11 
300 1 5 50 36 4 45 0 37 30 22 24 14 
301 1 28 9 46 5 36 20 13 4 41 0 37 21 47 14 25 
302 26 1 28 9 5 45 41 37 47 14 25 
303 28 9 29 46 50 20 13 4 37 30 21 24 14 
304 26 1 28 46 36 20 13 4 45 41 17 37 30 22 21 14 25 11 
305 26 1 28 5 36 20 41 0 37 30 22 24 14 11 
306 1 9 46 36 13 45 17 0 37 30 22 
307 9 45 41 14 25 11 
308 28 9 46 5 36 20 4 41 17 37 30 22 21 24 47 14 25 
309 26 28 9 29 36 20 13 4 45 0 37 30 22 21 47 14 25 11 
310 1 28 46 50 36 20 13 4 45 24 
311 1 28 29 5 50 36 41 17 37 30 22 21 24 25 
312 1 28 9 29 5 36 20 4 41 30 24 11 
313 28 50 36 20 4 45 0 37 22 24 47 25 11 
314 26 9 5 50 36 20 4 17 30 22 21 47 14 11 
315 1 28 9 29 46 50 13 4 45 41 0 37 22 24 14 25 
316 26 1 28 29 36 41 17 0 30 24 14 11 
317 9 46 5 36 13 4 41 37 30 21 24 14 11 
318 26 9 5 20 4 45 22 11 
319 26 1 46 5 50 36 20 4 45 17 0 30 21 24 14 25 
320 26 28 29 46 50 36 20 13 45 17 0 37 30 22 24 14 11 
321 1 9 29 46 50 36 20 13 4 45 41 17 0 30 22 21 24 11 
322 46 20 4 45 41 17 0 37 30 47 14 25 
323 26 1 36 13 4 45 41 0 37 22 21 24 47 14 
324 26 28 46 5 36 13 0 37 30 22 21 24 47 
325 26 1 28 9 5 50 36 20 13 4 41 0 30 22 24 14 25 11 
326 26 28 9 46 5 50 36 20 45 17 30 21 24 47 14 11 
327 26 1 9 29 5 36 45 41 0 37 30 22 24 47 14 25 11 
328 26 9 46 5 50 17 0 37 30 22 14 25 11 
329 28 29 36 37 22 21 24 47 14 
330 26 1 28 5 50 45 17 0 30 21 47 14 
331 26 1 28 9 46 13 4 41 0 22 21 47 14 
332 1 28 9 29 36 13 4 45 41 17 37 21 24 47 14 11 
333 26 28 9 29 50 36 20 13 4 45 0 37 21 24 14 25 
334 26 29 5 13 4 41 17 37 30 22 21 47 14 11 
335 26 1 9 29 46 5 36 20 45 41 30 22 24 14 11 
336 26 1 46 50 36 20 13 4 45 37 30 22 21 24 47 14 11 
337 26 1 28 9 29 46 36 13 45 30 22 21 24 14 
338 26 28 29 46 50 20 41 0 37 30 22 
339 26 1 9 29 46 5 36 13 4 45 0 30 22 21 24 47 14 11 
340 1 9 46 5 20 45 41 17 0 37 30 24 47 14 
341 26 46 5 36 20 17 30 24 14 25 11 
342 28 29 50 20 13 45 41 0 37 30 22 21 24 47 14 11 
343 26 1 28 9 50 36 13 4 45 17 30 21 24 14 25 
344 26 1 28 9 36 20 13 41 37 22 21 47 14 11 
345 9 29 46 5 36 20 13 45 41 17 37 30 21 47 14 11 
346 26 1 28 46 20 13 4 41 0 37 30 22 24 47 14 25 11 
347 26 1 28 29 46 50 36 20 17 0 37 30 22 21 47 14 
348 9 50 20 13 4 37 30 24 14 25 11 
349 1 28 29 46 5 20 45 17 0 30 21 24 
350 26 1 28 9 29 46 5 50 36 4 45 41 17 30 22 47 14 25 
351 26 1 28 5 36 13 4 37 22 24 47 14 
352 1 28 9 29 46 5 50 36 20 4 45 41 17 0 37 21 47 
353 26 1 28 9 29 46 50 36 20 45 17 37 30 22 21 47 11 
354 1 46 5 50 36 20 13 41 47 14 
355 9 5 50 20 13 4 17 0 37 21 47 14 25 11 
356 1 28 29 46 36 20 13 41 37 21 24 47 
357 1 28 29 46 5 50 20 41 0 30 21 24 47 25 11 
358 1 29 5 20 13 4 17 0 30 22 21 47 
359 26 1 36 20 13 4 0 37 22 21 24 47 14 25 11 
360 26 1 9 46 50 36 20 4 37 30 22 21 47 11 
361 26 1 28 9 46 36 13 4 45 41 0 37 30 21 25 
362 1 9 46 5 36 17 0 30 22 21 11 
363 26 29 46 50 20 13 17 0 37 30 22 21 24 14 
364 1 28 9 46 36 4 41 17 0 24 47 25 
365 26 1 9 5 50 20 13 22 21 24 14 25 
366 26 28 50 36 20 4 45 17 30 21 24 47 25 11 
367 26 1 9 46 50 36 20 13 45 41 17 0 37 30 21 24 25 11 
368 1 28 9 29 5 36 13 45 17 0 24 47 
369 1 46 5 50 13 4 41 17 37 30 21 24 25 
370 26 1 28 5 36 20 4 41 17 0 37 30 22 24 47 14 
371 9 46 5 50 36 20 4 17 37 30 22 
372 26 1 29 46 5 50 36 17 0 22 21 47 25 
373 1 29 46 5 50 36 20 13 45 37 22 21 24 14 25 11 
374 26 1 28 9 46 20 4 45 41 0 30 21 11 
375 1 29 50 36 13 45 41 17 0 30 24 47 25 11 
376 26 1 9 46 50 20 13 4 45 41 17 0 30 24 47 14 11 
377 1 28 9 29 46 5 36 4 45 41 17 0 37 21 47 14 25 
378 1 9 46 5 50 36 20 13 4 45 0 30 21 24 
379 1 29 5 4 41 37 30 22 21 24 14 
380 1 28 9 29 46 5 50 20 13 4 41 17 0 21 24 47 11 
381 26 28 9 29 50 36 20 13 4 45 41 37 22 21 14 
382 1 9 29 5 50 13 4 45 41 17 37 22 24 14 25 
383 28 9 29 36 13 45 41 0 37 30 22 21 47 
384 9 36 20 13 45 0 37 30 22 21 47 14 11 
385 1 9 29 46 5 20 13 4 17 0 37 21 47 14 25 
386 26 28 50 36 20 4 41 0 30 21 24 47 14 11 
387 26 1 28 29 46 50 20 13 45 41 17 37 30 22 21 25 
388 1 28 5 50 20 13 4 41 17 0 37 21 24 47 14 25 11 
389 26 28 46 36 20 4 45 17 37 30 22 14 25 11 
390 9 29 46 5 50 36 13 4 45 17 37 22 21 24 25 
391 1 9 29 5 36 20 4 17 37 30 47 14 25 
392 26 1 9 46 5 50 20 13 4 45 37 47 14 11 
393 9 46 5 50 36 20 13 4 17 0 37 30 22 24 47 
394 9 50 20 4 41 17 0 37 30 21 24 47 14 25 
395 26 1 50 13 4 17 0 37 25 11 
396 26 1 28 9 29 46 50 36 45 41 37 30 22 21 24 47 25 
397 26 1 28 9 46 5 45 41 0 37 22 21 24 11 
398 26 28 9 46 5 36 13 4 45 41 17 0 21 24 47 14 25 11 
399 1 28 9 29 5 50 13 4 45 41 0 37 22 47 14 25 
400 28 4 45 41 0 30 14 25 11 
401 26 28 29 46 5 50 20 13 4 41 0 37 30 22 21 24 14 
402 26 1 28 9 29 46 50 20 4 45 41 17 0 37 22 14 25 
403 28 5 36 20 4 17 37 22 24 14 11 
404 26 1 29 46 5 36 4 45 41 17 0 24 47 14 25 11 
405 28 29 5 36 20 41 0 30 22 21 24 47 25 11 
406 1 9 29 46 5 50 36 13 45 0 30 21 24 47 14 25 11 
407 1 9 46 5 50 36 4 41 37 30 22 21 47 14 25 
408 26 28 9 29 46 50 36 20 4 45 17 30 22 24 47 
409 1 28 9 29 5 36 20 4 41 0 22 47 14 25 
410 26 9 29 50 4 45 41 0 21 24 14 25 
411 29 46 36 4 45 41 17 37 30 22 24 25 11 
412 26 29 50 36 20 17 37 30 21 24 
413 28 9 46 5 50 13 41 17 30 22 24 25 11 
414 26 1 46 50 36 20 45 41 0 37 30 21 24 14 25 11 
415 28 9 29 46 36 13 4 0 30 24 47 14 11 
416 26 29 5 50 36 45 17 0 37 22 21 14 
417 26 28 46 50 45 41 17 30 22 47 11 
418 1 28 46 5 50 13 41 22 47 14 25 11 
419 26 1 36 13 45 0 37 22 24 47 14 25 11 
420 1 28 29 36 20 13 41 17 30 21 24 14 25 11 
421 9 46 36 13 4 45 17 37 24 47 14 11 
422 26 28 9 5 36 13 45 41 17 0 30 22 24 47 14 11 
423 28 9 5 36 13 41 17 0 37 30 22 47 14 25 
424 9 5 36 20 4 41 17 22 21 24 47 14 
425 1 28 9 5 50 36 20 45 41 0 30 22 24 47 14 11 
426 26 1 29 46 5 50 20 4 45 17 0 37 30 22 24 14 11 
427 1 9 29 46 50 36 20 13 4 45 41 0 37 30 22 21 24 14 25 11 
428 1 28 29 5 50 20 13 4 41 17 0 37 22 21 24 25 11 
429 1 28 9 29 46 5 36 20 41 17 0 22 21 14 25 11 
430 1 28 46 50 36 20 13 4 17 0 37 30 22 24 47 14 11 
431 26 9 46 5 36 20 4 17 0 37 30 21 24 47 14 
432 26 28 29 46 5 50 13 45 17 0 37 30 22 21 47 14 
433 28 46 50 20 13 4 0 37 22 24 47 14 
434 9 29 46 5 45 41 30 22 24 47 14 
435 1 28 29 5 50 20 45 41 0 37 30 22 14 11 
436 26 1 9 4 45 41 17 0 22 21 24 47 14 11 
437 28 9 46 13 45 41 17 0 37 30 22 21 24 47 11 
438 26 1 46 5 20 4 45 41 17 0 22 21 24 47 14 11 
439 26 9 29 46 5 50 36 20 4 17 37 30 21 24 
440 26 1 46 5 36 20 41 0 30 21 24 47 14 25 
441 26 1 9 29 5 50 36 13 4 41 17 30 22 21 24 25 11 
442 26 1 28 29 46 5 50 17 37 30 22 21 24 47 14 11 
443 26 28 36 13 4 45 41 0 37 30 22 21 24 14 25 
444 1 28 29 46 13 4 45 0 22 47 14 
445 26 1 28 9 46 5 20 4 45 41 17 37 30 22 24 14 25 
446 1 28 9 29 36 20 13 4 45 41 17 37 30 22 21 47 25 
447 26 28 9 5 50 20 4 45 37 21 24 47 25 11 
448 26 1 28 9 46 50 20 13 4 41 30 22 21 47 14 25 11 
449 28 46 5 36 20 13 4 45 41 17 0 37 22 21 24 47 14 
450 28 9 29 5 50 36 13 4 45 17 37 22 21 14 25 11 
451 26 28 9 29 5 36 20 41 21 
452 26 1 28 9 29 46 5 50 20 17 37 21 24 47 25 
453 26 28 29 5 36 20 13 4 41 0 30 22 24 14 25 11 
454 26 28 9 29 46 5 50 20 13 4 41 17 22 24 47 14 25 
455 26 1 28 46 36 20 4 45 0 30 21 24 11 
456 26 28 9 50 20 4 45 41 0 37 14 11 
457 26 1 28 29 5 20 45 41 0 37 30 21 24 11 
458 26 1 9 29 46 5 50 36 20 13 41 37 30 14 
459 1 46 5 36 20 13 4 41 17 37 21 47 11 
460 1 28 46 5 20 45 41 17 0 37 21 24 47 14 
461 1 28 29 46 36 45 41 37 30 22 21 24 25 
462 28 29 5 50 36 20 13 4 45 37 30 22 21 24 47 11 
463 26 1 46 5 50 36 13 4 17 37 21 24 47 14 
464 1 28 9 5 50 20 45 41 17 30 22 21 24 47 25 11 
465 1 28 29 5 50 36 13 17 37 22 24 47 14 25 
466 26 1 28 46 50 20 45 17 37 47 14 11 
467 26 1 28 29 46 20 13 4 0 37 30 21 24 47 25 
468 1 28 9 36 13 45 0 30 22 24 14 
469 1 9 29 46 5 36 20 4 0 37 22 24 14 25 
470 26 1 28 9 29 5 36 45 41 17 30 21 24 25 
471 1 28 9 29 46 5 36 20 0 22 21 24 47 14 11 
472 26 28 29 5 50 4 45 41 17 37 30 21 24 47 14 25 
473 1 28 29 5 50 20 13 17 0 37 21 24 25 11 
474 1 28 46 5 50 36 20 13 4 45 41 37 21 24 47 14 25 
475 26 1 28 9 29 5 20 4 41 17 30 21 24 47 14 11 
476 26 1 28 9 46 5 50 20 13 17 0 37 30 21 24 47 
477 1 29 46 5 36 20 13 41 17 37 22 11 
478 26 1 28 29 5 50 36 20 13 17 30 47 11 
479 1 9 29 46 36 20 4 45 41 0 37 30 21 24 47 14 11 
480 26 1 28 9 46 20 13 45 37 22 21 47 14 25 11 
481 1 28 5 36 4 45 41 17 0 37 30 22 21 24 47 14 
482 28 46 5 50 36 13 4 0 30 22 21 24 47 14 25 
483 26 1 28 9 29 5 36 13 4 41 0 37 22 21 24 47 25 
484 26 1 28 9 36 13 4 45 24 14 25 11 
485 1 36 45 17 0 22 21 24 47 14 11 
486 26 28 9 29 46 5 36 20 13 4 37 24 47 14 11 
487 26 1 5 50 13 41 30 24 25 11 
488 26 9 46 36 13 4 0 37 30 21 24 47 14 25 11 
489 1 9 29 46 50 36 45 17 14 11 
490 26 1 9 36 20 13 4 17 0 37 30 22 47 14 25 
491 26 1 9 5 50 20 13 4 45 17 30 21 24 14 
492 26 1 9 29 5 13 37 22 47 11 
493 26 1 28 29 5 41 37 30 21 14 25 11 
494 26 1 29 46 50 36 20 4 17 0 37 30 22 21 47 
495 1 29 46 5 36 20 4 45 41 17 0 37 21 24 14 25 11 
496 26 1 9 29 50 4 45 41 17 0 30 22 47 25 11 
497 26 1 28 9 5 4 45 41 17 0 37 30 24 47 14 25 
498 1 9 46 5 50 36 4 17 0 30 22 14 
499 26 9 36 20 13 45 41 17 0 37 30 22 24 25 11 
500 26 1 28 9 46 50 20 4 41 17 0 37 21 47 14 
501 1 28 9 29 46 5 50 36 20 13 4 45 17 0 37 47 14 11 
502 1 28 9 29 50 13 4 45 0 37 22 21 24 47 14 25 
503 26 1 29 46 50 36 20 45 37 30 22 14 25 
504 26 28 5 50 36 20 4 45 41 17 37 30 14 25 11 
505 28 29 5 36 13 4 45 17 37 30 22 21 14 
506 26 1 9 46 5 50 36 20 4 41 0 37 30 21 14 25 11 
507 1 5 36 20 4 45 17 0 37 30 22 24 47 11 
508 26 1 9 50 20 13 45 41 0 37 21 24 47 25 11 
509 1 28 29 5 50 36 20 4 0 30 21 14 
510 26 28 9 5 50 13 4 45 41 17 0 22 21 14 
511 1 28 46 50 4 45 0 37 22 21 47 14 25 
512 26 1 29 46 13 4 45 41 17 0 37 30 22 21 24 14 25 11 
513 26 5 36 13 4 41 17 37 22 47 14 11 
514 1 28 9 46 4 37 22 21 24 25 11 
515 26 29 46 50 41 0 30 21 24 47 14 
516 26 46 50 20 13 4 41 0 37 30 22 21 47 25 
517 9 46 5 50 36 20 41 17 0 30 21 47 25 11 
518 26 9 46 5 50 13 45 41 0 21 24 47 14 25 11 
519 26 1 9 13 4 17 37 22 21 47 14 25 
520 1 46 5 50 20 4 45 41 17 37 22 24 14 25 
521 26 1 28 29 46 5 36 20 13 4 45 41 17 30 22 24 47 25 11 
522 9 46 5 50 20 4 41 17 0 30 22 21 25 
523 26 9 46 50 36 13 4 45 17 37 22 47 14 25 11 
524 1 28 9 46 5 50 45 41 0 30 22 21 24 47 14 25 11 
525 26 28 46 5 50 20 13 4 45 17 0 37 30 22 47 14 25 
526 1 28 9 29 50 45 17 22 21 24 14 25 11 
527 1 9 29 5 50 45 17 0 37 30 22 24 47 14 11 
528 26 1 28 29 5 36 13 37 30 22 24 
529 28 9 5 50 36 20 13 4 45 41 17 0 30 22 47 14 25 
530 26 28 9 29 46 5 50 36 20 13 4 41 17 0 37 30 21 14 25 
531 26 28 46 5 50 13 41 0 30 22 24 47 14 25 11 
532 26 28 9 29 46 36 20 13 45 0 30 21 11 
533 28 29 46 5 50 36 20 13 41 0 30 22 21 47 14 11 
534 1 28 29 50 4 45 41 17 0 37 30 22 24 47 14 25 11 
535 26 29 46 36 20 13 4 41 17 0 37 21 24 47 25 11 
536 1 28 9 29 46 5 50 36 13 4 41 0 22 21 24 14 25 
537 1 9 29 46 50 36 13 41 17 0 30 22 47 14 
538 1 29 46 5 36 4 0 30 22 21 24 25 
539 28 29 46 5 50 36 13 41 17 30 24 47 14 25 11 
540 26 1 28 9 29 5 50 36 13 4 17 0 37 30 21 24 47 25 
541 26 1 29 5 50 36 20 45 41 17 24 47 25 11 
542 26 46 36 20 45 41 0 37 30 22 21 47 14 25 
543 9 29 46 50 36 20 4 45 41 0 30 22 47 25 
544 20 13 4 45 41 17 0 30 22 21 47 14 11 
545 9 29 46 5 36 20 4 45 41 17 0 37 22 14 25 11 
546 26 5 36 17 0 37 22 14 11 
547 9 50 36 4 45 41 0 30 22 24 25 11 
548 26 1 28 9 29 50 36 20 45 41 30 22 24 47 25 11 
549 1 29 46 5 50 36 4 41 0 22 21 24 14 25 11 
550 26 46 5 20 4 45 17 0 30 22 21 24 47 11 
551 26 1 9 46 5 36 20 45 17 22 47 14 11 
552 9 29 50 20 13 45 41 17 0 37 30 22 21 24 47 11 
553 28 9 29 46 5 50 36 20 13 4 45 41 37 22 24 47 14 25 11 
554 26 1 29 46 50 20 13 4 45 17 37 30 22 21 47 25 
555 1 28 29 5 20 4 37 22 21 24 47 14 11 
556 26 1 29 46 36 20 45 41 37 30 22 21 24 14 
557 26 28 5 20 13 41 37 30 24 14 25 
558 1 9 50 36 45 41 0 37 30 22 24 14 
559 26 1 9 46 20 45 0 37 30 22 21 14 11 
560 26 1 28 9 46 5 50 13 4 41 0 37 30 22 21 24 14 11 
561 29 46 5 13 4 45 41 17 37 21 24 14 25 11 
562 26 9 46 5 50 20 13 4 17 30 47 11 
563 1 28 9 29 36 13 4 45 0 37 30 22 24 14 11 
564 26 28 9 29 46 5 13 45 41 17 37 22 21 24 47 14 25 11 
565 26 9 46 5 36 20 13 4 17 37 30 21 24 47 
566 26 1 28 9 29 46 50 20 45 41 17 0 37 30 22 24 47 25 11 
567 26 28 5 50 36 20 4 41 17 0 30 22 24 47 14 11 
568 1 28 9 29 46 5 50 20 4 45 41 17 0 30 22 24 14 11 
569 28 46 50 13 4 45 41 0 30 22 24 25 11 
570 28 9 5 13 4 41 17 37 30 22 21 24 14 25 11 
571 28 29 45 17 0 22 21 24 14 
572 1 9 46 5 4 41 0 37 22 21 24 14 25 11 
573 9 50 13 4 45 41 17 0 30 24 47 11 
574 1 28 29 46 5 50 20 4 41 17 0 22 24 14 11 
575 1 28 5 50 13 41 17 0 21 47 14 25 11 
576 26 1 9 29 46 5 50 36 20 13 4 0 37 22 21 47 14 25 
577 26 1 9 5 50 36 20 45 0 37 30 24 47 14 25 11 
578 28 29 50 36 20 45 41 17 37 22 14 25 11 
579 1 9 46 5 20 13 45 41 17 22 21 24 47 
580 9 29 50 36 4 45 41 17 0 30 22 21 24 47 14 
581 26 28 46 36 20 13 17 0 37 21 47 14 11 
582 26 28 29 5 50 36 20 45 17 30 21 24 
583 26 1 5 20 4 45 41 0 47 25 11 
584 1 9 46 5 50 36 20 13 4 41 0 37 30 22 21 24 47 14 11 
585 1 28 9 29 46 5 20 4 41 17 0 22 21 14 
586 1 29 46 5 50 36 20 13 4 45 41 17 0 21 24 
587 1 28 9 29 46 50 20 17 37 22 21 47 14 11 
588 26 28 9 29 46 50 20 13 0 30 21 24 11 
589 26 1 9 46 20 13 45 41 17 30 22 14 11 
590 26 1 28 29 46 5 36 20 4 45 41 17 0 24 47 11 
591 26 9 29 46 50 20 13 45 41 0 30 24 14 11 
592 26 28 29 46 5 20 45 41 0 37 30 21 14 11 
593 26 1 28 9 46 36 45 41 17 37 21 24 
594 26 28 9 29 5 50 20 13 17 37 30 22 21 24 25 11 
595 26 1 28 9 29 46 5 36 13 45 41 37 30 21 24 47 14 25 11 
596 28 9 50 4 41 37 22 21 47 
597 1 28 9 29 46 5 36 20 13 4 45 41 37 47 25 11 
598 26 1 28 5 50 36 4 41 0 37 30 21 24 25 
599 26 28 9 46 5 36 20 45 17 37 30 24 
600 26 1 29 46 5 50 36 4 45 17 37 30 22 24 25 
601 1 28 29 46 50 20 13 45 41 22 21 24 47 25 
602 26 1 28 46 5 36 13 4 45 0 37 22 21 47 25 
603 28 9 29 5 50 36 20 45 41 37 24 14 25 
604 1 29 46 36 4 41 17 37 24 47 14 25 11 
605 1 28 29 5 50 4 45 41 17 37 22 21 24 
606 26 28 5 36 20 13 4 45 17 37 24 47 25 
607 26 1 29 5 36 20 13 4 41 17 0 37 22 24 14 11 
608 26 1 9 29 46 5 20 13 4 45 17 30 22 24 47 11 
609 26 29 20 13 17 0 37 30 21 24 47 25 11 
610 1 28 29 50 36 20 0 37 30 22 21 24 47 25 11 
611 26 1 28 5 50 36 20 41 0 37 22 21 24 47 14 11 
612 1 5 36 20 41 0 37 30 21 24 14 25 11 
613 26 1 28 9 46 5 50 36 20 13 4 45 41 37 30 22 21 24 14 11 
614 26 36 13 4 45 41 17 24 14 11 
615 26 1 28 5 36 4 45 41 17 0 37 21 24 14 11 
616 1 29 46 36 41 17 0 37 30 22 21 24 47 14 25 11 
617 28 9 29 46 5 50 36 4 45 0 30 21 47 14 25 11 
618 1 28 9 5 50 36 13 37 30 22 24 47 14 11 
619 1 28 29 46 5 50 36 20 4 17 37 22 24 14 25 11 
620 26 1 28 9 29 46 5 50 20 13 45 41 37 14 25 11 
621 28 9 29 5 50 4 45 17 22 21 14 25 11 
622 1 28 9 29 46 5 20 13 4 17 0 37 21 24 47 14 25 
623 26 1 9 29 5 50 36 4 45 41 17 37 22 24 47 25 11 
624 26 1 28 9 5 13 45 37 30 22 21 24 25 11 
625 1 28 29 5 36 20 45 41 0 37 30 22 24 47 
626 26 1 28 9 5 36 20 4 41 17 0 24 47 11 
627 1 28 46 36 13 4 41 17 0 37 22 21 24 47 14 
628 26 1 28 29 5 13 45 37 30 21 24 25 11 
629 29 5 50 36 13 4 17 0 37 30 21 24 47 14 25 
630 26 1 28 46 5 50 36 45 37 22 21 24 14 11 
631 28 9 29 46 50 36 13 45 17 0 30 21 14 25 11 
632 1 9 29 46 36 13 4 45 0 37 21 24 47 25 11 
633 26 1 28 9 46 50 20 13 45 41 17 30 22 21 47 14 25 11 
634 1 9 5 50 36 20 13 45 17 0 37 30 47 14 25 
635 26 1 28 29 46 5 50 36 4 41 17 0 37 30 14 25 11 
636 26 28 29 46 50 20 13 45 41 17 0 37 22 21 25 11 
637 26 1 9 29 46 5 36 20 13 0 37 21 24 47 14 
638 26 28 46 5 50 36 17 0 37 30 21 11 
639 26 1 28 9 29 5 50 4 17 0 30 22 21 24 47 14 25 11 
640 1 28 9 5 13 45 17 37 21 24 14 11 
641 26 1 46 5 36 13 41 17 37 22 24 47 14 25 11 
642 26 28 46 36 13 41 0 37 30 22 47 14 
643 26 9 29 46 5 50 36 20 13 4 0 37 30 47 14 11 
644 28 9 29 46 50 20 13 4 41 17 37 30 21 24 14 25 11 
645 26 1 28 9 29 46 5 50 20 13 4 45 17 0 22 24 
646 26 1 46 5 50 36 13 41 17 0 37 22 24 47 14 25 
647 1 28 29 50 20 4 41 17 30 22 24 14 
648 1 29 5 20 13 45 41 17 21 14 11 
649 1 28 46 13 45 17 22 21 47 14 25 
650 26 1 9 29 46 50 36 20 17 0 37 30 22 47 
651 26 1 28 29 5 36 20 13 4 45 30 24 47 11 
652 1 28 36 20 13 4 45 41 17 0 30 22 21 24 47 14 11 
653 26 1 28 9 5 20 13 17 37 30 22 47 25 11 
654 1 9 29 46 5 50 4 45 41 17 37 22 24 25 
655 26 1 28 9 46 5 50 36 20 4 45 41 17 37 30 22 14 11 
656 26 1 9 29 46 50 36 20 4 45 17 37 30 22 21 25 11 
657 28 9 29 5 50 13 41 22 14 25 11 
658 26 1 28 46 5 50 36 20 17 0 37 30 22 25 11 
659 26 28 9 29 36 20 13 17 0 21 24 47 14 
660 26 28 29 46 5 50 4 41 0 37 22 47 14 25 
661 26 1 28 9 46 5 50 13 4 45 41 17 37 22 21 24 14 25 
662 26 1 28 9 29 46 5 50 36 20 4 45 41 17 0 30 24 47 14 11 
663 29 5 50 36 20 13 4 45 17 0 37 30 22 21 24 47 25 11 
664 26 1 9 46 36 13 45 41 14 25 
665 26 1 9 50 36 41 0 37 21 24 14 
666 9 29 5 50 36 13 4 17 0 37 21 47 25 
667 28 9 46 5 50 20 4 45 17 0 37 22 47 25 
668 1 28 9 46 5 36 20 4 45 0 37 30 47 14 25 
669 29 46 50 20 13 4 41 17 37 30 22 21 25 
670 26 28 29 46 5 50 4 45 41 17 37 30 22 24 47 14 25 
671 26 1 29 46 50 4 45 41 17 24 47 14 11 
672 1 28 9 29 46 5 20 45 41 0 37 22 47 11 
673 28 9 29 5 50 36 20 13 17 37 30 22 21 47 14 25 
674 28 29 50 36 20 4 17 21 24 14 25 11 
675 1 9 29 46 36 20 13 45 41 17 0 37 21 47 25 11 
676 26 9 4 41 17 0 30 22 21 24 47 25 11 
677 26 29 46 5 50 36 20 13 4 45 37 30 22 21 24 47 11 
678 26 1 9 46 50 20 4 45 41 0 37 21 14 25 11 
679 1 29 46 5 36 20 45 17 0 30 21 24 
680 26 28 20 13 4 45 41 30 22 47 25 11 
681 26 1 29 46 50 36 13 45 0 37 22 47 14 11 
682 26 1 29 5 50 36 45 41 30 24 14 11 
683 26 46 5 50 36 20 4 17 0 30 24 47 25 11 
684 26 28 29 5 36 13 4 45 41 0 22 21 14 11 
685 26 1 28 46 20 4 45 41 0 37 30 22 21 24 25 11 
686 26 1 29 46 50 13 4 0 37 30 22 21 47 14 25 
687 26 46 20 13 45 41 0 37 30 11 
688 26 1 28 9 29 5 50 36 45 41 17 0 22 21 14 25 11 
689 5 50 36 13 4 45 41 17 0 37 22 21 24 47 14 11 
690 26 1 28 50 36 4 41 17 30 22 25 
691 26 1 28 9 29 46 5 50 36 13 41 17 37 30 22 24 47 14 25 
692 26 29 5 50 20 4 41 17 37 30 22 21 47 25 11 
693 26 1 28 9 46 5 50 36 20 13 4 17 0 37 21 25 11 
694 26 1 28 9 29 46 5 50 36 4 45 41 30 22 24 47 14 25 11 
695 26 28 5 20 4 17 30 21 
696 5 20 45 41 17 37 24 25 
697 1 28 9 29 46 5 50 20 17 0 37 22 24 11 
698 26 28 9 46 5 36 20 13 4 45 41 37 30 24 47 25 11 
699 26 9 29 36 20 13 4 41 17 30 22 21 24 
700 26 1 28 46 5 50 36 13 4 17 30 22 21 47 25 11 
701 28 5 50 20 13 4 0 30 22 21 25 
702 1 28 9 46 50 36 20 13 4 45 41 17 0 30 21 47 25 
703 26 1 28 5 36 13 41 0 37 30 21 24 14 25 11 
704 26 1 28 9 29 50 36 4 17 0 47 25 11 
705 26 1 36 13 45 41 17 30 22 21 24 
706 26 1 28 9 29 46 5 50 13 4 41 17 0 37 30 22 21 47 14 11 
707 1 28 9 46 5 50 36 20 13 45 41 17 37 22 24 47 14 
708 1 28 29 46 5 20 13 4 45 0 37 22 14 25 11 
709 26 9 29 46 5 50 20 13 4 45 41 0 37 22 24 47 
710 26 28 36 20 13 4 45 17 37 30 21 24 47 11 
711 26 1 28 9 29 46 50 20 13 4 41 17 0 37 30 22 24 47 25 11 
712 26 29 46 5 36 13 45 41 17 0 37 22 21 11 
713 26 1 29 36 20 13 4 0 37 30 22 24 25 
714 26 1 28 9 46 5 36 13 41 0 37 30 22 24 47 14 25 11 
715 1 28 5 50 36 41 17 0 37 30 22 21 47 14 25 11 
716 1 9 29 50 20 13 4 0 22 21 24 14 11 
717 9 46 50 20 13 4 45 41 0 22 21 47 25 11 
718 28 29 5 50 36 45 17 0 37 30 21 47 14 11 
719 46 5 50 36 13 45 41 0 37 30 22 21 14 25 11 
720 26 1 29 46 20 13 41 17 0 30 24 25 11 
721 28 9 5 36 20 13 4 41 17 37 22 21 24 47 14 
722 29 46 5 4 17 37 30 22 21 24 47 14 25 11 
723 26 1 29 46 5 50 20 4 41 0 30 21 24 14 
724 26 1 9 46 5 36 20 45 41 0 30 22 14 25 11 
725 26 1 28 5 50 20 45 17 0 37 30 22 21 14 
726 26 1 9 29 46 5 13 0 30 22 24 47 14 11 
727 28 9 29 46 5 50 36 20 13 41 17 0 30 22 21 24 14 25 
728 26 1 28 5 36 20 13 4 41 17 0 30 47 11 
729 1 28 50 20 13 4 45 22 21 24 47 14 25 
730 1 9 5 36 20 4 45 41 17 37 30 22 21 24 47 25 11 
731 26 1 9 29 46 5 50 20 13 41 0 37 24 25 11 
732 28 29 5 50 20 13 4 45 0 30 22 24 47 25 11 
733 1 28 9 29 46 50 20 13 4 45 0 37 24 47 14 11 
734 26 1 5 50 4 45 41 17 0 30 22 21 14 11 
735 26 9 29 5 36 13 4 45 41 30 21 24 25 11 
736 28 9 36 20 13 45 17 30 22 24 47 11 
737 26 28 20 4 45 17 24 11 
738 26 1 9 36 13 4 45 41 30 22 21 14 25 11 
739 9 29 50 13 41 30 21 24 47 14 
740 26 1 28 9 29 46 5 36 20 13 4 45 41 17 0 30 22 21 24 14 25 11 
741 26 1 28 29 46 36 13 4 45 41 17 0 37 30 21 24 47 25 
742 26 1 28 46 50 20 13 41 17 0 37 22 21 14 25 11 
743 28 9 29 50 13 4 45 41 17 37 22 24 11 
744 1 46 36 45 0 37 21 24 11 
745 26 28 46 5 50 36 4 45 41 17 37 22 14 11 
746 26 28 9 50 36 20 13 4 45 41 17 0 30 22 21 14 25 
747 1 28 9 29 46 5 36 20 13 4 17 22 24 25 
748 1 28 29 5 50 36 13 0 37 21 24 47 25 
749 26 28 46 50 36 20 45 41 0 22 21 47 14 11 
750 9 29 5 36 20 13 4 41 0 30 22 21 47 14 11 
751 28 9 29 46 41 17 0 30 22 21 24 47 25 11 
752 26 28 9 29 46 50 20 13 4 45 41 17 0 30 21 24 25 11 
753 26 1 28 9 46 5 50 36 20 13 45 41 14 11 
754 26 28 46 5 50 20 13 45 41 17 0 24 14 25 
755 26 9 29 46 5 20 4 45 41 17 0 37 21 47 14 25 11 
756 1 29 46 5 20 13 45 17 30 22 24 47 14 
757 1 9 29 46 36 13 41 30 22 24 47 14 11 
758 1 28 29 5 50 36 20 4 45 41 0 37 30 22 21 24 47 14 
759 1 28 9 29 46 50 36 13 4 45 41 0 37 22 47 25 11 
760 9 5 50 36 13 4 45 41 30 47 
761 1 9 29 46 5 50 36 20 13 4 45 17 0 22 24 47 25 11 
762 26 1 28 9 46 5 20 41 17 0 37 30 22 47 25 11 
763 1 28 29 5 50 20 13 45 41 17 0 21 24 47 11 
764 26 9 29 5 36 20 45 41 17 37 30 22 21 24 25 11 
765 1 9 29 46 5 50 36 13 41 17 37 30 21 47 25 11 
766 26 1 28 29 46 5 50 36 20 4 17 37 30 22 21 24 14 11 
767 26 9 29 46 50 13 4 0 37 30 24 14 25 11 
768 1 9 29 50 36 13 4 45 17 0 37 30 21 24 14 25 
769 26 1 28 9 46 5 50 20 13 17 0 37 30 22 14 25 11 
770 26 28 46 5 13 17 0 37 30 24 25 11 
771 26 1 28 29 50 36 20 13 45 41 0 37 30 21 47 14 25 11 
772 1 28 29 5 20 4 17 0 37 30 22 21 24 14 25 11 
773 29 46 5 13 41 17 0 37 24 47 14 25 
774 26 1 9 46 50 36 20 13 41 17 0 30 22 21 24 
775 26 1 28 9 46 5 13 41 37 30 21 47 14 11 
776 26 9 29 46 5 50 36 20 13 4 45 41 0 22 21 24 47 25 
777 1 29 50 36 20 4 45 17 0 37 30 47 25 
778 26 1 28 46 5 50 20 13 4 45 17 0 37 22 21 24 47 
779 26 1 9 46 36 20 13 4 45 41 17 0 37 30 22 21 24 47 25 
780 26 5 36 20 45 0 37 30 22 21 47 14 25 11 
781 1 28 9 5 36 45 41 17 37 24 11 
782 26 1 28 29 5 50 20 4 45 41 24 47 
783 26 1 28 9 46 50 36 20 13 4 45 41 0 37 30 22 47 
784 26 28 9 5 36 41 0 37 21 24 25 11 
785 26 9 29 5 50 36 20 13 45 17 37 21 24 25 11 
786 26 1 28 9 29 50 36 20 41 0 22 21 24 47 25 11 
787 26 1 29 5 36 20 13 4 41 17 0 37 22 24 47 25 11 
788 29 5 36 20 13 45 41 17 37 24 
789 26 1 28 29 46 5 20 45 22 21 24 47 11 
790 26 1 28 9 29 50 20 13 4 45 17 21 25 11 
791 1 5 50 36 20 4 45 41 0 22 21 47 11 
792 26 1 28 9 46 50 36 20 4 45 17 0 37 30 22 21 24 25 
793 1 28 9 46 5 36 20 13 4 45 17 37 22 24 47 14 25 11 
794 26 1 28 29 46 5 4 45 17 37 30 21 24 47 14 11 
795 1 46 50 36 20 13 45 22 21 25 11 
796 26 28 9 5 50 36 20 13 45 41 17 0 37 30 22 21 24 25 
797 26 28 9 5 36 20 13 45 41 0 37 22 21 24 47 14 11 
798 1 9 29 46 5 50 20 13 4 41 17 0 30 21 24 47 25 11 
799 1 28 9 29 46 36 4 45 41 17 0 37 30 24 47 14 25 11 
800 1 46 5 50 36 13 4 45 41 17 0 30 22 25 11 
801 26 1 28 9 29 46 5 36 20 13 4 45 22 47 14 25 11 
802 26 1 28 9 5 50 36 20 45 41 17 0 37 30 21 24 47 11 
803 26 1 46 5 13 45 41 17 0 37 24 
804 29 46 5 13 4 17 30 22 47 14 25 
805 1 9 46 5 50 20 17 0 37 30 47 14 25 11 
806 28 29 46 5 50 36 20 13 4 17 0 37 30 22 21 24 14 25 
807 26 5 36 4 45 41 22 21 24 14 11 
808 26 1 29 46 5 50 13 45 17 0 37 22 24 14 25 
809 26 1 9 5 20 13 41 0 37 22 24 14 25 
810 26 46 5 50 36 13 4 45 41 17 0 30 22 21 47 14 
811 1 28 9 46 5 36 45 41 0 22 24 47 14 25 
812 29 46 50 36 13 45 17 0 37 30 21 24 47 14 11 
813 9 29 50 36 13 41 30 24 25 
814 26 1 28 5 50 13 4 45 41 37 30 22 14 25 
815 28 9 29 5 50 4 41 37 21 24 25 11 
816 1 29 46 5 36 13 45 0 37 30 22 21 24 47 14 11 
817 26 1 29 50 36 13 41 0 37 30 21 24 47 14 25 11 
818 1 28 9 29 46 50 36 20 13 4 45 17 37 30 21 25 11 
819 1 28 9 36 20 13 4 41 17 0 22 21 47 25 11 
820 26 28 29 46 50 4 45 41 17 0 37 21 24 11 
821 26 1 29 46 5 13 4 41 17 30 25 
822 28 9 29 46 5 50 36 20 13 45 41 17 0 37 22 21 24 47 25 11 
823 1 28 46 5 50 36 13 4 45 17 0 37 22 21 24 47 25 11 
824 1 9 29 46 20 45 17 0 37 30 22 24 47 14 25 
825 1 28 9 29 46 5 50 36 20 13 45 41 17 0 37 30 47 14 25 11 
826 1 28 5 50 36 4 17 0 37 30 21 47 14 11 
827 1 28 29 46 5 36 45 0 47 14 25 11 
828 26 1 9 29 50 20 4 41 17 0 37 22 24 47 14 11 
829 9 46 50 13 45 41 17 0 37 22 47 14 
830 26 1 28 9 46 5 50 36 13 45 41 17 0 30 22 24 14 25 11 
831 26 1 28 9 5 20 4 17 0 37 14 25 11 
832 1 9 29 46 5 50 36 20 13 45 17 37 30 22 21 24 47 14 11 
833 28 46 5 50 36 20 45 17 0 37 21 47 25 11 
834 26 1 28 9 5 50 13 0 22 21 24 47 
835 1 28 9 29 46 50 36 20 13 45 17 0 37 30 22 21 
836 29 46 5 50 36 20 13 17 21 24 14 25 
837 26 28 46 5 36 20 13 41 30 22 24 25 
838 9 46 50 20 4 45 41 17 14 25 
839 26 1 28 9 29 46 13 41 0 22 24 47 14 25 11 
840 1 28 9 29 46 20 45 41 17 0 30 24 47 14 
841 26 9 29 46 20 13 4 17 30 22 21 24 14 25 
842 26 9 46 36 4 17 0 37 30 22 47 25 11 
843 28 29 5 20 13 4 45 0 22 47 14 
844 26 1 28 9 36 20 4 0 30 22 21 24 47 14 11 
845 26 29 46 5 50 36 0 37 22 21 24 14 11 
846 1 28 9 29 5 20 4 17 37 22 21 24 47 14 25 
847 26 1 29 46 5 50 36 13 45 0 37 30 22 21 14 11 
848 29 46 5 50 13 45 41 0 30 22 21 14 25 11 
849 1 9 46 5 50 36 20 41 17 0 37 22 21 24 14 11 
850 1 9 46 5 50 36 20 13 4 45 41 17 37 30 47 
851 28 46 5 4 0 30 22 21 47 25 11 
852 26 1 9 5 50 20 13 4 41 17 37 30 21 24 47 11 
853 26 1 28 5 50 36 20 13 45 41 17 30 22 21 47 14 
854 26 28 46 36 20 41 17 0 37 22 24 
855 26 28 46 5 36 13 4 45 17 37 30 21 25 
856 1 28 29 5 50 4 45 41 17 0 
857 26 1 28 9 29 5 50 36 20 45 41 17 0 37 30 47 25 
858 26 28 9 29 5 50 20 4 17 0 21 24 11 
859 26 1 28 9 5 50 36 20 13 41 17 0 37 22 21 24 47 14 25 
860 1 29 46 36 20 41 17 37 22 21 24 47 14 11 
861 28 29 36 20 13 41 17 0 24 47 14 25 11 
862 28 29 46 50 36 13 4 45 0 37 30 21 24 47 
863 1 29 5 36 4 45 41 37 22 47 14 
864 26 28 29 46 5 50 13 4 0 37 30 24 14 
865 1 9 46 5 50 36 20 4 45 0 37 22 24 47 14 11 
866 26 28 9 50 20 13 4 45 41 17 0 37 22 47 14 25 
867 26 29 46 50 20 41 17 0 30 21 
868 1 28 29 46 5 13 41 0 37 21 
869 28 46 5 36 20 13 45 41 37 30 22 14 11 
870 26 1 28 9 29 46 5 50 36 20 4 45 41 22 47 25 11 
871 28 9 46 50 36 20 41 37 21 24 47 14 25 11 
872 26 28 9 29 5 50 20 4 45 41 17 14 25 
873 1 28 9 29 5 50 36 20 13 45 0 22 21 24 25 11 
874 28 9 20 4 41 0 30 21 24 47 25 11 
875 1 28 29 5 50 36 20 13 4 45 17 37 21 25 
876 26 29 46 5 50 36 20 13 4 41 0 30 24 47 25 11 
877 26 1 9 46 50 36 20 4 45 41 17 37 22 21 24 47 14 25 11 
878 26 1 9 46 5 50 36 13 45 0 30 25 
879 46 5 36 20 17 37 24 11 
880 26 1 9 29 46 50 4 41 17 0 37 30 24 47 11 
881 26 28 9 29 46 50 36 13 4 45 0 37 30 22 21 24 25 11 
882 28 9 29 50 36 20 13 4 41 17 22 21 24 14 25 11 
883 1 28 5 36 13 41 17 0 25 11 
884 28 29 46 36 4 45 41 17 37 24 14 25 11 
885 26 28 9 29 36 13 4 45 41 17 0 37 30 24 47 25 11 
886 26 28 9 29 46 5 20 45 17 37 30 22 21 47 14 25 
887 26 1 28 5 50 4 45 0 37 30 22 24 11 
888 26 9 29 5 50 36 20 0 37 30 22 24 47 14 25 
889 26 1 28 9 29 46 36 13 0 37 30 47 
890 26 9 29 46 50 36 20 4 45 17 0 37 21 24 25 11 
891 26 29 46 5 13 41 17 0 37 25 
892 26 9 29 5 36 13 41 17 0 37 47 11 
893 1 28 29 46 50 20 13 45 41 17 30 21 24 47 14 25 
894 26 9 5 50 36 20 13 4 41 21 24 47 11 
895 26 28 9 29 5 36 20 4 45 41 37 30 22 21 14 25 11 
896 26 1 29 5 20 13 45 17 37 22 21 24 25 11 
897 1 9 5 50 36 13 4 45 41 17 37 22 21 47 25 11 
898 1 36 20 13 41 17 0 22 47 14 25 
899 46 5 50 36 20 13 4 45 37 30 21 47 14 11 
900 1 9 29 5 36 20 13 41 37 30 21 24 47 14 11 
901 26 1 28 9 46 5 20 41 30 22 24 14 25 
902 9 29 5 36 20 13 4 41 0 22 24 25 
903 9 29 46 5 50 13 41 0 37 22 21 24 47 25 11 
904 26 28 46 5 50 36 4 41 17 21 24 47 14 11 
905 26 1 29 50 36 20 13 4 41 0 37 30 21 24 25 11 
906 1 50 36 13 4 45 41 37 30 21 47 25 11 
907 28 29 46 5 20 13 4 0 30 22 21 
908 9 29 46 5 13 45 41 0 37 21 47 14 25 11 
909 1 28 46 5 36 20 13 4 45 37 30 22 24 47 14 25 11 
910 26 1 9 46 50 36 4 45 17 0 37 30 22 21 24 11 
911 1 9 46 50 36 45 17 22 21 24 47 
912 1 28 29 46 50 36 4 45 41 0 24 11 
913 1 28 9 29 5 50 20 13 45 41 17 37 30 22 24 47 14 25 11 
914 26 1 9 36 4 45 41 0 37 30 21 24 47 11 
915 28 9 46 5 20 13 4 45 0 30 
916 28 9 46 5 50 13 4 45 17 0 37 30 24 14 11 
917 26 28 50 36 20 13 4 45 41 17 37 30 22 24 
918 26 9 29 46 5 50 20 13 4 45 17 30 22 24 47 14 25 11 
919 26 1 9 29 46 5 50 36 20 13 45 41 17 37 22 25 11 
920 1 28 9 46 5 20 45 41 17 0 37 22 24 25 
921 26 1 28 9 29 5 50 36 13 4 17 0 37 22 21 24 11 
922 26 28 9 46 36 20 13 4 45 41 17 37 47 11 
923 26 1 28 9 46 36 4 45 17 0 30 22 21 47 25 11 
924 26 1 9 29 5 50 4 41 17 0 37 30 22 21 25 11 
925 26 1 28 9 29 5 20 4 41 0 37 22 24 47 
926 26 1 28 29 46 50 36 20 13 4 17 37 22 21 47 
927 26 28 29 46 5 50 36 13 4 45 41 17 37 22 25 
928 9 29 46 5 50 36 13 41 17 0 22 47 11 
929 26 1 28 29 46 50 36 20 13 4 45 17 30 22 47 14 
930 1 28 46 5 50 20 13 4 45 41 17 0 30 21 25 
931 26 1 9 29 50 20 13 45 41 0 37 24 11 
932 1 28 29 46 5 36 20 13 45 41 0 37 22 24 47 25 11 
933 1 28 9 5 50 36 20 13 4 45 41 17 0 37 30 24 47 25 11 
934 1 28 9 29 46 5 50 36 20 41 17 0 30 22 24 25 11 
935 1 28 9 5 36 20 13 4 37 22 21 24 47 14 25 
936 28 9 29 5 20 13 4 41 37 30 22 47 11 
937 1 28 9 29 46 5 50 36 20 13 4 41 17 0 22 21 24 47 11 
938 26 28 9 46 5 36 13 45 0 30 22 25 11 
939 26 1 9 29 46 5 50 20 13 41 30 22 24 47 14 
940 28 29 5 20 41 17 22 21 14 
941 26 1 5 36 20 13 41 17 0 30 22 24 11 
942 26 9 46 5 50 36 4 45 17 0 37 22 47 14 
943 26 1 29 46 5 50 36 20 4 17 0 37 30 22 21 14 25 11 
944 26 29 46 5 50 36 20 4 0 30 22 47 14 
945 1 28 9 29 50 20 45 41 0 30 22 21 24 25 11 
946 1 28 50 36 4 41 0 30 21 47 11 
947 28 9 46 5 50 20 13 4 41 0 30 21 24 47 11 
948 28 5 20 13 4 45 41 17 30 22 21 24 14 11 
949 26 28 50 20 45 41 17 0 30 21 47 14 25 
950 9 29 46 13 45 37 30 22 24 11 
951 26 1 29 5 50 20 13 4 45 0 37 30 21 24 
952 26 1 28 9 46 50 36 13 4 45 41 17 0 37 30 21 47 14 25 11 
953 28 9 36 20 4 45 41 0 37 30 22 21 24 47 14 25 
954 26 1 28 29 46 5 36 4 17 0 47 25 11 
955 26 1 50 36 13 4 17 30 22 24 14 11 
956 26 1 28 9 36 13 45 41 0 24 11 
957 26 28 9 50 13 45 41 17 0 30 21 24 25 
958 1 9 29 46 36 13 45 17 0 30 21 14 25 
959 28 46 36 13 4 45 41 17 0 37 30 22 21 24 47 14 25 11 
960 26 29 36 4 45 41 17 22 21 24 47 25 
961 1 28 9 46 5 50 36 20 41 0 37 14 11 
962 26 28 9 29 46 5 36 4 45 41 17 0 30 24 14 11 
963 26 28 9 46 5 36 20 13 4 41 17 0 30 22 47 
964 26 29 46 5 36 17 0 30 22 47 14 25 11 
965 26 28 29 36 13 4 41 17 0 30 22 21 24 14 25 11 
966 1 28 9 29 46 5 36 17 37 30 22 21 24 14 25 
967 1 9 5 50 36 20 13 4 45 41 17 0 37 22 21 14 
968 1 28 29 20 13 45 41 17 37 30 
969 1 28 9 5 50 41 0 37 22 21 24 14 25 11 
970 26 1 28 9 29 46 50 36 20 13 4 41 17 0 37 22 21 
971 26 1 9 29 46 5 50 36 20 4 45 41 17 0 22 24 47 25 
972 26 1 28 29 5 50 20 13 45 41 17 0 37 30 21 24 47 25 11 
973 26 1 9 29 46 5 50 20 13 41 17 0 22 21 47 14 25 11 
974 1 28 46 5 36 20 4 45 0 37 30 21 47 25 11 
975 26 1 28 29 46 5 36 4 45 0 30 47 11 
976 28 9 29 46 5 50 13 4 41 30 24 25 11 
977 26 1 9 46 5 50 36 20 4 45 41 17 0 30 22 21 24 14 25 11 
978 26 1 28 9 5 36 4 45 41 17 0 37 30 22 21 24 47 14 
979 26 28 9 29 46 36 13 17 22 21 24 47 14 11 
980 1 9 29 46 5 50 36 20 4 17 37 22 21 24 
981 1 9 5 50 13 45 41 0 30 24 25 11 
982 1 29 20 13 45 41 17 0 37 22 24 47 
983 26 28 29 5 50 20 4 45 41 17 37 30 22 21 14 
984 28 46 5 50 36 20 45 41 17 30 22 21 24 47 25 11 
985 1 29 5 36 13 45 41 0 30 47 14 25 11 
986 26 1 28 29 36 20 13 4 41 17 0 30 22 21 24 14 25 
987 26 28 5 36 13 4 41 0 37 30 22 21 24 14 25 11 
988 28 9 29 46 5 50 36 13 4 45 41 17 0 37 22 21 24 47 14 25 11 
989 26 1 28 9 29 36 20 45 41 17 30 22 21 14 11 
990 28 9 29 46 5 50 36 13 4 17 30 22 24 47 11 
991 26 28 50 36 4 45 41 17 0 37 22 24 25 11 
992 28 50 20 13 4 41 17 21 24 11 
993 26 28 46 5 50 20 13 4 41 0 37 21 24 14 25 11 
994 1 28 9 29 5 36 20 4 41 17 0 30 21 14 11 
995 26 1 28 9 29 46 5 36 4 45 41 37 22 21 24 11 
996 26 9 29 46 20 13 4 45 41 17 0 37 30 22 21 24 25 11 
997 1 9 29 5 50 36 20 13 4 41 17 37 30 21 24 14 25 11 
998 26 28 46 5 36 20 13 45 0 37 22 24 25 11 
999 1 9 29 5 20 13 45 41 0 30 22 21 47 14 25 
