312 10.668584 59.99812 199319 1.0 54
309 10.66806 59.998196 106688 0.435 90
224 10.768218 59.90852 293534 0.0 2
47 10.779368 59.90825 162421 0.614 90
132 10.792656 59.923603 187861 0.88 20
85 10.759446 59.92114 147503 0.046 82
293 10.812286 59.95335 41225 0.586 48
151 10.716272 59.91657 274935 0.256 19
240 10.936017 59.966625 211746 0.803 92
27 10.739484 59.912205 157839 0.161 38
228 10.751166 59.91085 294292 0.833 85
250 10.682782 59.92076 158626 0.791 90
180 10.685742 59.906616 167862 0.063 28
288 10.723891 59.95991 144451 0.646 14
48 10.776548 59.965755 23311 1.0 70
248 10.771562 59.907894 168051 0.885 37
1 10.731432 59.913536 315048 0.914 74
133 10.716445 59.92954 113860 0.109 23
207 10.735294 59.938095 196791 0.103 88
154 10.715944 59.9273 28362 0.922 91
284 10.724274 59.953342 126722 0.169 81
14 10.758972 59.92409 147649 0.378 85
278 10.757223 59.931183 17712 0.256 63
168 10.666526 59.96442 198838 0.73 66
184 10.740702 59.92367 278887 0.547 63
