58 10.726599 59.91105 257224 1.0 6
69 10.733477 59.914505 233434 1.0 32
84 10.733726 59.914314 233426 1.0 36
20 10.729359 59.913467 195698 1.0 34
71 10.733934 59.91472 233774 1.0 18
108 10.734984 59.91427 233838 1.0 51
80 10.734652 59.914074 233820 1.0 8
6 10.728309 59.9136 195696 0.0 15
78 10.734792 59.914127 233824 1.0 86
107 10.734812 59.914146 233826 1.0 3
1 10.709921 59.918793 16060 1.0 46
30 10.766946 59.91042 56342 1.0 45
76 10.734172 59.91417 233420 1.0 95
83 10.733635 59.914364 233428 1.0 30
106 10.735007 59.91431 233842 1.0 13
86 10.733726 59.914314 233426 1.0 5
63 10.726389 59.91108 51392 1.0 2
65 10.734093 59.91469 233776 1.0 61
88 10.733726 59.914314 233426 1.0 94
17 10.743425 59.91464 290436 0.0 85
29 10.708657 59.92656 97476 0.0 77
77 10.73437 59.91461 233778 1.0 77
5 10.747761 59.913895 234130 0.0 70
66 10.73437 59.91461 233778 1.0 16
13 10.712859 59.93289 3276 1.0 72
