629 10.80411 59.95903 254832 0.353 38
400 10.76249 59.9121 295503 0.401 67
69 10.748088 59.91901 740 0.317 4
369 10.761076 59.912548 3706 0.776 3
263 10.71345 59.91653 272020 0.805 59
536 10.677429 59.977795 107955 1.0 2
39 10.747453 59.912018 6821 0.714 2
590 10.759966 59.91338 168107 0.344 73
349 10.641584 59.926044 181422 0.0 77
558 10.735273 59.914555 116929 1.0 52
135 10.73584 59.92265 146768 0.646 66
132 10.725796 59.915096 134594 0.24 38
595 10.760288 59.913326 168107 0.482 95
428 10.757524 59.90884 239456 0.114 34
238 10.718849 59.914005 271927 0.199 36
371 10.75916 59.91342 311411 0.553 80
520 10.677813 59.977665 107952 0.752 78
125 10.715447 59.92233 9383 0.846 42
468 10.7513685 59.951096 133341 0.085 12
36 10.748329 59.911377 250482 0.563 46
198 10.740081 59.91869 153322 0.916 31
186 10.763592 59.91277 295580 0.787 73
600 10.758791 59.9136 276874 0.995 6
331 10.746789 59.91081 6824 0.041 9
103 10.749869 59.928406 154175 0.226 65
