0 13.2341 52.527 405488 1 
1 13.371 52.4699 396561 1 
2 13.1914 52.5359 74810 1 
3 13.2359 52.6206 206383 1 
4 13.3019 52.5078 234158 1 
5 13.4297 52.5715 409489 1 
6 13.2435 52.6017 111228 1 
7 13.4888 52.5266 42015 1 
8 13.3415 52.537 374179 1 
9 13.4261 52.4572 30846 0 
10 13.3191 52.4996 4117 0 
11 13.1804 52.5048 133592 1 
12 13.4078 52.564 450849 1 
13 13.5337 52.5305 289570 0 
14 13.3392 52.4745 282521 1 
15 13.4655 52.4363 140117 1 
16 13.4523 52.4387 31136 1 
17 13.4743 52.4255 253945 1 
18 13.5759 52.5052 134992 0 
19 13.3305 52.5712 171953 1 
20 13.3151 52.5837 439933 0.95 
21 13.2843 52.5951 83937 1 
22 13.4284 52.5678 352145 1 
23 13.41 52.5821 103138 1 
24 13.379 52.5761 214984 1 
25 13.43 52.5862 494466 1 
26 13.1495 52.4576 411768 1 
27 13.5589 52.4348 473871 1 
28 13.1993 52.5428 251074 1 
29 13.4214 52.459 441845 1 
30 13.3413 52.5199 416284 1 
31 13.2811 52.5083 311458 1 
32 13.5689 52.545 103558 1 
33 13.5364 52.5319 247078 0 
34 13.2974 52.4865 228846 0 
35 13.5092 52.4568 173691 1 
36 13.5404 52.4198 307893 1 
37 13.5076 52.4995 125756 0 
38 13.2892 52.5106 12999 1 
39 13.3855 52.5502 35217 1 
40 13.3684 52.4189 376377 1 
41 13.3438 52.4351 70263 1 
42 13.4033 52.5247 43291 1 
43 13.2162 52.4384 538 1 
44 13.4552 52.5493 220270 1 
45 13.4053 52.3867 1160 0.715 
46 13.4042 52.3867 1161 0.565 
47 13.409 52.3871 200195 1 
48 13.414 52.55 392824 1 
49 13.4536 52.4294 202812 1 
50 13.2888 52.633 346620 1 
51 13.4475 52.4375 373149 1 
52 13.5356 52.5111 203355 1 
53 13.5035 52.5097 18260 1 
54 13.2886 52.4768 1002 1 
55 13.3364 52.5234 155462 1 
56 13.3368 52.5267 177931 1 
57 13.3503 52.5417 481598 0.8 
58 13.3242 52.4606 136020 1 
59 13.3015 52.4886 501934 1 
60 13.302 52.508 6682 1 
61 13.3361 52.5021 110429 0 
62 13.3046 52.5166 5581 1 
63 13.2614 52.516 322027 1 
64 13.2014 52.5478 25218 1 
65 13.5436 52.5236 38802 1 
66 13.3609 52.4982 91469 1 
67 13.33 52.4582 18808 1 
68 13.3241 52.4939 2064 1 
69 13.411 52.5713 492990 1 
70 13.3599 52.4337 393313 1 
71 13.479 52.5267 353830 1 
72 13.4159 52.491 465283 1 
73 13.4133 52.5029 13702 1 
74 13.3507 52.5324 477771 1 
75 13.4135 52.5408 252219 1 
76 13.4194 52.4993 227207 1 
77 13.3431 52.5187 227266 1 
78 13.4982 52.514 94625 1 
79 13.5594 52.5552 34402 0 
80 13.2863 52.5353 439668 1 
81 13.4306 52.4978 234124 1 
82 13.1839 52.5445 74437 1 
83 13.2824 52.51 207593 1 
84 13.4414 52.5435 14177 1 
85 13.451 52.5158 258550 1 
86 13.3455 52.5542 261683 0 
87 13.5243 52.4786 246984 1 
88 13.3852 52.538 332287 1 
89 13.4304 52.4691 291581 1 
90 13.5845 52.4289 246908 1 
91 13.4617 52.5161 321248 1 
92 13.3873 52.4919 159119 1 
93 13.2188 52.5578 31730 1 
94 13.521 52.4518 272786 1 
95 13.3547 52.5983 165677 1 
96 13.3389 52.4885 165061 1 
97 13.3438 52.489 7676 1 
98 13.5585 52.5059 284563 1 
99 13.4513 52.509 91891 1 
100 13.4315 52.5321 14016 1 
101 13.5063 52.4936 338205 1 
102 13.3292 52.4459 191256 1 
103 13.4283 52.588 236375 1 
104 13.42 52.499 329578 1 
105 13.3035 52.4267 256087 0 
106 13.3237 52.4718 428012 1 
107 13.2706 52.4385 485058 1 
108 13.3333 52.5954 84691 1 
109 13.4593 52.5602 433710 0 
110 13.3749 52.5076 61038 1 
111 13.4119 52.5676 294727 1 
112 13.3858 52.4656 353440 0.5 
113 13.4316 52.4674 464444 1 
114 13.3091 52.5167 204648 0 
115 13.5049 52.5731 433850 1 
116 13.4484 52.4853 77262 1 
117 13.311 52.4962 4216 1 
118 13.3129 52.4997 3627 1 
119 13.3419 52.4472 342959 1 
120 13.3266 52.4798 419476 1 
121 13.4505 52.4892 17603 1 
122 13.396 52.5107 242811 1 
123 13.4684 52.5277 325684 1 
124 13.3944 52.507 2218 1 
125 13.3313 52.4866 499160 1 
126 13.3189 52.4814 4511 1 
127 13.3254 52.4865 237594 0 
128 13.4096 52.5216 391070 1 
129 13.2715 52.5102 459507 1 
130 13.3207 52.4853 8936 1 
131 13.5559 52.5201 37168 0 
132 13.3217 52.5068 320925 1 
133 13.1881 52.5374 145274 1 
134 13.5827 52.5177 438053 1 
135 13.4566 52.4903 177138 1 
136 13.4135 52.4934 188772 1 
137 13.2037 52.5375 28527 1 
138 13.1981 52.5324 215325 1 
139 13.2165 52.4273 483740 1 
140 13.1953 52.5355 39597 1 
141 13.2061 52.543 165713 1 
142 13.1959 52.5286 75232 1 
143 13.3464 52.4365 188406 1 
144 13.3423 52.556 100062 1 
145 13.4888 52.467 52595 1 
146 13.1978 52.5219 12939 0 
147 13.5725 52.568 451154 1 
148 13.5261 52.4824 289762 1 
149 13.3308 52.4674 9876 0 
150 13.1865 52.5473 66465 1 
151 13.1425 52.525 267079 1 
152 13.3587 52.5464 60526 1 
153 13.3201 52.5016 149208 1 
154 13.2899 52.4755 3016 1 
155 13.4499 52.5234 24225 0 
156 13.4153 52.5187 13832 1 
157 13.3863 52.5594 120947 0 
158 13.4613 52.5087 66661 1 
159 13.3066 52.5071 500784 1 
160 13.406 52.5527 12566 1 
161 13.2985 52.4413 137953 1 
162 13.233 52.4379 200047 1 
163 13.3343 52.5245 9130 1 
164 13.3304 52.4535 8182 1 
165 13.3056 52.5097 192555 1 
166 13.3087 52.5114 255627 0 
167 13.2086 52.5623 216658 1 
168 13.3567 52.4861 494559 1 
169 13.6248 52.4513 403961 1 
170 13.4382 52.4789 236623 1 
171 13.4266 52.4852 344341 1 
172 13.4496 52.474 27867 1 
173 13.4268 52.4761 128335 1 
174 13.4399 52.4749 413687 1 
175 13.2924 52.4975 1045 1 
176 13.3858 52.4459 129771 1 
177 13.3855 52.4468 137741 1 
178 13.4145 52.5546 50975 1 
179 13.4137 52.5588 272300 1 
180 13.468 52.5277 485314 1 
181 13.4123 52.5327 36663 1 
182 13.5094 52.4527 95384 0 
183 13.4098 52.5711 15316 1 
184 13.3688 52.5449 11614 1 
185 13.4427 52.4803 162315 0 
186 13.4746 52.5144 270645 1 
187 13.4291 52.5024 209642 0 
188 13.2613 52.4447 20966 1 
189 13.6055 52.5372 147520 1 
190 13.4858 52.4643 469730 1 
191 13.3824 52.5922 173423 1 
192 13.3152 52.4728 8336 1 