0 13.5405 52.5216 179664 1
1 13.5648 52.5725 471602 1
2 13.2341 52.527 405488 1
3 13.311 52.468 405234 1
4 13.3012 52.5158 250225 1
5 13.2721 52.5192 415199 0
6 13.2081 52.559 52004 1
7 13.6961 52.437 146340 1
8 13.5636 52.5133 276128 1
9 13.5814 52.514 137546 1
10 13.4569 52.4532 286921 0
11 13.5516 52.5536 127671 1
12 13.4786 52.4839 145178 1
13 13.371 52.4699 396561 1
14 13.1751 52.5171 413643 1
15 13.1914 52.5359 74810 1
16 13.3906 52.4923 243018 1
17 13.242 52.4443 342724 1
18 13.2359 52.6206 206383 1
19 13.4021 52.4147 31302 1
20 13.5881 52.5055 184938 1
21 13.6108 52.5046 184740 1
22 13.5387 52.5102 173625 1
23 13.3005 52.6162 493792 1
24 13.6195 52.5041 368849 1
25 13.6242 52.5045 476752 1
26 13.3743 52.4894 350220 0
27 13.617 52.5051 333871 1
28 13.3019 52.5078 234158 1
29 13.4428 52.4651 27423 1
30 13.2422 52.4441 265829 0
31 13.2233 52.4296 218421 1
32 13.5785 52.4522 102051 1
33 13.4297 52.5715 409489 1
34 13.3661 52.4491 367467 1
35 13.4331 52.4452 288284 0.675
36 13.5923 52.4543 102061 1
37 13.347 52.4121 116571 0
38 13.3512 52.4399 133929 1
39 13.5714 52.4719 286001 1
40 13.2435 52.6017 111228 1
41 13.2033 52.523 114927 0.417
42 13.5023 52.4828 110181 1
43 13.3768 52.5006 412768 1
44 13.4993 52.5243 192577 1
45 13.4497 52.4561 31351 0
46 13.5758 52.4898 162649 1
47 13.4992 52.5214 207741 0.481
48 13.4888 52.5266 42015 1
49 13.4524 52.5338 498582 0
50 13.2656 52.4182 252098 1
51 13.4148 52.5563 212233 1
52 13.3452 52.4903 2128 1
53 13.2644 52.4193 252100 1
54 13.3415 52.537 374179 1
55 13.5728 52.4144 435245 1
56 13.3473 52.5967 129716 1
57 13.3278 52.6088 501257 1
58 13.3154 52.6131 26176 1
59 13.3189 52.611 494305 1
60 13.4002 52.3948 199443 1
61 13.4261 52.4572 30846 0
62 13.4038 52.5828 392096 1
63 13.3191 52.4996 4117 0
64 13.3588 52.413 133577 1
65 13.3848 52.4488 427459 0.5
66 13.4713 52.4333 417632 1
67 13.3551 52.4132 407916 0
68 13.52 52.5312 476825 1
69 13.1804 52.5048 133592 1
70 13.4194 52.5147 423342 1
71 13.3653 52.5624 172195 1
72 13.324 52.5612 116504 1
73 13.4665 52.5966 494174 1
74 13.3122 52.5063 149358 1
75 13.4078 52.564 450849 1
76 13.2218 52.5366 137058 1
77 13.5187 52.5224 204301 1
78 13.3943 52.4258 251349 1
79 13.3711 52.5587 11640 1
80 13.5337 52.5305 289570 0
81 13.3392 52.4745 282521 1
82 13.6662 52.41 224909 1
83 13.2374 52.4328 18480 1
84 13.4655 52.4363 140117 1
85 13.6038 52.5452 413432 1
86 13.4593 52.5623 108923 1
87 13.329 52.5616 16070 1
88 13.2664 52.5131 7435 0.429
89 13.2626 52.5147 12384 1
90 13.5005 52.5433 391970 1
91 13.4523 52.4387 31136 1
92 13.4743 52.4255 253945 1
93 13.5281 52.5565 140604 1
94 13.5021 52.4811 119111 1
95 13.5028 52.4604 350185 1
96 13.5759 52.5052 134992 0
97 13.45 52.6179 250955 0
98 13.5745 52.5047 81763 1
99 13.285 52.5222 257707 1
100 13.2828 52.5542 215342 1
101 13.426 52.4524 287075 0
102 13.4182 52.5283 103117 1
103 13.4411 52.5306 108921 1
104 13.3674 52.5615 41946 1
105 13.3305 52.5712 171953 1
106 13.1833 52.54 334331 1
107 13.487 52.4229 135151 1
108 13.3151 52.5837 439933 0.95
109 13.4347 52.5944 22603 1
110 13.2843 52.5951 83937 1
111 13.3846 52.4701 6890 1
112 13.2975 52.5503 430344 1
113 13.4722 52.5655 408448 1
114 13.4284 52.5678 352145 1
115 13.4328 52.6009 49575 1
116 13.41 52.5821 103138 1
117 13.379 52.5761 214984 1
118 13.4414 52.4814 451833 1
119 13.43 52.5862 494466 1
120 13.1787 52.5491 397920 1
121 13.3504 52.5354 344257 1
122 13.3242 52.5256 431197 1
123 13.4424 52.4655 484062 1
124 13.3044 52.6194 485648 1
125 13.4428 52.4245 314948 1
126 13.4666 52.5609 433898 1
127 13.1495 52.4576 411768 1
128 13.5589 52.4348 473871 1
129 13.3468 52.5916 443047 1
130 13.3618 52.545 457012 1
131 13.4368 52.457 30818 1
132 13.4331 52.4993 267096 1
133 13.367 52.465 303546 1
134 13.4823 52.4261 382247 1
135 13.4798 52.4284 135172 1
136 13.4508 52.5355 427097 1
137 13.3194 52.5127 429829 1
138 13.3811 52.4404 492366 1
139 13.4247 52.4522 287073 1
140 13.1993 52.5428 251074 1
141 13.3468 52.5792 499076 1
142 13.3337 52.5208 417386 1
143 13.2074 52.5293 480831 1
144 13.4214 52.459 441845 1
145 13.4917 52.5587 497999 1
146 13.5529 52.4313 488855 1
147 13.2605 52.5084 437788 1
148 13.3703 52.4354 385718 1
149 13.1916 52.4346 107910 1
150 13.3413 52.5199 416284 1
151 13.3207 52.4843 167133 1
152 13.2876 52.4958 234247 0.539
153 13.3282 52.5311 356749 1
154 13.2943 52.5017 1050 1
155 13.3454 52.5463 329 1
156 13.3297 52.5632 267958 1
157 13.3134 52.4796 87109 1
158 13.3065 52.5776 130123 1
159 13.3093 52.568 221 1
160 13.2105 52.5272 491943 1
161 13.2811 52.5083 311458 1
162 13.2279 52.5073 502944 0
163 13.3029 52.5189 192853 1
164 13.5499 52.5519 127684 1
165 13.3792 52.5691 291534 1
166 13.3314 52.493 501945 0
167 13.5689 52.545 103558 1
168 13.5271 52.5568 140610 1
169 13.4497 52.497 281554 0
170 13.3093 52.4925 245654 1
171 13.4217 52.514 227893 1
172 13.5364 52.5319 247078 0
173 13.365 52.4273 357464 0
174 13.3323 52.5985 25844 0
175 13.3358 52.5644 190134 0
176 13.4695 52.5433 100881 1
177 13.5313 52.5098 176763 0.13
178 13.2411 52.5379 186267 1
179 13.468 52.5474 100859 1
180 13.2833 52.5755 436568 1
181 13.4978 52.5469 173224 1
182 13.2974 52.4865 228846 0
183 13.5788 52.4582 140522 0
184 13.5092 52.4568 173691 1
185 13.5761 52.4475 41212 1
186 13.5404 52.4198 307893 1
187 13.5276 52.4247 293452 1
188 13.37 52.4216 96219 1
189 13.5076 52.4995 125756 0
190 13.4345 52.5131 14693 1
191 13.4958 52.5458 187276 1
192 13.2914 52.507 254525 1
193 13.2892 52.5106 12999 1
194 13.4963 52.5182 141348 1
195 13.2868 52.5861 483645 0
196 13.3997 52.3867 445951 0.522
197 13.3701 52.5419 93109 1
198 13.2948 52.5107 335660 1
199 13.3957 52.3867 307802 1
200 13.3855 52.5502 35217 1
201 13.3684 52.4189 376377 1
202 13.3889 52.5501 141707 1
203 13.3851 52.5499 370577 1
204 13.3438 52.4351 70263 1
205 13.4033 52.5247 43291 1
206 13.4507 52.5486 154651 1
207 13.2162 52.4384 538 1
208 13.4552 52.5493 220270 1
209 13.4558 52.5494 220269 1
210 13.4053 52.3867 1160 0.715
211 13.4042 52.3867 1161 0.565
212 13.409 52.3871 200195 1
213 13.407 52.3862 136353 1
214 13.4571 52.4295 269527 0.143
215 13.2184 52.5381 185315 1
216 13.414 52.55 392824 1
217 13.4536 52.4294 202812 1
218 13.3536 52.5494 456947 0
219 13.4247 52.488 382953 0
220 13.5201 52.5137 471192 1
221 13.2888 52.633 346620 1
222 13.3843 52.5507 267112 1
223 13.5182 52.5137 361027 1
224 13.4792 52.5162 329370 0
225 13.4475 52.4375 373149 1
226 13.4403 52.4992 17573 1
227 13.4793 52.5198 336508 0
228 13.3921 52.5541 12061 0
229 13.5356 52.5111 203355 1
230 13.4958 52.506 18193 1
231 13.5035 52.5097 18260 1
232 13.3209 52.4123 248740 1
233 13.2886 52.4768 1002 1
234 13.4667 52.5246 112321 1
235 13.3981 52.5348 177345 1
236 13.3364 52.5234 155462 1
237 13.3037 52.4493 240231 1
238 13.3226 52.5183 323395 0
239 13.3844 52.4582 264297 1
240 13.3368 52.5267 177931 1
241 13.3426 52.5027 302144 1
242 13.3354 52.5265 9096 1
243 13.3354 52.5265 9096 1
244 13.305 52.5129 7061 1
245 13.3045 52.5173 5497 1
246 13.3503 52.5417 481598 0.8
247 13.3242 52.4606 136020 1
248 13.2419 52.4236 28084 1
249 13.1556 52.5326 454697 1
250 13.4401 52.5409 17249 1
251 13.2661 52.4144 59261 1
252 13.3015 52.4886 501934 1
253 13.28 52.5378 207238 1
254 13.302 52.508 6682 1
255 13.3361 52.5021 110429 0
256 13.2823 52.478 382126 1
257 13.2933 52.4745 267439 1
258 13.3046 52.5166 5581 1
259 13.2835 52.4784 6444 0
260 13.253 52.4499 339349 1
261 13.5117 52.5042 79358 1
262 13.2609 52.516 340637 1
263 13.2614 52.516 322027 1
264 13.2698 52.5108 437514 1
265 13.2574 52.5189 10039 1
266 13.2655 52.5117 12351 1
267 13.2684 52.5116 437510 1
268 13.3075 52.5046 6619 0
269 13.3134 52.6207 167989 1
270 13.2787 52.5184 155324 1
271 13.2014 52.5478 25218 1
272 13.5436 52.5236 38802 1
273 13.4628 52.5235 263359 1
274 13.3609 52.4982 91469 1
275 13.3013 52.5837 15836 1
276 13.478 52.4293 348456 1
277 13.3389 52.4867 7828 1
278 13.5071 52.4039 347075 0
279 13.4922 52.4203 140976 1
280 13.3322 52.4685 227433 1
281 13.3333 52.469 9869 0
282 13.3214 52.4576 261266 1
283 13.33 52.4582 18808 1
284 13.367 52.4933 206802 1
285 13.3637 52.5008 14911 0
286 13.2978 52.5105 4762 1
287 13.284 52.5064 330236 1
288 13.3241 52.4939 2064 1
289 13.3229 52.4899 359715 1
290 13.2992 52.4732 236829 1
291 13.3228 52.4889 359716 1
292 13.4017 52.5895 386104 1
293 13.411 52.5713 492990 1
294 13.3979 52.5801 21398 1
295 13.4037 52.5804 178251 1
296 13.3635 52.4996 14928 0
297 13.3599 52.4337 393313 1
298 13.4629 52.4254 198252 1
299 13.479 52.5267 353830 1
300 13.3318 52.5066 478892 1
301 13.3596 52.5743 391 1
302 13.5477 52.4383 54519 0
303 13.5429 52.436 76493 0
304 13.259 52.4322 166087 1
305 13.4095 52.4899 444582 1
306 13.5748 52.4871 139335 1
307 13.3975 52.5658 72361 0
308 13.3224 52.4588 136024 1
309 13.422 52.5357 79294 1
310 13.4319 52.5545 138928 1
311 13.3397 52.4976 6839 1
312 13.4159 52.491 465283 1
313 13.4137 52.4917 248848 0
314 13.3594 52.5734 84114 1
315 13.4133 52.5029 13702 1
316 13.5176 52.5673 148238 1
317 13.3507 52.5324 477771 1
318 13.5256 52.5679 32617 1
319 13.5076 52.5645 148287 1
320 13.4135 52.5408 252219 1
321 13.3412 52.4508 429211 0
322 13.4118 52.5406 135478 1
323 13.3618 52.5685 15645 1
324 13.5876 52.4412 331808 0
325 13.4024 52.4119 230696 1
326 13.3266 52.4643 204350 1
327 13.4194 52.4993 227207 1
328 13.3431 52.5187 227266 1
329 13.4025 52.5693 485839 1
330 13.3287 52.465 227426 1
331 13.2964 52.4433 200062 1
332 13.3851 52.4983 288683 1
333 13.2972 52.5118 5784 1
334 13.3344 52.5268 92538 1
335 13.4982 52.514 94625 1
336 13.5594 52.5552 34402 0
337 13.4552 52.512 251055 1
338 13.3632 52.5509 369117 1
339 13.2863 52.5353 439668 1
340 13.4691 52.5076 255859 1
341 13.1578 52.4194 131296 1
342 13.4732 52.5138 422477 1
343 13.3453 52.4367 107203 1
344 13.3901 52.5121 89242 1
345 13.4904 52.6173 284359 0
346 13.4435 52.4842 221958 1
347 13.2151 52.439 405778 1
348 13.261 52.4361 183020 1
349 13.2616 52.4109 46841 1
350 13.1629 52.5511 207371 1
351 13.1772 52.5471 29007 1
352 13.2945 52.4742 236840 1
353 13.4955 52.5359 244508 0
354 13.4365 52.4182 62401 0
355 13.4306 52.4978 234124 1
356 13.3197 52.457 149665 1
357 13.4278 52.4902 390309 0.129
358 13.5386 52.5279 144693 0.025
359 13.2597 52.4353 92637 1
360 13.2619 52.4374 150192 1
361 13.409 52.5015 13679 1
362 13.1839 52.5445 74437 1
363 13.2602 52.4345 32051 1
364 13.3571 52.4074 125526 1
365 13.2824 52.51 207593 1
366 13.2957 52.5134 262574 1
367 13.3801 52.4387 246340 1
368 13.4414 52.5435 14177 1
369 13.2792 52.5773 281816 1
370 13.2896 52.6341 353718 1
371 13.2868 52.6326 356450 1
372 13.51 52.457 473223 1
373 13.451 52.5158 258550 1
374 13.353 52.55 383885 1
375 13.4091 52.5043 345730 1
376 13.3455 52.5542 261683 0
377 13.6011 52.4807 57238 0
378 13.2815 52.5102 467836 1
379 13.5243 52.4786 246984 1
380 13.3852 52.538 332287 1
381 13.4304 52.4691 291581 1
382 13.3197 52.4716 88428 1
383 13.3938 52.5403 468290 1
384 13.287 52.5903 367354 1
385 13.4397 52.5238 14468 1
386 13.2842 52.5891 170922 1
387 13.2828 52.5893 132607 1
388 13.5213 52.4975 235351 1
389 13.4321 52.5019 346737 1
390 13.5746 52.4448 93374 1
391 13.5845 52.4289 246908 1
392 13.5769 52.4555 236936 1
393 13.5762 52.4546 37839 1
394 13.4617 52.5161 321248 1
395 13.3873 52.4919 159119 1
396 13.4258 52.5297 13991 1
397 13.3611 52.4947 227240 1
398 13.2188 52.5578 31730 1
399 13.521 52.4518 272786 1
400 13.3547 52.5983 165677 1
401 13.4222 52.5332 13953 1
402 13.2413 52.5433 139636 1
403 13.2386 52.5426 136486 1
404 13.3714 52.5652 434023 1
405 13.1698 52.5184 165225 1
406 13.3389 52.4885 165061 1
407 13.5167 52.5106 200470 1
408 13.2674 52.5368 139599 1
409 13.2685 52.5367 128890 1
410 13.3497 52.4826 182644 1
411 13.3889 52.4365 139938 1
412 13.5244 52.4828 289718 0
413 13.3876 52.5261 460239 1
414 13.3438 52.489 7676 1
415 13.4284 52.4844 18845 1
416 13.5585 52.5059 284563 1
417 13.4513 52.509 91891 1
418 13.4315 52.5321 14016 1
419 13.5063 52.4936 338205 1
420 13.3294 52.6095 131768 1
421 13.4024 52.5814 266266 0
422 13.3292 52.4459 191256 1
423 13.2698 52.4515 423855 1
424 13.3727 52.446 330058 1
425 13.3898 52.4349 139935 1
426 13.41 52.5288 454613 1
427 13.3865 52.4421 129764 1
428 13.3023 52.4379 137962 1
429 13.4602 52.4941 49823 0.846
430 13.4283 52.588 236375 1
431 13.3057 52.4171 50879 1
432 13.287 52.4329 299549 1
433 13.42 52.499 329578 1
434 13.3132 52.423 20316 1
435 13.3035 52.4267 256087 0
436 13.5731 52.568 229412 1
437 13.3237 52.4718 428012 1
438 13.4512 52.5099 252248 1
439 13.3106 52.4651 125278 1
440 13.2706 52.4385 485058 1
441 13.3559 52.5483 179667 1
442 13.3333 52.5954 84691 1
443 13.4563 52.4364 287637 1
444 13.4593 52.5602 433710 0
445 13.2638 52.4873 15159 0
446 13.4968 52.4183 316587 1
447 13.3749 52.5076 61038 1
448 13.1952 52.4301 737 1
449 13.5636 52.5708 229420 1
450 13.3914 52.3984 152883 1
451 13.4714 52.5284 395108 1
452 13.3239 52.4952 353449 1
453 13.3199 52.496 4131 1
454 13.4119 52.5676 294727 1
455 13.3245 52.4979 4251 1
456 13.4379 52.5326 14038 1
457 13.3858 52.4656 353440 0.5
458 13.424 52.5494 475621 0.462
459 13.3913 52.5635 15399 0
460 13.2907 52.5153 7518 1
461 13.4316 52.4674 464444 1
462 13.3923 52.4905 13523 1
463 13.2901 52.5189 48434 1
464 13.3091 52.5167 204648 0
465 13.4934 52.6362 80121 1
466 13.3307 52.5001 470533 1
467 13.3228 52.4973 4150 1
468 13.4755 52.4229 389564 0.27
469 13.5049 52.5731 433850 1
470 13.5521 52.5344 462320 1
471 13.5875 52.5212 335300 1
472 13.4839 52.4254 135163 1
473 13.5581 52.5251 350453 1
474 13.4484 52.4853 77262 1
475 13.4206 52.4954 290359 1
476 13.3121 52.4981 3625 1
477 13.311 52.4962 4216 1
478 13.3362 52.5304 9092 1
479 13.3129 52.4997 3627 1
480 13.3419 52.4472 342959 1
481 13.3396 52.4484 421660 1
482 13.3899 52.5107 355116 1
483 13.3266 52.4798 419476 1
484 13.4505 52.4892 17603 1
485 13.396 52.5107 242811 1
486 13.47 52.5319 496188 1
487 13.4684 52.5277 325684 1
488 13.4867 52.5409 36517 1
489 13.3288 52.563 282625 1
490 13.3171 52.5667 121402 1
491 13.3944 52.507 2218 1
492 13.4089 52.5242 13858 0
493 13.3313 52.4866 499160 1
494 13.4426 52.543 174323 1
495 13.3189 52.4814 4511 1
496 13.3254 52.4865 237594 0
497 13.4096 52.5216 391070 1
498 13.411 52.5202 81836 1
499 13.3838 52.5307 310536 0
500 13.3867 52.5119 193077 1
501 13.3291 52.4817 4546 1
502 13.2715 52.5102 459507 1
503 13.3214 52.5703 44348 1
504 13.3207 52.4853 8936 1
505 13.35 52.5264 10233 1
506 13.357 52.5248 44141 0.857
507 13.5559 52.5201 37168 0
508 13.3265 52.4911 7291 0
509 13.5426 52.5267 175725 0.543
510 13.5424 52.5278 141037 1
511 13.4055 52.5137 435381 1
512 13.3281 52.5644 225353 0
513 13.408 52.551 37012 1
514 13.5726 52.4123 372761 0
515 13.2971 52.5068 434946 1
516 13.4134 52.5493 391798 1
517 13.4401 52.4818 162336 1
518 13.4394 52.4802 392496 1
519 13.35 52.5498 386708 1
520 13.3217 52.5068 320925 1
521 13.4271 52.5358 13944 1
522 13.1881 52.5374 145274 1
523 13.6137 52.5094 142630 1
524 13.5918 52.5073 81667 0
525 13.5827 52.5177 438053 1
526 13.6123 52.5113 34920 1
527 13.4566 52.4903 177138 1
528 13.4797 52.5243 106938 1
529 13.4143 52.5079 113098 1
530 13.2194 52.4321 63475 1
531 13.399 52.5001 13559 0.379
532 13.4135 52.4934 188772 1
533 13.2317 52.6127 257212 1
534 13.2346 52.6075 29980 1
535 13.3071 52.4987 4738 1
536 13.4452 52.4791 162355 0
537 13.2061 52.5375 30707 1
538 13.2037 52.5375 28527 1
539 13.2017 52.5361 29706 1
540 13.2052 52.5367 30704 1
541 13.3737 52.5438 225001 1
542 13.1981 52.5324 215325 1
543 13.2165 52.4273 483740 1
544 13.7096 52.4328 66760 1
545 13.394 52.4891 410019 1
546 13.1953 52.5355 39597 1
547 13.197 52.5253 160573 1
548 13.4422 52.4678 458210 0
549 13.1972 52.521 12828 1
550 13.1949 52.5202 406893 1
551 13.2061 52.543 165713 1
552 13.1959 52.5286 75232 1
553 13.3464 52.4365 188406 1
554 13.4689 52.5175 155867 1
555 13.1831 52.5126 35905 1
556 13.3423 52.556 100062 1
557 13.3867 52.5237 502099 1
558 13.4888 52.467 52595 1
559 13.1978 52.5219 12939 0
560 13.6118 52.5133 387389 1
561 13.5725 52.568 451154 1
562 13.4446 52.5646 188518 1
563 13.4303 52.4956 6993 1
564 13.428 52.4935 183 0
565 13.5261 52.4824 289762 1
566 13.2094 52.5472 30505 0
567 13.4654 52.5146 422506 1
568 13.4647 52.5146 5902 0
569 13.3308 52.4674 9876 0
570 13.3282 52.4671 5282 1
571 13.4968 52.4997 381911 0
572 13.3531 52.4129 407953 1
573 13.3212 52.4566 444495 1
574 13.3352 52.5952 230271 1
575 13.3998 52.4165 139908 1
576 13.1865 52.5473 66465 1
577 13.3431 52.4799 10805 0
578 13.513 52.5058 467479 0
579 13.3289 52.4288 500883 1
580 13.4188 52.492 113467 1
581 13.5145 52.5053 360595 1
582 13.3264 52.4276 134012 1
583 13.1425 52.525 267079 1
584 13.3587 52.5464 60526 1
585 13.3201 52.5016 149208 1
586 13.4065 52.5354 24298 1
587 13.4509 52.5274 332392 0
588 13.2925 52.4575 301656 1
589 13.2899 52.4755 3016 1
590 13.4154 52.5666 239415 1
591 13.317 52.5029 419249 1
592 13.3982 52.4234 185272 1
593 13.3567 52.4866 230335 1
594 13.297 52.498 5083 1
595 13.4141 52.5269 13871 1
596 13.345 52.4913 7692 0.5
597 13.3991 52.5353 282604 0
598 13.3852 52.4481 137741 0
599 13.3117 52.5008 258236 1
600 13.4499 52.5234 24225 0
601 13.3178 52.4579 150330 0
602 13.4149 52.5267 343595 1
603 13.5373 52.4319 214194 0
604 13.4428 52.5178 395540 1
605 13.3277 52.4546 152082 1
606 13.5363 52.4331 238970 1
607 13.3019 52.5258 2976 1
608 13.4498 52.5216 14537 1
609 13.4296 52.5178 499506 1
610 13.3639 52.4129 140021 1
611 13.4108 52.5219 395930 1
612 13.5918 52.5209 335337 1
613 13.3979 52.5277 13161 0
614 13.4153 52.5187 13832 1
615 13.2754 52.5362 439961 1
616 13.419 52.5221 132309 1
617 13.3863 52.5594 120947 0
618 13.426 52.4775 180650 1
619 13.367 52.5517 458397 1
620 13.3683 52.55 194782 1
621 13.4613 52.5087 66661 1
622 13.4657 52.5063 278290 1
623 13.3978 52.5325 43792 1
624 13.3883 52.503 216219 0
625 13.3227 52.4291 298524 1
626 13.3378 52.4317 70275 1
627 13.3232 52.5064 309363 1
628 13.5715 52.5435 141064 1
629 13.308 52.5067 129558 1
630 13.3066 52.5071 500784 1
631 13.4229 52.4772 313726 0
632 13.406 52.5527 12566 1
633 13.4559 52.5011 234039 0
634 13.3304 52.5267 9080 1
635 13.3849 52.4845 457878 1
636 13.4154 52.5495 169134 1
637 13.314 52.5062 6615 1
638 13.3241 52.4547 34906 1
639 13.2985 52.4413 137953 1
640 13.233 52.4379 200047 1
641 13.5088 52.4515 350251 1
642 13.2924 52.4975 1045 1
643 13.3794 52.5249 334412 1
644 13.5255 52.4589 243482 1
645 13.4152 52.5475 225610 1
646 13.3882 52.5187 317734 1
647 13.3343 52.5245 9130 1
648 13.3304 52.4535 8182 1
649 13.5798 52.4592 141584 1
650 13.4352 52.4941 6989 1
651 13.2069 52.5621 60280 1
652 13.5585 52.5054 185144 1
653 13.42 52.6067 206142 1
654 13.2979 52.4955 28735 0
655 13.2955 52.4975 246811 1
656 13.4952 52.5047 332599 1
657 13.3056 52.5115 142911 1
658 13.3056 52.5097 192555 1
659 13.4199 52.5422 254925 0
660 13.3087 52.5114 255627 0
661 13.2086 52.5623 216658 1
662 13.3567 52.4861 494559 1
663 13.5769 52.5497 39031 1
664 13.2083 52.5575 132236 1
665 13.3152 52.448 6213 1
666 13.3442 52.4789 441721 1
667 13.4968 52.5119 39912 1
668 13.3157 52.4417 300260 1
669 13.3829 52.5516 84063 1
670 13.3072 52.4469 14586 1
671 13.3066 52.5089 6606 1
672 13.3814 52.5525 468635 1
673 13.6247 52.4504 38251 1
674 13.6254 52.4561 403950 1
675 13.4414 52.4707 313394 1
676 13.6248 52.4513 403961 1
677 13.4969 52.4153 353730 1
678 13.504 52.5486 356377 1
679 13.355 52.4856 259286 1
680 13.3049 52.5257 52275 1
681 13.4343 52.4814 404345 1
682 13.4382 52.4789 236623 1
683 13.4343 52.4814 404345 1
684 13.4266 52.4852 344341 1
685 13.4362 52.4802 230494 1
686 13.4352 52.4809 435622 1
687 13.3908 52.5051 258651 1
688 13.3913 52.4996 5823 0.167
689 13.4496 52.474 27867 1
690 13.3861 52.4671 303658 1
691 13.4256 52.4793 189563 1
692 13.4629 52.4702 148006 1
693 13.4408 52.4734 83650 0
694 13.4268 52.4761 128335 1
695 13.4387 52.4774 192834 0
696 13.4399 52.4749 413687 1
697 13.3945 52.4918 13529 1
698 13.2924 52.4975 1045 1
699 13.4317 52.4665 501181 1
700 13.4336 52.4637 313363 1
701 13.3858 52.4459 129771 1
702 13.3857 52.4456 129759 0
703 13.384 52.4567 434707 1
704 13.3855 52.4468 137741 1
705 13.4488 52.5531 17193 0
706 13.4145 52.5546 50975 1
707 13.4241 52.4899 290342 1
708 13.4236 52.4904 260711 1
709 13.3066 52.5001 467736 1
710 13.4448 52.4996 359485 0.5
711 13.4372 52.4562 30817 1
712 13.4385 52.4535 493575 1
713 13.413 52.5599 161279 1
714 13.4137 52.5588 272300 1
715 13.2408 52.4424 20457 1
716 13.468 52.5277 485314 1
717 13.5098 52.5506 32524 1
718 13.4744 52.536 103335 1
719 13.413 52.5468 15177 1
720 13.4123 52.5327 36663 1
721 13.4567 52.4424 140129 1
722 13.4102 52.5708 387723 1
723 13.5058 52.4458 292219 1
724 13.4588 52.4414 287713 1
725 13.5236 52.487 295893 1
726 13.5094 52.4527 95384 0
727 13.4035 52.5696 331012 1
728 13.4856 52.5153 347465 1
729 13.4038 52.5824 295395 1
730 13.3355 52.5596 383861 0
731 13.4198 52.4965 136180 1
732 13.4098 52.5711 15316 1
733 13.4234 52.4911 7003 0
734 13.4225 52.4926 290353 1
735 13.3688 52.5449 11614 1
736 13.4427 52.4803 162315 0
737 13.4746 52.5144 270645 1
738 13.3423 52.4992 38169 1
739 13.4884 52.5125 379130 0
740 13.4169 52.5719 127267 1
741 13.4408 52.5165 333400 0
742 13.3776 52.4562 257983 0
743 13.361 52.5453 9289 1
744 13.1975 52.5243 12901 1
745 13.4291 52.5024 209642 0
746 13.4665 52.4857 228271 1
747 13.2613 52.4447 20966 1
748 13.4305 52.4684 140357 1
749 13.6055 52.5372 147520 1
750 13.4327 52.5172 394923 0
751 13.3799 52.4561 15789 1
752 13.6033 52.5362 478156 1
753 13.4351 52.4601 440707 0
754 13.2814 52.4772 428106 1
755 13.4339 52.4848 267314 1
756 13.3836 52.4939 149764 1
757 13.1458 52.4156 4442 1
758 13.4858 52.4643 469730 1
759 13.5616 52.4009 309813 1
760 13.3824 52.5922 173423 1
761 13.3145 52.4743 8519 1
762 13.3152 52.4728 8336 1
763 13.4575 52.5316 178939 1
764 13.3075 52.4725 55397 1
765 13.2857 52.5875 170970 1
766 13.31 52.512 465765 0
767 13.3851 52.4608 303974 1
768 13.2841 52.5898 244535 1
