0 0.0 0.0 7494 0.0 3
1 0.0 0.0 12707 1.0 1
2 0.0 0.0 7811 0.0 1
3 0.0 0.0 3226 1.0 1
4 0.0 0.0 4459 1.0 1
5 0.0 0.0 18811 1.0 1
6 0.0 0.0 424 1.0 1
7 0.0 0.0 16895 1.0 4
8 0.0 0.0 8263 1.0 1
9 0.0 0.0 1219 1.0 2
10 0.0 0.0 13376 0.0 1
11 0.0 0.0 18943 1.0 1
12 0.0 0.0 16223 1.0 1
13 0.0 0.0 9708 0.0 2
14 0.0 0.0 20267 0.0 1
15 0.0 0.0 19188 1.0 1
16 0.0 0.0 14543 0.0 1
17 0.0 0.0 17261 0.0 2
18 0.0 0.0 4979 1.0 10
19 0.0 0.0 8785 1.0 1
20 0.0 0.0 17671 0.0 2
21 0.0 0.0 19819 1.0 1
22 0.0 0.0 8632 0.0 4
23 0.0 0.0 16178 1.0 3
24 0.0 0.0 6729 0.0 1
25 0.0 0.0 10862 1.0 3
26 0.0 0.0 3892 1.0 4
27 0.0 0.0 19855 1.0 1
28 0.0 0.0 15062 1.0 1
29 0.0 0.0 19599 1.0 1
30 0.0 0.0 13447 1.0 1
31 0.0 0.0 16618 1.0 75
32 0.0 0.0 10247 0.0 3
33 0.0 0.0 15544 0.0 2
34 0.0 0.0 8167 1.0 1
35 0.0 0.0 8208 0.0 1
36 0.0 0.0 1380 1.0 1
37 0.0 0.0 13897 1.0 1
38 0.0 0.0 19431 0.0 1
39 0.0 0.0 16329 0.0 1
40 0.0 0.0 13505 0.0 3
41 0.0 0.0 425 1.0 3
42 0.0 0.0 4115 1.0 1
43 0.0 0.0 16881 1.0 1
44 0.0 0.0 6258 0.0 8
45 0.0 0.0 13297 1.0 12
46 0.0 0.0 16884 1.0 1
47 0.0 0.0 19091 0.0 3
48 0.0 0.0 504 1.0 1
49 0.0 0.0 15289 0.0 1
