0 0.0 0.0 2255 1.0 2
1 0.0 0.0 18669 1.0 1
2 0.0 0.0 8670 1.0 2
3 0.0 0.0 12287 0.0 1
4 0.0 0.0 17460 0.0 9
5 0.0 0.0 142 0.0 1
6 0.0 0.0 16390 1.0 2
7 0.0 0.0 16823 1.0 2
8 0.0 0.0 9377 1.0 13
9 0.0 0.0 20145 1.0 3
10 0.0 0.0 7908 0.0 1
11 0.0 0.0 10397 1.0 1
12 0.0 0.0 13570 1.0 1
13 0.0 0.0 3680 1.0 1
14 0.0 0.0 10462 1.0 1
15 0.0 0.0 94 1.0 2
16 0.0 0.0 2777 1.0 1
17 0.0 0.0 6520 0.0 1
18 0.0 0.0 6321 0.0 1
19 0.0 0.0 17068 1.0 1
20 0.0 0.0 9907 0.0 1
21 0.0 0.0 4869 0.0 5
22 0.0 0.0 17736 0.0 5
23 0.0 0.0 4088 0.0 3
24 0.0 0.0 12055 0.0 2
25 0.0 0.0 15828 0.0 4
26 0.0 0.0 15838 0.0 1
27 0.0 0.0 8992 1.0 1
28 0.0 0.0 3740 0.0 1
29 0.0 0.0 399 1.0 1
30 0.0 0.0 2181 0.0 1
31 0.0 0.0 3647 1.0 3
32 0.0 0.0 7032 1.0 1
33 0.0 0.0 18604 0.0 1
34 0.0 0.0 8355 1.0 1
35 0.0 0.0 14173 0.0 1
36 0.0 0.0 2997 1.0 1
37 0.0 0.0 18225 1.0 1
38 0.0 0.0 15020 1.0 7
39 0.0 0.0 12064 0.0 1
40 0.0 0.0 3265 0.0 3
41 0.0 0.0 10060 1.0 1
42 0.0 0.0 12894 0.0 5
43 0.0 0.0 8998 0.0 1
44 0.0 0.0 16747 1.0 2
45 0.0 0.0 359 0.0 1
46 0.0 0.0 10995 1.0 1
47 0.0 0.0 15278 0.0 1
48 0.0 0.0 1300 0.0 1
49 0.0 0.0 8854 1.0 1
