0 4.895711 52.375614 56440 1.0 64
1 4.891357 52.35104 11993 1.0 96
2 4.897318 52.365948 124715 1.0 56
3 4.899968 52.37274 14060 0.0 87
4 4.988623 52.37735 43189 1.0 73
5 4.891207 52.35285 69355 0.0 84
6 4.868585 52.358425 83086 1.0 35
7 4.908151 52.381794 40434 1.0 59
8 4.92636 52.338207 40825 1.0 4
9 4.913147 52.367104 40856 1.0 87
10 4.881611 52.364037 123694 1.0 11
11 4.894215 52.353184 107016 1.0 92
12 4.927231 52.35666 56975 1.0 50
13 4.908147 52.361717 12717 0.0 2
14 4.860508 52.348618 26656 1.0 36
15 4.929342 52.35444 7586 0.0 62
16 4.89138 52.367184 41461 0.0 38
17 4.852943 52.35089 62347 0.0 51
18 4.888932 52.374596 15255 1.0 68
19 4.8736 52.340675 124861 1.0 72
20 4.912532 52.366116 103468 1.0 42
21 4.911584 52.366585 13143 1.0 87
22 4.905418 52.348515 11455 0.0 46
23 4.888856 52.36872 46847 1.0 63
24 5.025932 52.413456 1021 1.0 9
25 4.909906 52.357384 107305 0.605 72
26 4.893193 52.366077 13972 1.0 87
27 4.897375 52.375355 13510 1.0 26
28 4.87108 52.366966 15999 1.0 56
29 4.870489 52.3668 16047 1.0 45
30 4.874697 52.363346 16459 1.0 38
31 4.891506 52.374302 56420 1.0 69
32 4.870796 52.355812 16317 1.0 35
33 4.890215 52.3744 13923 1.0 66
34 4.873111 52.365658 16010 1.0 83
35 4.883625 52.364616 14987 1.0 71
36 4.885014 52.36441 15408 1.0 39
37 4.862732 52.36088 127 0.0 46
38 4.899984 52.376358 13875 0.0 13
39 4.900445 52.375957 13568 1.0 23
40 4.903299 52.348736 11466 1.0 99
41 4.894322 52.3797 19412 1.0 26
42 4.867975 52.341496 611 1.0 14
43 4.892548 52.380108 19380 1.0 24
44 4.839122 52.346188 56228 1.0 14
45 4.856585 52.355038 93141 1.0 58
46 4.896985 52.378597 104929 1.0 4
47 4.910744 52.364094 12607 1.0 78
48 4.827646 52.350025 64758 0.0 10
49 4.900436 52.377567 81350 1.0 66
50 4.855497 52.358032 121517 1.0 47
51 4.854498 52.35786 27231 1.0 92
52 4.873251 52.362976 16459 0.0 58
53 4.900718 52.3705 49888 1.0 4
54 4.898594 52.36817 36802 1.0 70
55 4.914221 52.368805 12954 1.0 19
56 4.890873 52.3704 41430 1.0 62
57 4.904542 52.348022 106864 1.0 3
58 4.872177 52.383312 22614 1.0 83
59 4.938367 52.34587 116238 1.0 30
60 4.862677 52.36491 106163 1.0 78
61 4.890029 52.355297 39493 0.0 23
62 4.864935 52.36143 16230 1.0 9
63 4.88754 52.38248 22579 1.0 85
64 4.886022 52.383305 22605 1.0 51
65 4.896776 52.37153 13677 1.0 9
66 4.899378 52.37907 86759 0.333 12
67 4.900868 52.354782 68119 1.0 76
68 5.002024 52.351845 51959 1.0 72
69 4.9893 52.35825 1284 1.0 34
70 4.911044 52.35655 103796 0.0 42
71 4.913306 52.358227 12557 1.0 93
72 4.881208 52.374706 15581 1.0 86
73 4.837374 52.38924 116834 1.0 44
74 4.910927 52.36552 12779 0.0 53
75 4.882705 52.3738 105401 0.0 22
76 4.883005 52.363926 79950 1.0 36
77 4.827255 52.37376 77937 1.0 90
78 4.901909 52.368584 12895 0.0 11
79 4.88328 52.363995 39948 1.0 60
80 4.886786 52.372288 15166 1.0 77
81 4.885172 52.37234 15236 1.0 95
82 4.939183 52.36606 59237 0.871 24
83 4.994725 52.355713 56111 1.0 58
84 4.91318 52.36368 12831 1.0 79
85 4.885711 52.363968 14911 1.0 37
86 4.931207 52.371246 8325 1.0 58
87 4.853828 52.358093 125767 1.0 28
88 4.871639 52.386208 52944 1.0 88
89 4.925495 52.359646 108698 1.0 96
90 4.939381 52.36409 128505 1.0 18
91 4.874616 52.386017 38010 0.0 4
92 4.863096 52.37081 67566 1.0 80
93 4.916197 52.351192 75845 1.0 58
94 4.901999 52.35385 14298 0.0 95
95 4.805052 52.357964 76546 1.0 13
96 4.864017 52.362846 109587 1.0 49
97 4.84938 52.351128 66686 1.0 25
98 4.972284 52.4131 1900 0.0 3
99 4.897634 52.365818 13872 1.0 38
100 4.884388 52.37037 15238 0.0 86
101 4.895454 52.368725 13829 1.0 43
102 4.884297 52.354187 14762 0.0 84
103 4.832416 52.353546 28950 0.0 84
104 4.895731 52.366367 104982 1.0 2
105 4.887057 52.382168 22578 1.0 51
106 4.891777 52.386627 45483 0.0 74
107 4.781184 52.34595 76802 1.0 22
108 4.930387 52.357338 7908 0.0 43
109 4.847451 52.34673 26235 1.0 66
110 4.87392 52.361736 16541 1.0 54
111 4.890368 52.36645 14007 0.0 50
112 4.869346 52.366364 95570 1.0 42
113 4.874365 52.36382 106899 1.0 25
114 4.887554 52.368847 15331 1.0 57
115 4.90565 52.383965 18513 1.0 34
116 4.901088 52.375317 13616 1.0 12
117 4.893421 52.36934 13420 0.458 73
118 4.892996 52.355923 46583 1.0 98
119 4.892284 52.373734 61844 1.0 22
120 4.899174 52.37177 13724 1.0 76
121 4.873081 52.33675 69489 1.0 57
122 4.898119 52.36626 13994 1.0 41
123 4.894891 52.365974 13929 1.0 82
124 4.901276 52.37798 81378 1.0 23
125 4.797314 52.362026 32656 1.0 7
126 4.926526 52.35613 8920 1.0 54
127 4.927671 52.356426 50813 1.0 61
128 4.917995 52.357227 9074 1.0 41
129 4.899226 52.361492 14517 1.0 91
130 4.873011 52.339703 115694 1.0 14
131 4.883945 52.364773 15024 1.0 47
132 4.820337 52.371677 71629 1.0 39
133 4.890728 52.357357 14333 0.0 26
134 4.888802 52.372185 15196 1.0 23
135 4.792985 52.356346 33790 1.0 74
136 4.847582 52.35216 26516 1.0 8
137 4.889576 52.36712 37497 1.0 32
138 4.805035 52.358665 129819 1.0 8
139 4.897636 52.36628 124734 1.0 92
140 4.936739 52.364334 7961 1.0 69
141 4.844099 52.340496 84131 1.0 69
142 4.933823 52.363693 117356 1.0 49
143 4.933823 52.363693 117356 1.0 89
144 4.925798 52.36224 112612 1.0 20
145 4.930221 52.363277 117347 0.0 93
146 4.925792 52.359478 7589 1.0 19
147 4.928152 52.362133 7692 1.0 51
148 4.925942 52.365326 65924 1.0 82
149 4.926812 52.36382 9179 1.0 30
150 4.909838 52.356186 53242 1.0 41
151 4.926312 52.36432 8072 1.0 92
152 4.900446 52.361034 103334 1.0 85
153 4.898711 52.32237 126438 1.0 88
154 4.89384 52.378967 19425 0.0 31
155 4.892793 52.38003 19381 1.0 39
156 4.89384 52.378967 19425 0.0 27
157 4.892755 52.378994 14081 1.0 34
158 4.873537 52.36483 100219 1.0 16
159 4.874669 52.361 60371 1.0 34
160 4.930225 52.370506 44589 1.0 20
161 4.873926 52.365074 96058 1.0 92
162 4.87467 52.36391 14639 1.0 78
163 4.928683 52.355053 103842 0.0 56
164 4.850987 52.369232 595 1.0 48
165 4.900358 52.368732 47302 1.0 78
166 4.860574 52.365852 121524 1.0 53
167 4.866361 52.365612 95567 1.0 98
168 4.930858 52.356453 97315 1.0 79
169 4.883179 52.372406 15319 0.0 66
170 4.888876 52.35746 14772 1.0 23
171 4.854549 52.354504 27186 0.0 88
172 4.890589 52.356186 14441 1.0 97
173 4.893072 52.355473 14340 1.0 40
174 4.890545 52.356186 14375 1.0 68
175 4.890545 52.356186 14375 1.0 64
176 4.897705 52.356094 14350 0.0 24
177 4.892547 52.35586 14349 1.0 54
178 4.887055 52.353485 14310 1.0 83
179 4.90197 52.35784 14256 0.0 18
180 4.899645 52.3534 14299 1.0 35
181 4.895 52.351906 521 1.0 53
182 4.893275 52.355045 46591 1.0 60
183 4.901505 52.354206 14577 1.0 8
184 4.913641 52.357716 12522 1.0 79
185 4.89583 52.3744 36961 1.0 65
186 4.888506 52.38027 22695 0.0 59
187 4.897886 52.375156 13555 1.0 26
188 4.904879 52.39801 101938 1.0 16
189 4.851999 52.361813 27176 1.0 96
190 4.892364 52.374233 13896 1.0 76
191 4.897869 52.364964 13406 1.0 23
192 4.934671 52.363716 117357 1.0 59
193 4.884075 52.380665 22586 1.0 79
194 4.899793 52.375477 13626 1.0 71
195 4.900445 52.375957 13568 1.0 42
196 4.88325 52.378433 22681 1.0 77
197 4.900716 52.35547 14316 0.0 25
198 4.884889 52.378727 22761 0.0 94
199 4.882052 52.37862 76503 1.0 64
200 4.886022 52.383305 22605 1.0 53
201 4.886309 52.378937 22733 1.0 5
202 4.890294 52.37438 13923 0.0 31
203 4.887057 52.382168 22578 1.0 69
204 4.890416 52.3746 71793 1.0 85
205 4.891444 52.376236 14123 1.0 46
206 4.895187 52.378178 53711 1.0 20
207 4.895129 52.37852 19488 1.0 55
208 4.891922 52.37529 124692 1.0 63
209 4.89542 52.3777 14148 1.0 82
210 4.892793 52.38003 19381 1.0 49
211 4.891013 52.380543 19377 1.0 4
212 4.894404 52.374218 59227 1.0 87
213 4.892704 52.373672 13838 1.0 75
214 4.890378 52.372124 38775 1.0 42
215 4.881974 52.365738 14988 1.0 41
216 4.889004 52.37028 550 1.0 77
217 4.890296 52.37163 13399 1.0 59
218 4.888197 52.36878 15397 1.0 77
219 4.888197 52.36878 15397 1.0 35
220 4.891347 52.371895 96428 0.0 96
221 4.889093 52.370304 550 0.0 57
222 4.892337 52.370354 59164 0.0 51
223 4.891485 52.369232 13436 1.0 84
224 4.891424 52.368244 13762 1.0 43
225 4.89148 52.370438 41431 0.0 13
226 4.899968 52.37274 14060 0.0 45
227 4.891093 52.367783 13492 1.0 23
228 4.901792 52.37241 99173 1.0 68
229 4.900225 52.37348 13604 0.0 14
230 4.890203 52.36647 113839 1.0 20
231 4.897685 52.365364 124725 1.0 42
232 4.885967 52.365734 15412 1.0 90
233 4.888296 52.36698 124462 1.0 9
234 4.885371 52.365448 14992 1.0 37
235 4.886813 52.366 61037 0.0 29
236 4.883506 52.362476 99185 1.0 78
237 4.886978 52.363583 110989 1.0 96
238 4.885014 52.36441 15408 1.0 54
239 4.880693 52.364727 108856 1.0 22
240 4.892052 52.362297 14470 1.0 73
241 4.882462 52.36228 45408 0.697 39
242 4.897869 52.364964 13406 1.0 73
243 4.897869 52.364964 13406 1.0 17
244 4.910521 52.363586 46438 1.0 45
245 4.898226 52.36408 13405 0.0 74
246 4.925407 52.36764 64965 0.0 90
247 4.909016 52.361446 73635 0.0 89
248 4.894936 52.38422 94956 1.0 48
249 4.907954 52.37577 111400 0.0 46
250 4.869092 52.366814 105083 0.0 88
251 4.8894 52.351868 17124 1.0 55
252 4.879471 52.38936 22359 1.0 72
253 4.870194 52.372177 93887 1.0 3
254 4.914757 52.33953 100488 1.0 99
255 4.829247 52.356197 68906 0.0 41
256 4.839927 52.388535 73201 0.581 31
257 4.869882 52.36867 15764 1.0 4
258 4.923255 52.37917 124166 1.0 30
259 4.851559 52.37035 81715 1.0 7
260 4.868285 52.355335 16351 0.0 6
261 4.857727 52.364872 27882 1.0 33
262 4.877234 52.349186 87077 1.0 4
263 4.935044 52.374443 74279 1.0 88
264 4.90222 52.35741 12653 1.0 13
265 4.890589 52.356186 14441 1.0 13
266 4.894097 52.35312 68080 0.0 81
267 4.90303 52.356174 12493 1.0 38
268 4.894917 52.35231 69760 1.0 55
269 4.894614 52.351807 69753 1.0 7
270 4.903086 52.352173 12537 0.0 29
271 4.902897 52.35268 12548 1.0 93
272 4.911261 52.346912 11499 1.0 44
273 4.90337 52.351387 106844 1.0 91
274 4.90622 52.343952 11606 1.0 82
275 4.906405 52.346226 11565 1.0 13
276 4.907086 52.340893 11654 1.0 34
277 4.906775 52.34257 121875 1.0 68
278 4.877288 52.330833 129079 0.547 88
279 4.883702 52.33211 96443 0.665 76
280 4.93052 52.356407 97322 1.0 58
281 4.928839 52.356056 79884 1.0 22
282 4.941545 52.354565 72251 1.0 66
283 4.92798 52.36527 8545 1.0 46
284 4.939721 52.365017 6914 0.876 50
285 4.939624 52.365616 76566 1.0 52
286 4.925479 52.390743 38413 1.0 95
287 4.90565 52.383965 18513 1.0 82
288 4.903966 52.37687 62403 1.0 35
289 4.91283 52.38364 18516 1.0 98
290 4.914156 52.37775 96531 1.0 83
291 4.905311 52.376404 62404 1.0 4
292 4.882425 52.384773 64799 1.0 68
293 4.878309 52.378372 94269 1.0 52
294 4.901032 52.378227 119517 1.0 50
295 4.895544 52.36615 13930 1.0 44
296 4.838382 52.388344 90455 1.0 16
297 4.91641 52.36823 45746 1.0 2
298 4.88733 52.361668 36887 1.0 3
299 4.879838 52.388885 22356 1.0 52
300 4.89503 52.36699 40593 1.0 20
301 4.888866 52.357372 14806 1.0 20
302 4.892656 52.375782 104973 1.0 30
303 4.891086 52.374027 105112 1.0 12
304 4.901042 52.36993 64495 1.0 61
305 4.893355 52.374214 104680 1.0 84
306 4.90206 52.37643 14134 1.0 81
307 4.888197 52.36878 15397 1.0 51
308 4.885967 52.365734 15412 1.0 79
309 4.870043 52.368443 16001 1.0 41
310 4.899226 52.361492 14517 1.0 44
311 4.880675 52.36953 15175 1.0 56
312 4.896078 52.37635 14065 0.0 12
313 4.895666 52.376095 14042 0.0 54
314 4.918844 52.398327 113117 1.0 21
315 4.886583 52.370285 15167 1.0 80
316 4.884574 52.37236 15275 1.0 27
317 4.897019 52.37145 13661 1.0 82
318 4.885819 52.38863 21981 0.0 51
319 4.891385 52.35276 106973 1.0 49
320 4.893272 52.35308 109393 1.0 83
321 4.891297 52.389382 37446 0.1 96
322 4.890623 52.371166 39311 1.0 6
323 4.889351 52.352028 17123 1.0 46
324 4.885964 52.359524 122166 1.0 13
325 4.873628 52.33974 115686 0.0 63
326 4.950761 52.35431 88931 1.0 8
327 4.907033 52.37589 13189 1.0 5
328 4.925486 52.355858 8919 1.0 19
329 4.921706 52.3622 114405 1.0 31
330 4.886531 52.366165 62323 1.0 8
331 4.894157 52.37924 19384 1.0 90
332 4.886531 52.366165 62323 1.0 23
333 4.917823 52.34637 117205 1.0 32
334 4.879364 52.357323 87127 1.0 68
335 4.890463 52.35536 14331 1.0 95
336 4.871741 52.336754 41552 1.0 24
337 4.870997 52.336575 62943 1.0 11
338 4.872061 52.351276 17806 1.0 29
339 4.872818 52.337975 48062 1.0 38
340 4.884787 52.353176 14754 1.0 57
341 4.886482 52.361305 72780 1.0 19
342 4.893526 52.354523 72297 1.0 83
343 4.916507 52.372948 115442 1.0 89
344 4.954361 52.392815 96338 1.0 62
345 4.89318 52.37981 19382 1.0 30
346 4.95619 52.39326 2513 1.0 52
347 4.954939 52.39235 128981 1.0 3
348 4.870591 52.337383 41777 1.0 11
349 4.894281 52.384968 92238 1.0 32
350 4.875016 52.38494 22435 1.0 53
351 4.871659 52.337513 41551 1.0 83
352 4.807999 52.360306 77647 1.0 28
353 4.900827 52.379993 115547 1.0 98
354 4.901878 52.3768 94864 1.0 28
355 4.9122 52.377506 46728 0.0 62
356 4.899334 52.37221 14156 1.0 59
357 4.901973 52.376816 125034 1.0 35
358 4.957898 52.35627 7060 0.0 83
359 4.878127 52.35878 15036 1.0 97
360 4.899897 52.376022 49885 1.0 51
361 4.873201 52.367584 15728 1.0 80
362 4.887333 52.372253 15337 0.0 19
363 4.888932 52.374596 15255 1.0 71
364 4.919989 52.354485 69652 1.0 71
365 4.893374 52.35488 46591 0.697 41
366 4.892197 52.36838 81977 1.0 50
367 4.88914 52.381584 19370 0.0 47
368 4.891891 52.370434 59174 1.0 46
369 4.891971 52.369465 13446 0.0 24
370 4.896747 52.370407 61014 0.0 37
371 4.897777 52.371246 13660 1.0 2
372 4.895454 52.37175 13687 1.0 58
373 4.895335 52.371666 13688 1.0 32
374 4.867858 52.360706 56641 1.0 61
375 4.889 52.37565 13402 1.0 60
376 4.883179 52.372406 15319 0.0 92
377 4.900164 52.372997 72684 1.0 47
378 4.855531 52.37035 27948 1.0 32
379 4.86735 52.365906 107457 1.0 83
380 4.898849 52.375824 13567 0.0 31
381 4.903456 52.366955 13133 1.0 98
382 4.898006 52.37523 13565 1.0 36
383 4.898339 52.375465 13578 1.0 54
384 4.897284 52.37436 13525 0.0 45
385 4.897403 52.374832 13540 1.0 76
386 4.862905 52.374756 72488 1.0 23
387 4.898006 52.37523 13565 1.0 92
388 4.843967 52.370747 49105 1.0 88
389 4.804256 52.359253 129836 1.0 38
390 4.893821 52.376175 129944 1.0 60
391 4.877817 52.358025 106970 1.0 46
392 4.927002 52.371468 48536 1.0 51
393 4.875332 52.384434 22245 1.0 51
394 4.8549 52.380657 67876 1.0 46
395 4.871996 52.36752 109795 1.0 8
396 4.849458 52.35485 28611 1.0 45
397 4.846118 52.3782 48991 1.0 33
398 4.873291 52.374527 93590 1.0 1
399 4.873142 52.374695 69130 1.0 14
400 4.897886 52.375156 13555 1.0 7
401 4.899377 52.357544 14381 1.0 3
402 4.873113 52.33768 41558 1.0 21
403 4.883315 52.37831 22633 1.0 59
404 4.888197 52.36878 15397 1.0 7
405 4.861743 52.33674 121869 1.0 82
406 4.84063 52.353218 28604 1.0 32
407 4.889297 52.37333 105409 1.0 7
408 4.885838 52.380314 22646 1.0 65
409 4.888173 52.377434 15542 1.0 37
410 4.912446 52.370377 12983 1.0 44
411 4.900164 52.372997 72684 1.0 84
412 4.901088 52.375317 13616 1.0 39
413 4.896102 52.373936 14188 1.0 93
414 4.889864 52.356823 14370 1.0 8
415 4.893363 52.372228 14233 0.019 16
416 4.884067 52.354923 14945 1.0 18
417 4.897369 52.356514 14346 1.0 11
418 4.889133 52.352608 14965 1.0 11
419 4.90077 52.355484 12493 0.0 79
420 4.885116 52.36361 14910 1.0 76
421 4.901414 52.354618 109967 1.0 93
422 4.876017 52.331017 99835 0.494 27
423 4.925066 52.376568 46426 0.0 72
424 4.959243 52.36512 52826 1.0 77
425 4.876015 52.331017 99835 0.517 97
426 4.876817 52.347477 17859 1.0 31
427 4.87701 52.34839 87081 1.0 26
428 4.894318 52.367043 13960 1.0 37
429 4.925841 52.367508 121687 1.0 24
430 4.890927 52.370667 13701 0.0 61
431 4.892965 52.369297 13423 1.0 11
432 4.895278 52.322487 10724 1.0 14
433 4.821762 52.379623 47045 1.0 35
434 4.86774 52.360897 45679 1.0 37
435 4.872504 52.358974 65469 0.0 97
436 4.882675 52.35918 44705 0.0 17
437 4.850297 52.374195 39373 1.0 50
438 4.888719 52.361176 14599 1.0 61
439 4.888647 52.360996 14884 1.0 20
440 4.917669 52.344284 10195 0.0 2
441 4.891384 52.36088 14510 1.0 57
442 4.904659 52.36573 122529 0.0 64
443 4.920369 52.34307 37284 1.0 95
444 4.930103 52.370583 44585 1.0 40
445 4.87916 52.37175 15314 1.0 38
