638 13.479313 52.502884 36190 1.0 37
482 13.317556 52.48228 475210 1.0 4
318 13.415716 52.531628 27870 1.0 79
956 13.347749 52.549053 23892 0.0 83
141 13.429634 52.49816 453206 0.0 45
291 13.42941 52.494663 13984 1.0 84
598 13.29701 52.512886 11566 1.0 44
717 13.201568 52.54779 50438 1.0 80
923 13.40289 52.48971 419336 1.0 78
534 13.400667 52.527725 852 1.0 11
558 13.313402 52.505215 497352 1.0 70
630 13.415074 52.538464 25288 0.0 5
927 13.36899 52.550327 23936 1.0 70
25 13.420049 52.513103 410390 1.0 68
704 13.349825 52.479393 65538 1.0 46
103 13.479066 52.540314 484198 1.0 61
563 13.391102 52.52542 4672 1.0 44
240 13.438338 52.497253 35146 0.0 89
11 13.316089 52.570995 17456 0.0 78
173 13.407913 52.521683 174982 1.0 72
486 13.330963 52.528484 39198 1.0 30
373 13.416119 52.54285 288810 1.0 48
791 13.358963 52.550538 23156 0.5 57
782 13.448297 52.554096 34386 1.0 62
149 13.421301 52.54172 73374 1.0 27
82 13.398436 52.526447 466354 1.0 14
2 13.328669 52.563713 255086 1.0 25
107 13.202971 52.542553 50416 1.0 77
660 13.41058 52.54541 30370 0.0 66
148 13.418258 52.54652 86604 0.0 71
721 13.502668 52.507847 457710 1.0 4
272 13.356949 52.5422 18478 1.0 9
38 13.215617 52.428802 174878 1.0 94
54 13.459362 52.512505 34816 0.0 98
455 13.33928 52.528244 18228 0.0 38
942 13.432871 52.49478 13982 1.0 24
892 13.342335 52.499165 76338 1.0 40
137 13.357633 52.545364 278266 0.0 89
880 13.33582 52.528564 18190 1.0 27
14 13.314039 52.569885 17474 1.0 31
235 13.604442 52.537834 344652 1.0 21
390 13.506318 52.402973 240238 1.0 97
695 13.437871 52.49983 35156 1.0 62
590 13.319512 52.47683 16134 1.0 6
906 13.349877 52.5006 87374 1.0 70
171 13.42495 52.502052 272380 0.0 3
87 13.384431 52.52227 5786 1.0 27
611 13.284782 52.508606 63724 1.0 54
841 13.343904 52.46714 338802 1.0 4
617 13.437531 52.48504 324606 1.0 28
