571 13.320019 52.49754 4131 0.086 57
56 13.196231 52.52914 88468 0.023 35
400 13.262911 52.43782 245887 0.375 76
180 13.348902 52.507572 310168 0.539 78
354 13.508645 52.45148 428932 0.78 93
590 13.3886 52.49365 502780 0.716 28
185 13.281292 52.589397 39960 0.199 80
332 13.439961 52.475113 413688 0.481 66
514 13.504818 52.548004 106922 0.766 52
438 13.422204 52.492805 431328 0.395 46
518 13.391531 52.510548 458127 0.694 59
241 13.384431 52.458015 264298 0.001 46
94 13.296367 52.44266 300383 0.34 90
595 13.493534 52.51206 418430 0.175 68
320 13.497743 52.419186 305646 0.507 43
22 13.441189 52.54222 386655 0.58 24
551 13.391271 52.514996 467181 0.242 64
375 13.340035 52.503536 304634 0.286 39
381 13.207994 52.560905 328066 0.582 37
584 13.419253 52.514717 368992 1.0 49
57 13.197635 52.52118 12829 0.664 11
182 13.275636 52.535873 162006 0.279 22
238 13.578795 52.45842 140526 0.715 42
285 13.288935 52.476395 1003 0.625 52
569 13.157809 52.41902 183244 0.297 64
