273 13.538272 52.52816 136891 0.246 95
393 13.42111 52.537483 331528 0.789 70
281 13.400746 52.529995 189030 0.367 56
170 13.409107 52.571404 21470 0.448 68
563 13.426202 52.49236 17668 0.21 15
567 13.424582 52.52825 169942 0.813 79
796 13.409414 52.528988 454547 0.0 42
17 13.4141 52.54064 296941 0.505 30
104 13.570625 52.54121 474644 0.252 43
212 13.526357 52.456177 175458 0.3 11
829 13.216815 52.4387 484750 0.272 26
48 13.458253 52.512802 160285 0.726 55
16 13.412505 52.540867 500152 0.123 26
800 13.406303 52.527225 13846 0.125 26
686 13.461308 52.511333 59051 0.693 83
232 13.502812 52.555656 32916 0.683 88
181 13.390271 52.557766 266708 0.543 77
378 13.451072 52.471954 486050 0.524 7
553 13.403722 52.565327 295199 0.935 74
319 13.3350935 52.47227 96003 0.292 93
692 13.410989 52.488914 136697 0.668 15
510 13.454048 52.506874 271213 0.934 74
430 13.366136 52.55316 15671 0.078 38
56 13.3213625 52.50744 320925 0.007 9
247 13.321768 52.520905 2561 0.534 6
