38 13.351233 52.43988 267858 1.0 23
63 13.31912 52.49963 8234 0.0 15
178 13.241099 52.537926 372534 1.0 10
71 13.36526 52.56239 344390 1.0 36
171 13.421672 52.514008 455786 1.0 97
93 13.528095 52.55653 281208 1.0 63
131 13.436799 52.456997 61636 1.0 41
87 13.328953 52.561626 32140 1.0 96
16 13.390625 52.49232 486036 1.0 12
102 13.418234 52.528347 206234 1.0 13
135 13.479835 52.428368 270344 1.0 2
69 13.180447 52.504757 267184 1.0 45
9 13.581378 52.51405 275092 1.0 78
12 13.478583 52.4839 290356 1.0 1
111 13.384579 52.470093 13780 1.0 17
154 13.294289 52.50166 2100 1.0 57
158 13.30655 52.577553 260246 1.0 50
40 13.243504 52.6017 222456 1.0 18
0 13.540479 52.521614 359328 1.0 44
56 13.347304 52.596687 259432 1.0 15
79 13.371105 52.558712 23280 1.0 35
50 13.265585 52.41819 504196 1.0 24
152 13.28759 52.49575 468494 0.539 17
151 13.32066 52.48429 334266 1.0 24
98 13.574478 52.504673 163526 1.0 93
