0 0.0 0.0 7346 1.0 1
1 0.0 0.0 8622 1.0 2
2 0.0 0.0 11584 1.0 4
3 0.0 0.0 10750 1.0 6
4 0.0 0.0 15611 1.0 2
5 0.0 0.0 1197 0.0 1
6 0.0 0.0 3623 0.0 1
7 0.0 0.0 17428 0.0 3
8 0.0 0.0 17468 0.0 1
9 0.0 0.0 1609 1.0 21
10 0.0 0.0 19474 1.0 2
11 0.0 0.0 11461 1.0 2
12 0.0 0.0 12390 1.0 1
13 0.0 0.0 1209 1.0 6
14 0.0 0.0 1173 1.0 1
15 0.0 0.0 4273 0.0 1
16 0.0 0.0 7589 1.0 3
17 0.0 0.0 18470 1.0 7
18 0.0 0.0 4222 0.0 1
19 0.0 0.0 3096 1.0 2
20 0.0 0.0 17609 0.0 1
21 0.0 0.0 6920 0.0 2
22 0.0 0.0 11702 0.0 27
23 0.0 0.0 18372 1.0 1
24 0.0 0.0 1301 0.0 7
25 0.0 0.0 16214 0.0 85
26 0.0 0.0 14220 0.0 1
27 0.0 0.0 2989 1.0 1
28 0.0 0.0 19428 0.0 1
29 0.0 0.0 20226 0.0 6
30 0.0 0.0 14451 0.0 1
31 0.0 0.0 17689 1.0 6
32 0.0 0.0 19084 0.0 1
33 0.0 0.0 15168 1.0 1
34 0.0 0.0 15593 1.0 2
35 0.0 0.0 1536 1.0 1
36 0.0 0.0 12385 0.0 9
37 0.0 0.0 2535 0.0 1
38 0.0 0.0 16682 0.0 4
39 0.0 0.0 8177 1.0 2
40 0.0 0.0 11800 0.0 1
41 0.0 0.0 12411 0.0 1
42 0.0 0.0 19324 0.0 8
43 0.0 0.0 18463 1.0 1
44 0.0 0.0 1179 0.0 3
45 0.0 0.0 2532 1.0 3
46 0.0 0.0 15014 1.0 1
47 0.0 0.0 13001 0.0 1
48 0.0 0.0 9554 0.0 1
49 0.0 0.0 12443 0.0 1
