0 0.0 0.0 15284 1.0 3
1 0.0 0.0 17427 0.0 1
2 0.0 0.0 15410 1.0 1
3 0.0 0.0 7916 0.0 1
4 0.0 0.0 9258 1.0 14
5 0.0 0.0 15035 0.0 3
6 0.0 0.0 5992 1.0 2
7 0.0 0.0 643 0.0 2
8 0.0 0.0 9913 0.0 1
9 0.0 0.0 19870 1.0 2
10 0.0 0.0 10805 0.0 1
11 0.0 0.0 2281 0.0 1
12 0.0 0.0 8930 1.0 1
13 0.0 0.0 14998 0.0 1
14 0.0 0.0 5771 0.0 1
15 0.0 0.0 7988 0.0 1
16 0.0 0.0 8984 0.0 14
17 0.0 0.0 5586 1.0 1
18 0.0 0.0 17843 0.0 1
19 0.0 0.0 9692 1.0 1
20 0.0 0.0 16093 1.0 1
21 0.0 0.0 2286 0.0 1
22 0.0 0.0 16144 0.0 91
23 0.0 0.0 11290 0.0 1
24 0.0 0.0 13723 0.0 1
25 0.0 0.0 20010 1.0 1
26 0.0 0.0 9586 1.0 5
27 0.0 0.0 990 0.0 2
28 0.0 0.0 8109 1.0 1
29 0.0 0.0 1764 0.0 8
30 0.0 0.0 6024 0.0 1
31 0.0 0.0 8728 0.0 7
32 0.0 0.0 2258 0.0 10
33 0.0 0.0 6341 1.0 2
34 0.0 0.0 13907 0.0 1
35 0.0 0.0 13382 1.0 2
36 0.0 0.0 6070 1.0 1
37 0.0 0.0 7331 0.0 1
38 0.0 0.0 7327 0.0 1
39 0.0 0.0 1851 1.0 1
40 0.0 0.0 13749 1.0 35
41 0.0 0.0 17076 0.0 1
42 0.0 0.0 3357 1.0 1
43 0.0 0.0 10863 1.0 2
44 0.0 0.0 7126 0.0 3
45 0.0 0.0 16226 1.0 1
46 0.0 0.0 11353 0.0 1
47 0.0 0.0 734 1.0 1
48 0.0 0.0 11583 1.0 1
49 0.0 0.0 1920 1.0 1
