0 0 28 39 9 7 19 10 16 44 41 48 32 13 23 
1 0 32 39 41 48 13 23 19 7 9 
2 0 17 23 13 9 39 41 7 43 45 19 32 
3 0 33 41 34 19 13 39 43 28 23 9 
4 0 13 9 16 43 17 19 28 39 41 45 
5 0 24 43 9 50 19 39 34 13 41 
6 43 41 19 17 
7 22 24 28 19 7 15 43 
8 13 17 43 39 34 16 
9 44 32 43 39 41 
10 0 23 39 13 28 50 10 17 41 43 9 19 32 
11 15 7 28 50 24 43 39 34 44 49 13 45 
12 39 13 15 50 43 45 9 17 32 41 
13 0 28 19 49 13 15 9 
14 0 15 28 39 24 23 16 7 
15 0 24 17 19 28 41 43 33 13 
16 16 24 19 9 48 15 39 
17 0 15 32 9 24 17 19 39 28 10 
18 0 32 9 28 16 19 23 13 43 
19 41 19 39 43 28 7 15 
20 7 32 33 39 28 15 13 19 8 
21 19 28 9 13 24 43 
22 0 28 43 17 19 39 10 24 
23 19 43 15 44 9 8 45 16 17 41 50 
24 22 24 39 45 9 16 19 50 15 28 7 
25 0 9 10 15 7 23 16 24 19 39 22 13 28 8 
26 0 43 41 19 39 15 28 13 44 
27 15 28 23 32 24 9 17 16 19 43 
28 19 32 13 8 16 39 43 
29 13 28 39 19 8 32 
30 15 17 23 39 48 19 32 43 28 41 44 
31 10 24 50 39 48 23 43 19 
32 39 45 28 50 13 10 24 16 19 
33 33 45 50 9 19 32 8 13 39 16 28 44 
34 13 9 28 19 33 50 
35 0 16 19 28 43 39 17 15 23 45 48 9 50 
36 10 24 39 13 17 19 
37 13 8 19 32 9 43 39 28 41 44 10 15 
38 0 50 15 39 7 19 32 48 
39 0 13 22 33 41 43 44 19 50 9 
40 19 28 7 16 43 
41 45 16 43 10 8 32 17 49 
42 41 7 32 28 13 15 19 24 33 
43 0 39 13 17 16 23 28 24 19 32 
44 19 28 15 48 13 34 39 33 22 
45 0 45 50 39 13 41 
46 50 17 45 10 43 9 22 39 13 15 
47 16 28 50 24 7 45 19 41 
48 0 7 48 50 8 32 43 10 16 19 
49 32 8 10 44 15 17 19 28 45 23 
50 24 13 17 32 
51 0 44 50 13 17 43 32 8 19 28 9 
52 23 43 17 39 15 19 32 
53 34 41 49 19 43 50 13 
54 10 15 39 49 43 28 17 9 
55 0 19 49 28 9 39 8 43 44 
56 8 22 43 23 24 41 28 39 13 
57 8 13 39 23 16 19 41 7 
58 7 9 39 13 17 50 32 28 16 
59 44 19 17 48 24 28 41 8 50 
60 13 9 8 15 39 23 43 28 
61 16 43 50 22 19 23 33 39 48 28 
62 0 13 8 10 19 15 41 50 32 43 
63 0 22 44 23 9 19 7 13 16 43 39 28 41 
64 0 19 48 10 24 44 45 8 17 49 13 
65 9 13 39 8 10 44 50 43 
66 39 19 33 10 43 8 22 50 13 28 
67 19 24 13 49 50 32 39 
68 45 15 44 19 9 17 28 41 13 
69 7 16 41 48 24 9 43 19 32 13 22 
70 39 16 13 24 32 28 43 19 
71 9 19 45 13 33 39 43 24 
72 17 19 43 44 15 39 10 24 
73 44 13 7 28 45 10 41 50 22 39 
74 0 9 23 33 41 24 39 28 19 
75 0 24 43 13 16 41 17 45 48 28 
76 0 19 33 13 41 7 28 49 
77 0 9 44 10 19 28 39 13 48 
78 33 41 16 10 50 39 9 19 13 
79 19 33 49 45 8 13 43 50 
80 22 28 39 43 13 
81 0 9 43 19 
82 43 7 32 49 28 41 48 45 9 15 19 
83 48 28 17 19 9 43 39 
84 0 8 13 43 17 9 19 39 
85 0 13 48 50 19 24 41 44 49 28 43 
86 28 33 39 45 50 32 19 
87 13 15 8 19 32 16 22 24 50 9 17 23 
88 9 16 19 17 10 24 32 43 50 13 
89 0 19 22 24 15 39 43 17 13 28 23 
90 0 39 43 13 41 19 22 50 10 15 
91 32 7 19 33 39 13 17 16 43 28 41 15 
92 10 7 48 9 45 15 39 50 13 32 44 23 43 
93 32 50 13 19 45 
94 10 19 24 15 17 9 33 23 43 32 45 16 50 
95 9 8 15 19 28 39 
96 0 41 50 19 28 45 
97 19 9 50 13 48 15 23 
98 8 23 24 39 50 43 7 13 
99 34 41 13 9 43 10 16 22 50 19 28 39 7 
100 28 7 8 9 13 34 48 43 50 15 22 24 19 10 
101 0 13 16 28 39 9 43 19 
102 13 19 41 15 44 43 50 45 9 24 16 
103 32 24 13 43 
104 24 7 19 10 13 28 48 16 
105 0 16 13 23 43 44 9 39 41 48 8 
106 39 8 45 43 28 19 
107 17 22 9 15 43 28 8 19 24 
108 0 50 22 17 43 13 19 
109 9 7 28 39 43 16 22 19 
110 13 39 43 7 9 49 28 50 19 48 
111 9 28 13 16 43 19 32 
112 0 28 8 15 13 43 45 19 10 9 32 
113 0 23 24 49 8 41 
114 0 48 44 43 13 15 7 50 8 19 28 41 10 
115 16 50 19 23 22 39 9 28 41 32 
116 0 13 50 39 24 9 43 8 19 17 45 48 
117 43 13 28 44 10 19 15 9 
118 50 23 39 43 24 45 13 7 
119 22 45 9 39 10 13 19 41 
120 28 9 45 13 43 49 
121 8 39 50 23 9 43 44 13 
122 43 24 13 19 16 
123 28 7 32 15 43 22 
124 41 10 15 19 7 43 13 
125 43 17 24 8 9 19 48 39 41 
126 13 7 43 28 32 10 8 15 49 17 16 19 24 41 
127 32 33 23 16 19 15 13 24 50 48 9 
128 28 48 7 9 43 13 8 39 41 19 49 
129 8 10 19 24 33 7 39 48 
130 13 48 45 50 19 39 
131 10 28 43 13 9 39 
132 7 15 39 50 28 16 13 22 49 43 
133 0 28 43 32 50 39 13 17 
134 0 44 9 13 23 10 16 28 19 17 15 39 41 
135 24 9 13 44 22 28 43 32 23 19 
136 13 19 22 43 
137 0 13 15 41 44 49 43 39 
138 10 13 24 28 19 33 9 44 43 
139 0 44 22 8 28 33 45 
140 22 28 16 19 7 10 24 13 17 43 44 49 
141 0 10 9 19 24 28 41 
142 10 43 8 17 45 24 33 39 16 
143 24 39 19 15 48 28 8 17 43 13 
144 24 13 9 43 28 45 19 7 33 
145 9 10 43 50 24 39 19 
146 0 28 15 9 44 33 19 43 
147 0 33 13 43 22 44 19 7 48 
148 13 28 43 15 39 45 50 41 16 
149 13 43 19 32 10 9 
150 28 44 32 39 41 13 15 22 
151 9 24 43 50 33 19 28 
152 0 7 41 48 8 28 50 13 
153 17 22 33 19 13 
154 10 50 15 9 13 43 48 44 45 28 49 
155 0 13 15 44 50 39 41 33 48 19 
156 39 23 9 16 13 43 19 17 
157 13 16 32 22 28 15 34 9 33 24 43 
158 0 43 8 50 10 41 9 13 
159 28 33 50 13 41 39 19 
160 28 48 7 13 15 39 9 10 23 
161 49 8 50 19 
162 43 50 33 17 16 
163 9 10 45 19 32 28 43 
164 0 32 17 43 49 7 9 13 23 24 19 16 
165 44 22 24 32 8 9 19 39 45 15 28 13 
166 41 28 24 34 43 16 15 
167 0 19 33 28 8 39 15 24 
168 16 13 17 15 19 28 43 50 9 
169 10 24 16 43 44 19 13 33 28 32 15 17 50 
170 9 19 15 8 39 24 28 13 22 
171 22 48 17 50 9 43 8 41 39 
172 16 10 28 43 48 
173 44 17 32 15 28 13 
174 24 16 32 17 22 43 9 49 15 19 39 
175 15 43 44 23 32 34 19 9 13 39 33 45 49 
176 0 43 22 13 15 16 39 24 28 
177 7 13 41 28 19 24 39 50 44 9 45 49 
178 39 24 23 50 17 19 43 8 22 13 28 15 
179 28 39 43 13 45 9 34 48 
180 48 9 28 39 45 43 10 49 13 22 
181 0 24 28 13 19 7 34 43 48 
182 0 17 22 39 28 19 50 41 8 16 24 
183 19 9 15 23 50 44 33 48 
184 45 23 24 43 50 39 41 9 
185 19 10 45 43 9 13 24 28 
186 10 43 45 13 15 16 32 
187 13 9 28 23 
188 9 19 43 16 24 48 15 22 
189 41 50 8 28 19 
190 0 39 7 9 16 10 13 15 45 50 19 22 
191 9 13 33 15 39 28 24 43 50 16 23 
192 13 10 28 8 48 15 45 
193 39 48 43 10 28 7 13 19 
194 0 17 33 44 9 15 39 28 10 50 22 43 24 
195 33 16 9 43 13 22 23 24 
196 0 23 24 44 28 10 15 34 8 13 
197 0 8 48 13 19 39 16 28 23 
198 13 32 49 10 24 28 45 9 
199 39 19 9 33 10 13 23 22 15 28 24 48 
200 0 9 43 39 17 13 8 23 28 50 
201 28 39 15 43 7 13 16 19 45 50 8 
202 43 45 32 13 15 8 28 7 19 9 
203 24 9 39 17 10 43 19 23 28 
204 9 19 24 41 13 39 43 16 7 10 
205 17 10 28 24 9 19 23 13 
206 43 50 39 41 13 9 32 45 49 16 19 28 10 
207 19 44 48 28 32 43 45 15 9 
208 48 15 44 13 19 39 28 
209 0 10 15 7 19 43 32 50 24 
210 41 43 17 28 13 24 9 39 
211 19 32 49 15 22 50 13 39 41 17 
212 8 7 17 9 24 43 50 33 39 41 32 
213 15 22 45 8 28 48 33 9 19 50 23 34 39 
214 0 48 9 13 8 28 24 45 50 43 
215 0 22 7 17 23 28 19 15 41 44 13 
216 13 41 49 44 34 50 43 8 
217 28 7 15 13 43 
218 0 32 13 23 22 10 28 39 49 43 9 
219 22 23 50 7 28 39 41 
220 0 39 24 10 22 15 17 45 
221 0 15 33 28 32 43 50 49 
222 23 24 50 19 16 33 48 
223 43 28 19 50 
224 7 9 22 13 17 48 41 43 
225 9 44 50 49 7 13 15 
226 13 45 10 43 50 48 
227 0 9 24 39 17 13 19 28 50 
228 9 28 10 50 15 45 13 16 
229 15 45 19 28 16 10 13 22 48 
230 8 28 13 15 19 17 39 45 23 
231 19 50 16 8 13 41 45 39 43 
232 0 50 23 33 43 41 16 19 39 17 24 48 9 
233 0 32 41 43 28 7 9 45 13 39 50 
234 16 28 19 43 50 13 15 24 
235 39 45 15 23 13 44 10 32 8 
236 0 13 16 23 28 33 45 39 
237 0 50 41 22 28 15 39 43 24 45 9 
238 15 19 28 50 39 8 43 22 7 13 32 
239 44 39 9 28 33 16 13 
240 24 17 32 33 9 23 19 39 
241 43 28 13 22 48 9 50 8 32 
242 44 24 13 49 16 9 28 7 8 32 
243 49 39 10 13 24 9 22 23 
244 7 9 13 28 49 50 24 
245 9 43 19 41 13 39 15 24 33 17 28 48 50 7 
246 13 43 23 10 17 39 8 28 19 
247 28 16 24 34 15 33 9 17 43 
248 34 19 22 32 33 43 24 8 
249 0 33 39 19 8 48 9 24 43 10 13 28 50 
250 0 33 19 39 22 
251 45 28 32 15 16 24 17 
252 19 50 16 32 28 13 41 49 43 39 
253 33 19 9 44 48 28 50 22 13 
254 28 33 9 7 50 13 39 41 
255 0 44 13 7 19 
256 9 39 19 16 28 45 
257 0 44 50 39 16 43 49 13 10 9 19 28 
258 8 39 15 28 32 44 43 13 45 22 10 
259 0 48 24 39 7 43 13 23 19 
260 0 33 13 39 41 48 50 28 8 10 15 
261 0 16 33 15 19 9 13 28 7 49 41 
262 17 19 22 15 16 39 13 50 7 28 41 9 
263 28 43 19 9 32 48 10 
264 9 19 32 50 15 39 16 43 44 
265 10 13 19 28 9 39 7 22 8 
266 39 8 34 50 13 17 24 43 
267 15 43 48 49 19 50 13 23 
268 48 9 23 22 28 33 45 39 17 
269 39 28 43 9 8 15 13 19 
270 0 19 43 13 15 28 16 8 
271 0 9 39 41 43 15 16 28 
272 7 16 13 28 43 22 49 9 24 39 48 
273 0 9 50 13 15 24 16 19 22 32 43 8 28 
274 45 16 22 32 39 19 50 28 7 15 9 
275 10 19 45 23 43 24 
276 9 23 15 39 28 8 49 24 16 
277 43 17 10 49 15 8 44 13 
278 48 39 43 50 9 13 44 28 17 
279 0 45 24 50 13 43 8 44 39 
280 9 19 8 32 7 43 39 
281 41 45 39 16 19 49 15 8 24 9 48 
282 39 9 43 13 19 45 10 44 22 24 
283 0 9 7 15 45 10 44 39 13 43 
284 7 45 44 9 19 
285 16 49 13 19 41 44 8 15 32 17 9 23 
286 24 15 28 39 43 9 13 8 17 32 50 
287 49 13 24 28 39 50 43 17 
288 15 33 45 8 9 16 39 7 28 41 22 19 32 
289 0 13 15 28 19 33 41 24 39 
290 17 50 9 19 10 39 
291 0 49 44 43 15 13 19 33 9 
292 49 13 32 48 9 16 19 28 44 22 
293 28 10 15 13 19 24 22 50 32 8 7 
294 0 13 28 41 50 39 16 44 24 
295 23 22 43 9 13 19 15 28 32 44 48 
296 15 43 24 13 16 23 32 50 28 33 22 
297 19 7 41 9 28 13 32 43 50 
298 8 17 44 33 50 41 43 10 32 
299 19 9 8 41 28 43 13 22 39 50 
300 0 39 15 22 33 13 24 49 
301 7 15 9 43 10 19 
302 28 19 8 33 7 16 24 50 13 15 
303 0 16 44 24 28 8 19 10 
304 44 13 48 10 28 15 39 41 45 
305 0 45 19 28 41 44 8 39 
306 0 16 39 10 48 28 13 50 
307 15 19 9 13 28 50 33 39 48 24 
308 32 41 43 13 8 9 50 28 
309 17 24 50 48 32 10 7 22 43 13 28 16 8 44 
310 0 13 24 23 39 9 50 7 
311 39 9 17 48 7 13 28 50 8 
312 19 15 24 39 43 50 
313 13 22 39 50 15 24 28 
314 28 17 19 24 13 9 23 49 
315 39 9 24 41 49 15 45 13 23 
316 39 9 19 34 13 22 
317 49 24 13 39 41 15 16 
318 15 10 17 43 8 13 
319 24 28 9 16 17 22 
320 0 43 23 15 19 41 39 9 48 
321 32 28 13 19 33 
322 0 8 32 13 39 43 9 19 24 48 
323 10 19 39 32 17 
324 19 9 28 43 17 50 
325 0 48 9 7 28 43 41 17 8 32 
326 24 15 9 22 19 43 
327 9 44 10 17 13 28 49 15 
328 8 15 50 13 9 45 
329 43 44 28 15 9 10 39 23 19 50 13 17 
330 43 28 19 13 39 9 
331 8 19 28 7 9 13 
332 28 32 50 10 45 39 43 49 7 48 34 19 13 
333 0 22 39 41 13 44 15 28 50 24 
334 0 28 33 48 50 49 16 39 19 13 9 
335 9 50 23 28 24 17 44 22 48 19 49 
336 9 19 23 41 7 28 39 43 49 13 
337 13 39 44 28 43 17 50 
338 32 22 50 39 19 9 10 49 24 13 
339 22 43 7 19 39 28 
340 8 28 50 19 9 7 
341 19 7 39 17 28 22 50 
342 13 15 44 22 23 19 50 49 9 
343 0 9 24 50 19 
344 7 28 44 45 10 24 39 
345 0 10 19 39 17 28 13 43 41 22 
346 43 28 23 33 39 24 
347 43 19 13 44 7 32 9 39 22 
348 0 8 9 19 33 28 44 22 39 24 
349 34 43 8 9 41 13 16 19 
350 32 33 15 44 39 43 28 9 22 
351 33 41 50 10 24 13 
352 9 17 24 45 28 22 50 15 23 39 10 19 
353 43 49 44 45 13 39 28 19 24 22 
354 32 28 16 9 39 49 50 15 
355 43 44 28 24 8 17 7 19 41 
356 16 15 23 39 9 13 43 28 
357 10 19 22 49 13 39 9 41 33 43 
358 33 39 50 8 15 43 13 19 
359 0 19 48 49 9 15 16 39 43 45 
360 16 48 23 24 19 39 7 13 44 43 45 
361 23 9 33 19 24 17 13 16 44 
362 0 39 8 17 9 
363 0 24 41 43 7 33 10 9 17 13 34 23 15 45 19 
364 16 41 43 34 45 39 44 
365 10 13 32 43 22 8 39 
366 8 9 45 49 23 43 
367 0 19 10 7 43 24 13 17 
368 28 9 19 43 22 23 10 16 
369 7 22 19 43 44 9 39 32 24 28 16 
370 8 39 44 16 45 50 22 28 10 
371 9 24 33 19 39 43 
372 9 16 39 48 19 50 28 45 
373 9 13 45 19 16 22 43 44 
374 32 28 49 39 9 43 15 23 8 19 
375 32 39 10 13 50 15 28 48 
376 22 24 28 34 13 50 15 39 44 9 23 8 48 19 
377 28 19 22 7 43 24 15 48 17 9 
378 9 16 49 32 19 34 8 10 
379 19 28 13 44 9 24 
380 7 15 17 28 16 24 39 50 
381 48 45 7 39 9 13 33 44 32 
382 32 28 10 43 23 50 19 24 44 
383 0 28 13 17 23 34 48 
384 0 43 19 50 39 16 28 41 
385 50 19 22 
386 9 16 32 33 39 8 50 24 
387 10 23 9 49 8 24 43 44 28 
388 23 13 28 39 10 43 9 48 8 
389 0 22 44 48 39 8 41 19 
390 0 8 28 39 32 19 22 43 
391 24 50 23 16 32 43 15 9 8 28 10 13 
392 19 24 28 39 7 8 9 50 17 
393 7 44 13 19 50 9 45 23 39 10 24 
394 0 44 32 39 50 23 24 41 43 48 19 28 
395 44 15 28 7 9 24 19 13 32 
396 0 13 19 28 32 43 34 39 17 24 9 8 44 
397 45 19 39 28 44 
398 9 50 34 39 10 13 15 23 49 28 41 19 45 
399 0 45 13 48 39 15 
400 15 9 49 19 13 43 
401 50 33 22 32 39 48 
402 22 50 43 23 33 
403 48 28 15 9 50 19 39 
404 13 9 23 39 28 19 32 43 
405 0 13 41 33 39 22 49 16 28 19 9 15 45 
406 7 9 19 39 48 45 28 
407 39 16 13 19 9 10 
408 16 19 32 15 9 22 43 41 45 
409 32 24 19 9 13 45 44 
410 9 49 23 41 15 44 10 
411 0 13 49 9 45 39 24 
412 0 19 34 23 48 50 9 15 
413 0 19 50 39 13 17 22 9 49 43 
414 13 43 48 49 9 50 19 24 39 
415 0 17 24 43 50 13 45 10 19 9 23 
416 0 7 19 45 48 10 28 50 16 43 23 39 9 13 8 
417 39 24 13 22 43 17 
418 10 23 19 17 41 13 33 39 
419 23 9 44 16 39 41 43 13 19 
420 0 19 34 9 10 24 39 50 
421 0 16 24 15 13 39 43 28 50 22 
422 0 13 43 8 22 19 28 16 33 9 
423 0 41 8 50 22 45 39 49 23 33 
424 0 9 8 19 45 43 13 15 50 24 
425 16 19 28 45 17 50 41 
426 39 41 10 13 7 9 43 19 50 15 22 17 
427 39 50 13 45 10 19 48 
428 24 45 48 50 13 10 7 28 16 9 
429 7 15 8 9 10 16 50 34 39 19 13 
430 7 19 28 13 9 24 32 39 50 
431 0 8 48 19 41 22 9 44 10 13 39 
432 0 10 19 13 43 15 39 24 
433 17 48 44 49 13 28 8 34 
434 39 15 28 44 32 19 7 16 9 
435 0 13 23 39 50 43 28 32 49 19 9 
436 0 19 48 23 50 39 28 13 
437 0 17 43 48 9 39 45 7 13 32 34 10 28 
438 9 13 22 28 43 23 33 41 32 15 7 49 
439 44 39 13 28 7 23 19 10 
440 33 10 19 15 8 28 13 9 
441 0 17 22 7 19 50 16 49 24 
442 7 43 28 23 13 8 19 17 32 39 
443 0 9 8 39 13 19 
444 43 8 15 28 
445 44 16 13 45 9 15 28 39 48 
446 43 9 32 48 39 22 16 41 19 28 13 
447 15 19 9 24 8 17 23 13 43 50 39 41 
448 16 39 15 45 13 19 44 50 
449 0 49 45 13 9 19 39 43 
450 0 16 19 32 39 28 22 
451 32 41 43 49 17 7 9 24 
452 15 43 8 19 49 9 13 17 33 39 28 44 32 48 
453 9 45 48 19 17 41 8 28 13 
454 9 7 24 41 15 13 39 50 19 32 49 
455 8 9 22 33 15 16 23 24 49 19 45 32 39 
456 10 19 24 28 17 33 13 50 16 39 
457 22 19 48 43 45 50 32 15 9 24 49 
458 16 22 50 15 23 48 8 13 9 43 
459 8 44 19 32 39 50 17 10 9 
460 13 41 23 19 28 39 45 17 10 43 48 
461 39 44 48 19 10 9 24 50 33 
462 48 15 50 16 23 39 24 13 9 7 
463 0 19 50 41 13 9 15 34 33 7 16 39 
464 45 8 32 22 24 13 50 43 39 
465 17 19 32 45 43 9 50 41 28 10 16 
466 44 23 22 43 15 32 45 28 24 19 41 39 49 13 
467 0 19 13 45 9 
468 7 15 24 50 28 43 9 23 49 13 32 39 19 
469 13 49 50 19 39 48 17 28 8 32 15 
470 0 24 32 13 19 41 28 43 
471 13 7 41 44 15 22 9 34 43 
472 15 49 10 19 22 48 17 9 
473 9 43 28 15 23 7 33 13 41 
474 0 43 24 13 9 19 39 41 
475 39 41 48 49 
476 9 48 16 19 33 49 23 39 
477 23 13 43 28 9 15 39 49 
478 33 7 39 43 50 23 28 24 19 15 8 16 
479 0 19 24 13 44 23 9 49 43 
480 0 19 32 9 15 50 8 13 16 28 43 39 45 33 
481 48 16 50 43 24 15 39 44 13 
482 43 13 50 24 45 17 23 16 33 
483 19 9 13 16 22 39 28 33 17 8 
484 15 28 41 10 43 50 
485 0 13 8 9 28 10 43 19 15 
486 0 13 9 33 43 15 50 24 
487 9 13 22 50 17 28 43 19 24 
488 13 23 49 32 15 24 19 16 45 48 10 43 50 
489 15 8 9 50 22 28 43 45 19 39 13 
490 10 39 22 8 13 19 9 15 43 
491 10 43 45 9 24 48 50 41 17 28 19 
492 0 17 23 32 15 28 19 13 
493 0 45 19 13 16 22 32 15 9 
494 19 43 39 50 28 
495 0 32 49 7 39 17 22 24 9 41 
496 44 13 43 15 33 39 9 
497 48 15 19 10 23 7 43 28 9 39 
498 43 15 7 19 13 16 
499 39 9 16 24 28 8 10 19 
500 13 50 34 19 24 22 32 16 48 
501 0 48 9 13 24 7 39 
502 28 43 45 22 41 44 9 13 24 39 
503 39 32 16 45 19 8 13 
504 8 45 50 34 49 28 
505 43 8 24 50 15 7 16 19 
506 8 39 43 45 48 50 28 15 49 13 
507 41 44 17 23 32 16 43 39 
508 19 41 13 44 16 9 32 39 50 
509 33 9 19 39 8 28 49 50 24 15 
510 39 45 10 22 24 16 19 
511 50 19 44 13 28 39 8 
512 0 19 8 13 17 15 39 50 28 49 43 
513 19 16 13 44 15 43 39 23 28 9 50 
514 34 13 15 7 32 8 19 28 50 
515 0 28 39 44 45 9 32 48 43 23 49 16 7 
516 0 8 44 9 39 43 
517 19 9 32 50 13 39 24 28 
518 15 7 8 34 50 13 9 24 39 
519 22 32 13 9 39 
520 0 28 39 33 17 19 8 13 15 
521 28 19 10 34 32 13 
522 45 9 28 39 17 13 41 
523 0 19 28 32 41 43 50 
524 24 43 50 15 13 10 28 44 9 
525 0 9 16 23 24 7 44 45 39 13 
526 23 17 9 19 28 
527 24 39 32 43 17 19 22 44 15 7 
528 10 13 48 24 41 44 19 9 49 45 15 32 17 34 
529 0 44 48 10 24 13 19 
530 9 43 24 13 16 34 39 
531 39 9 19 50 8 45 
532 0 9 19 24 10 23 39 
533 19 45 28 9 13 43 22 
534 0 9 28 44 50 39 24 10 23 32 41 
535 22 28 15 34 8 50 10 32 9 19 49 48 
536 0 28 32 41 9 
537 15 22 28 34 10 19 13 16 24 8 23 
538 23 7 24 22 49 13 
539 43 49 9 41 19 39 32 24 
540 0 9 43 24 39 45 23 28 
541 10 48 16 44 45 39 19 24 13 9 7 
542 23 28 50 9 43 22 15 48 
543 9 43 19 16 32 45 39 17 24 
544 13 43 44 45 39 9 16 
545 24 9 22 33 10 32 13 43 45 39 49 
546 19 50 13 23 8 9 39 44 48 34 
547 0 41 48 33 28 43 39 13 17 
548 39 33 43 13 24 15 32 
549 15 33 24 13 17 19 50 45 
550 39 23 9 13 50 28 15 19 32 
551 13 44 45 9 23 15 49 39 
552 8 19 41 49 16 7 
553 0 15 9 7 13 33 
554 23 32 39 49 19 10 44 8 16 13 
555 7 8 23 39 16 19 32 49 9 
556 13 19 44 8 43 7 33 41 39 
557 0 10 24 7 39 15 41 48 50 32 9 43 22 19 23 
558 13 44 8 50 7 15 45 48 9 
559 8 24 15 28 49 43 41 13 9 17 39 32 
560 15 24 9 28 19 41 
561 15 9 19 28 16 7 13 8 39 43 
562 13 24 39 43 28 10 19 44 9 8 
563 19 50 39 15 22 43 24 33 
564 24 7 33 49 50 19 13 
565 0 43 45 33 9 8 22 28 41 48 10 
566 10 9 24 23 43 48 13 41 50 
567 0 19 33 43 50 17 24 39 13 15 
568 17 43 33 7 8 13 15 16 49 48 
569 23 8 33 45 43 22 10 50 9 28 19 48 
570 0 13 16 41 39 9 15 43 7 50 
571 16 44 50 45 49 10 28 43 13 
572 19 39 23 49 17 24 28 48 13 
573 19 13 43 15 39 9 24 44 
574 10 32 33 17 28 19 
575 19 39 9 44 50 16 13 24 28 22 8 
576 39 10 15 24 33 8 41 13 44 
577 16 24 34 8 48 15 41 13 44 32 39 
578 13 28 9 43 17 15 44 22 32 39 49 
579 13 50 24 49 41 28 39 7 
580 28 16 44 9 17 7 13 50 
581 24 17 43 49 15 19 28 9 16 13 50 39 
582 7 24 28 8 16 41 39 23 10 13 
583 24 28 13 10 15 22 44 
584 10 24 16 17 28 9 7 19 41 50 
585 0 43 19 39 50 24 44 22 
586 23 48 28 41 39 13 7 19 
587 13 39 28 43 22 33 48 9 
588 16 43 15 9 33 28 39 50 8 
589 0 17 24 49 9 15 39 19 43 28 
590 8 23 39 44 7 13 10 22 9 24 41 
591 0 44 48 8 16 41 19 50 7 9 28 13 
592 43 9 16 32 50 19 24 28 13 41 45 
593 0 13 15 48 19 28 32 33 34 
594 0 39 9 13 16 19 24 15 
595 41 10 39 43 45 50 
596 0 22 39 13 50 8 28 44 
597 23 41 39 45 50 13 48 9 15 
598 0 39 50 19 45 9 13 15 28 43 
599 15 13 16 49 43 28 39 44 9 19 
600 24 22 10 44 50 13 49 
601 15 17 8 9 13 32 43 22 49 
602 0 28 19 10 39 50 9 
603 9 34 28 24 39 41 7 43 15 19 13 49 
604 19 17 9 32 28 39 43 
605 32 9 49 41 13 33 39 15 43 23 19 
606 7 24 41 48 39 13 10 19 43 45 50 
607 32 13 16 43 17 50 19 8 23 
608 0 7 19 39 13 32 28 50 
609 9 48 44 15 50 19 39 
610 9 39 16 48 19 13 44 49 
611 13 50 10 39 32 19 
612 22 28 39 43 8 13 50 
613 15 28 39 44 17 33 9 8 50 34 
614 0 43 50 9 10 24 39 15 23 17 19 
615 28 9 44 41 10 16 17 
616 9 48 8 13 23 39 15 43 
617 13 39 44 19 8 9 23 24 28 48 
618 43 48 50 13 24 28 
619 9 45 7 15 43 8 50 
620 13 44 45 19 8 24 
621 19 32 8 28 39 41 50 10 22 7 9 
622 0 17 49 44 13 50 43 7 
623 19 43 10 15 49 9 44 50 13 39 
624 23 48 34 13 17 19 
625 0 50 17 24 28 8 33 19 41 13 39 
626 13 28 39 24 50 19 33 44 
627 28 50 39 43 17 9 
628 0 28 39 8 9 13 17 
629 0 13 49 45 24 28 44 43 19 34 33 
630 44 17 19 43 24 10 9 15 28 41 49 
631 22 32 43 44 13 34 16 39 9 
632 0 24 43 15 50 13 7 
633 17 43 39 7 9 34 13 19 
634 0 43 10 48 24 39 9 28 15 22 
635 9 13 19 28 39 7 45 22 41 43 
636 9 7 32 28 15 13 39 19 43 50 
637 0 41 15 8 13 9 19 
638 19 22 28 41 10 39 13 48 50 7 
639 23 8 28 32 43 44 13 19 45 7 50 17 
640 22 50 9 44 24 39 43 23 
641 24 19 43 50 23 9 45 15 8 41 44 
642 0 28 19 17 24 50 44 23 39 10 8 13 
643 9 39 44 24 28 13 
644 13 22 28 19 23 50 
645 8 43 50 9 7 13 39 19 
646 28 49 9 44 50 15 13 43 45 24 33 19 39 
647 13 23 49 9 41 43 50 15 44 28 22 
648 0 19 17 28 41 48 49 13 9 34 50 39 
649 33 39 45 13 43 28 17 19 
650 19 33 7 9 15 24 43 50 
651 9 41 50 8 23 34 10 45 19 28 15 13 17 43 
652 45 7 15 50 28 9 24 43 39 19 10 
653 0 23 50 13 43 9 39 7 22 32 
654 49 8 16 23 9 13 15 43 24 19 39 
655 10 19 7 13 28 
656 19 39 17 50 43 22 28 44 24 
657 0 10 43 23 13 9 
658 39 50 22 10 16 7 17 28 43 23 9 
659 39 9 13 34 19 44 10 23 
660 7 39 48 13 43 10 15 49 19 9 44 
661 22 50 19 24 45 48 43 41 23 33 28 
662 0 48 15 17 50 7 24 41 
663 16 13 19 50 28 39 49 43 32 17 48 8 
664 48 39 24 50 28 43 
665 50 39 41 9 13 22 43 
666 0 32 39 16 28 10 7 22 50 
667 0 32 9 43 50 33 13 
668 9 24 32 13 44 50 
669 41 28 43 13 
670 50 39 17 22 43 9 13 49 23 24 44 
671 0 44 50 43 
672 0 9 10 16 48 7 13 44 49 43 
673 0 16 43 48 50 8 28 17 24 39 10 13 9 33 
674 7 50 28 43 13 41 19 39 32 23 24 
675 44 41 13 19 45 33 43 15 7 50 
676 45 28 19 50 17 16 
677 45 9 13 15 41 50 28 44 48 23 39 8 
678 0 41 19 39 28 45 9 
679 0 13 50 28 15 22 39 32 43 
680 9 13 33 43 50 28 32 44 39 49 19 24 15 
681 19 48 7 8 23 43 32 45 13 
682 43 50 7 28 19 44 13 32 33 
683 19 23 39 15 13 8 16 43 10 48 22 32 
684 19 43 50 32 41 13 28 9 
685 13 15 45 7 19 39 50 43 9 
686 28 50 41 19 13 9 
687 28 49 50 7 13 17 39 9 15 
688 0 41 9 15 28 49 50 
689 41 13 33 50 9 24 19 28 8 39 
690 0 7 22 28 15 10 50 24 17 
691 0 9 15 22 13 28 45 32 23 
692 15 17 32 16 9 50 43 45 13 28 24 
693 16 43 13 33 50 19 9 44 8 49 23 
694 8 43 10 39 19 49 44 50 
695 49 8 10 7 39 43 13 9 48 23 
696 7 15 23 9 43 19 32 39 16 48 
697 13 19 43 32 49 10 28 44 24 41 48 
698 9 50 16 24 32 39 13 49 17 19 23 45 
699 16 48 50 8 49 7 34 15 32 
700 8 19 7 39 43 50 22 44 
701 28 33 50 13 48 7 10 23 41 9 44 19 8 
702 19 32 13 39 48 50 8 9 
703 22 7 24 9 16 19 33 23 
704 28 33 39 9 13 24 7 48 19 
705 24 45 23 41 13 22 9 48 49 39 
706 43 23 39 10 19 28 24 50 17 
707 22 13 15 28 7 24 33 8 16 19 50 
708 13 19 9 23 7 50 45 28 
709 0 50 28 13 9 48 22 17 32 10 
710 32 39 50 23 9 13 41 10 16 
711 19 39 13 17 32 
712 0 9 50 28 43 13 39 7 16 23 
713 17 50 19 44 16 24 28 15 
714 0 41 13 19 28 9 32 
715 0 24 13 39 44 8 43 49 10 
716 19 13 49 48 43 39 50 
717 50 43 45 41 8 16 9 10 24 39 
718 16 45 9 44 17 
719 0 9 39 50 17 13 43 
720 9 44 8 39 41 13 
721 39 16 32 17 43 8 9 22 28 50 24 
722 0 19 33 50 9 13 43 
723 32 9 28 10 13 39 43 
724 19 50 22 15 16 39 43 44 8 
725 0 8 10 45 48 9 33 43 15 7 13 23 39 
726 13 28 15 16 9 43 17 50 
727 39 13 44 34 15 22 50 19 9 28 
728 24 45 34 48 13 9 49 
729 24 9 48 16 41 28 32 13 
730 8 9 41 43 15 45 48 17 22 28 
731 17 48 13 50 
732 9 10 28 48 33 44 39 19 15 43 
733 7 44 49 10 43 19 23 24 41 17 
734 19 44 13 7 45 50 
735 13 44 28 50 7 43 39 9 
736 39 48 17 43 9 32 19 
737 15 19 23 41 8 9 10 24 13 22 
738 0 8 19 48 24 44 50 
739 0 22 13 32 50 19 45 48 
740 0 24 45 43 50 9 41 17 39 44 28 
741 9 49 17 19 13 24 
742 9 39 16 24 50 32 19 43 
743 0 13 50 23 24 28 
744 7 10 39 9 43 13 15 45 48 
745 15 13 39 7 28 50 19 43 44 
746 39 22 19 48 16 24 28 9 8 43 50 41 
747 45 32 13 39 10 28 7 15 19 
748 9 16 32 39 43 50 13 24 
749 24 17 50 15 28 10 43 48 
750 0 9 28 32 19 43 50 13 
751 0 9 33 43 28 16 39 15 48 19 
752 28 39 45 9 13 15 50 43 7 
753 9 15 43 13 48 8 50 33 
754 43 13 15 28 44 16 17 39 
755 15 24 13 9 39 16 
756 28 15 16 39 13 41 32 43 
757 0 28 44 13 8 50 
758 0 7 39 8 9 32 22 19 15 23 24 43 49 
759 9 10 28 50 44 48 22 7 15 23 39 43 41 
760 13 49 32 15 43 44 50 24 
761 7 23 33 13 17 22 9 15 32 43 19 39 45 
762 19 33 13 39 50 8 9 10 15 34 
763 41 9 28 43 15 50 
764 34 28 50 9 39 
765 43 9 41 13 19 34 50 23 
766 0 48 7 10 44 19 39 32 9 50 43 13 
767 50 15 43 44 8 39 19 7 28 
768 0 9 24 50 7 19 39 28 17 23 13 15 
769 32 8 13 15 43 10 39 50 28 
770 13 24 41 7 43 44 9 
771 33 39 28 50 22 23 43 24 10 
772 24 13 43 39 9 28 16 
773 43 8 28 
774 13 28 17 16 39 48 43 9 
775 32 24 28 17 16 41 19 13 39 8 45 9 
776 24 19 23 28 33 39 43 22 50 10 44 
777 24 39 43 50 7 33 13 15 9 
778 43 39 28 16 13 7 44 33 
779 48 50 23 9 13 22 24 
780 0 9 22 32 10 19 44 17 24 8 15 28 39 43 
781 19 28 44 13 32 23 24 39 
782 48 13 9 19 7 39 
783 10 50 22 13 15 16 45 49 
784 0 22 8 50 23 17 28 34 7 24 32 13 41 
785 0 13 32 44 9 41 43 28 50 
786 43 17 50 19 33 23 39 15 8 41 49 7 13 
787 0 8 49 9 41 32 10 39 43 
788 50 44 19 15 45 39 28 
789 45 15 24 33 19 
790 32 39 50 19 28 43 45 15 7 48 16 9 
791 17 23 9 19 39 
792 24 49 41 13 15 16 28 19 10 43 
793 49 50 10 43 13 39 
794 22 50 39 7 13 24 28 9 
795 39 43 50 9 28 44 45 
796 33 43 19 22 8 39 
797 0 24 28 50 45 43 22 19 10 9 44 
798 9 23 43 16 39 33 
799 22 41 15 50 9 13 16 24 28 
800 45 16 50 48 49 22 41 9 24 19 
801 0 9 50 
802 44 48 22 8 41 50 13 39 28 
803 19 22 34 13 7 9 16 43 28 39 50 
804 39 49 24 19 23 43 15 48 50 
805 0 28 19 23 16 10 39 22 50 
806 19 39 43 50 13 48 
807 32 19 28 
808 28 33 39 49 8 9 24 44 43 
809 19 34 39 15 10 
810 22 28 19 24 43 8 13 16 
811 19 48 50 13 24 39 17 9 28 23 15 
812 13 28 33 7 50 
813 9 13 43 48 28 
814 19 15 32 39 13 28 48 44 43 
815 13 8 9 28 7 39 48 50 
816 0 43 9 17 41 50 16 24 45 
817 41 13 9 15 16 44 
818 13 39 43 45 48 23 24 9 
819 0 24 9 19 45 28 39 32 49 
820 0 15 24 28 7 33 
821 22 50 7 15 23 28 8 39 43 13 19 
822 10 50 9 39 43 19 28 15 13 8 
823 13 19 50 8 39 15 32 33 7 
824 49 8 10 9 23 
825 9 48 16 50 8 41 28 23 7 
826 8 24 17 32 39 9 19 7 10 50 45 
827 43 19 10 32 49 39 44 9 45 
828 0 16 17 23 43 13 39 24 9 
829 0 50 7 22 8 24 48 43 28 39 
830 28 48 44 43 7 45 19 33 41 
831 0 9 23 28 7 22 33 13 43 15 
832 7 17 19 43 10 39 41 9 
833 39 41 9 22 45 17 23 15 43 7 19 28 32 10 
834 0 24 49 10 28 22 44 7 9 16 19 48 50 43 13 
835 0 28 43 15 41 44 13 50 
836 0 15 28 39 49 13 8 10 43 
837 7 50 16 9 48 49 45 15 23 32 39 
838 16 39 9 22 23 43 50 
839 0 33 13 15 50 9 16 19 49 24 
840 0 7 9 23 13 19 24 43 50 16 
841 0 45 50 43 13 41 48 
842 0 50 28 39 22 13 19 24 33 9 43 7 48 
843 13 28 8 41 16 39 24 9 50 17 19 10 15 
844 8 13 44 24 16 45 50 28 
845 13 7 17 19 50 
846 34 50 16 43 19 13 8 15 24 28 39 7 
847 50 16 9 43 7 19 39 28 10 41 
848 7 9 19 45 50 13 24 15 39 43 32 49 
849 24 34 50 49 19 22 48 32 9 
850 28 32 39 8 9 17 24 43 16 50 
851 19 49 10 13 22 48 8 28 
852 13 17 19 24 45 9 41 50 43 7 
853 28 43 45 16 22 39 17 7 33 9 
854 0 50 45 41 9 43 19 15 13 33 39 
855 0 22 41 43 49 9 50 7 19 17 16 33 39 
856 0 28 10 32 24 9 43 13 19 
857 0 7 15 22 19 49 16 50 
858 28 43 13 16 15 33 45 22 50 24 
859 28 16 49 45 23 8 19 43 44 33 22 
860 0 19 9 24 13 17 8 43 50 
861 0 32 7 45 43 28 24 13 15 44 
862 15 43 10 24 22 39 50 
863 0 17 28 45 19 32 43 44 15 16 39 24 
864 0 9 16 28 41 32 39 48 19 22 
865 24 39 9 43 34 28 49 13 8 
866 22 9 44 45 19 24 28 23 10 50 
867 0 24 43 7 19 23 10 16 45 17 8 50 32 49 13 
868 43 9 15 23 41 17 50 13 49 
869 43 23 32 15 24 13 
870 0 28 9 41 43 48 22 44 13 7 
871 13 43 48 39 15 19 28 7 50 
872 23 9 19 39 10 28 15 7 45 24 13 
873 43 45 28 33 13 9 24 50 19 
874 24 10 41 15 19 43 44 16 32 48 13 49 
875 0 10 9 33 50 19 23 8 39 43 13 
876 39 13 45 15 43 16 24 41 23 
877 15 41 19 43 10 50 9 13 24 7 33 22 
878 23 50 39 43 9 32 19 41 
879 8 39 28 13 43 17 50 
880 33 10 34 39 44 43 9 13 16 7 
881 8 50 33 43 41 19 
882 43 41 28 44 13 
883 8 41 50 16 43 15 28 19 22 9 13 39 
884 28 45 9 49 41 43 24 22 39 8 48 
885 9 8 23 24 50 44 39 41 7 13 
886 13 49 45 41 16 17 50 48 24 28 9 
887 10 13 24 28 17 49 33 50 
888 0 13 15 39 28 50 16 23 22 45 43 48 
889 8 44 13 43 28 24 
890 0 33 44 50 13 45 16 9 43 
891 44 10 17 22 50 9 23 39 43 45 
892 13 43 41 19 50 28 15 9 22 16 
893 9 10 28 16 32 43 13 39 50 15 49 
894 10 50 41 32 13 16 24 15 43 
895 9 33 39 15 50 22 43 49 
896 9 43 13 44 28 24 
897 24 28 22 32 15 
898 0 44 45 10 13 8 7 15 39 9 49 32 
899 50 13 17 48 34 39 15 23 43 19 49 24 28 33 9 
900 0 8 13 15 44 39 10 32 45 
901 9 28 43 19 33 50 8 13 39 49 
902 17 7 41 50 16 43 33 24 19 39 
903 19 43 48 39 24 50 15 32 
904 32 15 24 16 13 17 19 39 43 50 28 
905 48 15 22 28 39 49 9 44 13 43 50 
906 45 28 22 13 15 19 43 50 39 
907 0 28 49 50 13 39 10 43 48 
908 9 15 13 28 
909 33 39 28 8 19 10 13 43 23 49 
910 19 48 45 24 41 9 33 
911 39 43 8 9 13 19 48 28 50 34 23 
912 7 9 13 41 50 
913 19 32 28 9 17 23 41 
914 19 43 13 28 
915 19 15 17 39 9 13 23 45 50 
916 0 22 23 45 24 44 39 50 13 9 
917 13 39 43 15 19 49 28 
918 0 13 19 22 32 28 39 8 
919 0 24 45 28 19 41 44 9 
920 19 9 41 10 49 13 28 
921 13 48 34 41 39 50 28 17 43 15 24 
922 24 13 34 50 16 23 28 39 15 49 
923 9 41 50 19 24 15 7 39 
924 43 45 50 7 32 9 41 44 19 
925 0 24 43 22 19 9 48 13 39 
926 19 50 22 48 13 17 49 
927 43 50 17 8 39 15 
928 23 13 19 44 7 15 28 43 
929 8 9 7 43 10 15 19 44 23 48 
930 28 43 9 41 13 39 45 19 7 22 
931 22 28 9 13 43 48 15 39 17 
932 0 28 32 45 43 50 13 24 
933 49 15 16 17 28 7 19 
934 7 23 28 9 15 50 33 39 
935 39 13 32 41 50 28 43 23 8 9 19 15 49 
936 39 24 45 19 16 8 33 50 43 13 32 
937 7 13 9 39 45 43 50 49 34 
938 19 16 39 17 48 8 45 28 
939 43 8 41 28 39 22 50 32 
940 39 49 43 15 9 50 13 19 23 
941 48 19 45 50 43 24 9 
942 17 19 24 48 28 
943 9 50 43 15 10 
944 45 48 23 28 43 44 9 22 24 50 39 
945 0 13 23 19 
946 23 39 7 13 43 16 19 9 
947 50 17 8 43 9 19 44 23 39 
948 22 9 13 16 41 10 17 28 23 8 
949 19 44 13 8 15 39 48 9 7 41 43 45 28 
950 0 34 8 13 15 50 48 28 23 
951 9 17 50 13 15 39 
952 19 22 9 16 8 43 10 39 50 7 
953 44 8 19 49 16 17 24 39 
954 39 15 50 13 22 23 43 44 19 33 
955 0 13 43 19 16 49 
956 50 44 13 7 8 9 10 32 33 
957 22 48 50 
958 13 33 10 16 17 
959 19 13 9 16 24 23 
960 17 45 39 9 32 
961 45 17 44 19 50 9 23 32 
962 24 10 9 19 48 16 8 28 32 13 50 39 
963 22 24 28 48 50 19 
964 39 43 45 9 
965 15 24 49 16 28 19 32 39 43 
966 0 9 49 28 50 41 22 8 19 43 
967 0 15 45 39 9 28 
968 13 39 28 50 24 45 48 
969 10 24 43 17 50 19 
970 32 43 44 13 24 28 10 19 9 
971 8 15 13 49 16 50 22 
972 13 50 
973 16 43 50 9 32 24 
974 43 48 19 10 39 24 28 9 
975 9 41 39 49 19 17 23 
976 43 13 39 50 41 28 45 9 44 
977 28 7 19 50 44 45 13 43 9 10 
978 28 9 50 24 10 19 32 41 15 43 7 
979 0 28 19 44 23 24 41 10 39 7 43 48 9 
980 23 10 43 34 16 9 28 22 17 19 24 39 50 
981 13 24 19 39 10 9 28 41 43 50 
982 50 22 24 39 19 7 23 28 45 
983 15 33 49 9 23 44 48 24 16 28 
984 0 23 44 24 9 45 41 43 
985 45 50 7 39 43 15 44 24 9 
986 45 23 50 22 48 19 43 13 8 7 33 9 
987 16 8 13 48 43 39 50 22 
988 13 16 33 34 19 43 49 41 
989 7 19 50 13 32 41 44 17 39 22 
990 13 9 23 49 43 19 24 44 45 48 17 50 
991 28 8 19 23 34 39 32 9 43 49 13 17 
992 10 19 45 8 43 49 50 24 23 13 
993 19 39 43 41 44 48 
994 49 39 9 28 44 10 
995 13 28 9 24 43 39 49 
996 24 8 10 19 9 33 41 43 22 
997 0 39 10 9 48 24 43 13 
998 0 43 9 13 15 44 19 24 41 39 
999 32 13 50 9 17 
