132 13.206372 52.538597 62084 1.0 3
34 13.40108 52.533108 117554 1.0 48
17 13.413022 52.558144 444692 1.0 16
119 13.41119 52.526066 27736 0.0 7
27 13.317934 52.45519 496288 1.0 21
53 13.309386 52.550606 485238 1.0 71
77 13.201438 52.536762 128648 1.0 52
67 13.407791 52.516647 364422 1.0 92
74 13.388209 52.487133 284886 0.0 51
138 13.47754 52.51718 142106 1.0 99
65 13.321433 52.46689 16598 1.0 31
106 13.410289 52.529827 354678 1.0 67
55 13.401989 52.525124 439592 1.0 30
3 13.431619 52.481586 33782 1.0 94
0 13.408053 52.536995 494216 1.0 16
69 13.326565 52.46433 408700 1.0 56
13 13.416983 52.500595 410462 1.0 77
92 13.203115 52.53841 149048 0.0 38
50 13.419642 52.501186 299582 1.0 28
117 13.372617 52.509293 323672 1.0 40
128 13.330462 52.477062 81376 1.0 16
110 13.285913 52.583725 100322 0.0 72
26 13.413636 52.540024 338916 0.748 83
70 13.297688 52.44207 275902 1.0 90
78 13.415001 52.543312 288818 1.0 63
