388 13.464741 52.514633 11804 0.0 77
552 13.409849 52.571087 30632 1.0 11
138 13.525564 52.567936 65234 1.0 25
518 13.292378 52.49745 2090 1.0 20
238 13.431502 52.532074 28032 1.0 58
174 13.436466 52.418213 124802 0.0 2
425 13.327703 52.454586 304164 1.0 57
541 13.456653 52.44243 280258 1.0 35
358 13.203734 52.537548 57054 1.0 44
185 13.282447 52.50996 415186 1.0 7
395 13.399839 52.416542 279816 1.0 56
556 13.442675 52.48034 324630 0.0 82
315 13.31894 52.48144 9022 1.0 8
86 13.265465 52.511696 24702 1.0 83
389 13.330847 52.467392 19752 0.0 26
298 13.336155 52.530396 18184 1.0 24
212 13.576914 52.455482 473872 1.0 27
441 13.461331 52.508663 133322 1.0 39
386 13.209393 52.54718 61010 0.0 65
275 13.324531 52.497944 8502 1.0 82
373 13.346357 52.436466 376812 1.0 23
247 13.386539 52.442146 259528 1.0 93
555 13.368788 52.54494 23228 1.0 58
101 13.333298 52.469017 19738 0.0 36
217 13.361087 52.49466 454480 1.0 68
