101 4.911217 52.362312 25420 1.0 48
135 4.876463 52.37227 31678 0.0 77
99 4.89217 52.36999 118328 1.0 33
121 4.804219 52.35779 65806 1.0 96
56 4.88903 52.36694 75000 1.0 30
11 4.999938 52.352913 112200 1.0 96
66 4.846318 52.37935 98014 1.0 94
94 4.862902 52.36486 32064 1.0 22
71 4.89393 52.37244 27272 1.0 26
77 4.890752 52.37171 78632 1.0 98
96 4.867561 52.325356 22234 1.0 70
47 4.911271 52.391346 106814 1.0 53
128 4.875785 52.33201 107748 1.0 74
26 4.894404 52.374218 118454 1.0 40
46 4.91206 52.39027 37198 1.0 26
89 4.884929 52.378616 45462 1.0 35
28 4.928353 52.362293 15448 1.0 65
53 4.849452 52.378794 46102 0.939 17
44 4.89665 52.376324 28258 1.0 50
104 4.891739 52.40101 87550 0.0 22
36 4.878695 52.363594 113324 1.0 78
24 4.90081 52.354733 25286 1.0 77
87 4.879949 52.373253 31178 1.0 12
72 4.870814 52.371098 88328 1.0 93
52 4.874277 52.33665 86928 1.0 30
51 4.85027 52.369804 109946 1.0 12
0 4.875785 52.33201 107748 1.0 29
125 4.999366 52.353218 112206 1.0 16
103 4.886022 52.383305 45210 1.0 10
1 4.85204 52.35105 53024 0.0 85
15 4.882835 52.36359 29832 1.0 89
19 4.90622 52.343952 23212 1.0 29
97 4.860644 52.35903 54432 0.0 83
49 4.91206 52.39027 37198 1.0 69
37 4.928536 52.354977 113916 1.0 75
31 4.899655 52.372814 28120 1.0 89
68 4.883334 52.364185 29858 1.0 82
76 4.899655 52.372814 28120 1.0 37
92 4.920015 52.354862 17942 1.0 87
3 4.882629 52.32604 21658 1.0 89
67 4.853511 52.364265 55978 0.0 58
147 4.938911 52.399055 5894 1.0 23
114 4.883147 52.364395 29978 0.0 57
4 4.871937 52.35423 80104 1.0 12
98 4.887614 52.37336 81054 1.0 26
74 4.877086 52.372433 116192 1.0 68
40 4.861893 52.34804 53558 1.0 18
134 4.79916 52.362007 67838 1.0 79
141 4.826843 52.355072 82284 1.0 48
13 4.905896 52.365036 26132 1.0 59
