10 0.0 0.0 19474 1.0 94
11 0.0 0.0 11461 1.0 31
24 0.0 0.0 1301 0.0 86
41 0.0 0.0 12411 0.0 79
35 0.0 0.0 1536 1.0 70
21 0.0 0.0 6920 0.0 84
45 0.0 0.0 2532 1.0 65
47 0.0 0.0 13001 0.0 95
17 0.0 0.0 18470 1.0 17
27 0.0 0.0 2989 1.0 75
43 0.0 0.0 18463 1.0 13
4 0.0 0.0 15611 1.0 52
33 0.0 0.0 15168 1.0 53
29 0.0 0.0 20226 0.0 17
25 0.0 0.0 16214 0.0 54
19 0.0 0.0 3096 1.0 86
32 0.0 0.0 19084 0.0 29
9 0.0 0.0 1609 1.0 42
20 0.0 0.0 17609 0.0 49
42 0.0 0.0 19324 0.0 87
2 0.0 0.0 11584 1.0 34
23 0.0 0.0 18372 1.0 91
3 0.0 0.0 10750 1.0 37
26 0.0 0.0 14220 0.0 95
13 0.0 0.0 1209 1.0 93
