8 0.0 0.0 9913 0.0 38
43 0.0 0.0 10863 1.0 74
47 0.0 0.0 734 1.0 22
12 0.0 0.0 8930 1.0 35
34 0.0 0.0 13907 0.0 28
45 0.0 0.0 16226 1.0 29
33 0.0 0.0 6341 1.0 41
30 0.0 0.0 6024 0.0 67
2 0.0 0.0 15410 1.0 70
48 0.0 0.0 11583 1.0 25
25 0.0 0.0 20010 1.0 21
4 0.0 0.0 9258 1.0 23
39 0.0 0.0 1851 1.0 68
32 0.0 0.0 2258 0.0 95
35 0.0 0.0 13382 1.0 15
37 0.0 0.0 7331 0.0 78
5 0.0 0.0 15035 0.0 51
20 0.0 0.0 16093 1.0 97
36 0.0 0.0 6070 1.0 11
24 0.0 0.0 13723 0.0 98
21 0.0 0.0 2286 0.0 87
6 0.0 0.0 5992 1.0 19
17 0.0 0.0 5586 1.0 34
27 0.0 0.0 990 0.0 72
11 0.0 0.0 2281 0.0 12
