2 0.0 0.0 3371 1.0 18
1 0.0 0.0 18811 1.0 57
27 0.0 0.0 1519 0.0 77
29 0.0 0.0 15497 0.0 56
4 0.0 0.0 10824 1.0 52
13 0.0 0.0 16364 0.0 92
9 0.0 0.0 4113 0.0 80
34 0.0 0.0 19183 1.0 11
19 0.0 0.0 1334 1.0 21
8 0.0 0.0 12522 1.0 72
23 0.0 0.0 7042 1.0 37
22 0.0 0.0 6343 1.0 39
31 0.0 0.0 13703 1.0 78
35 0.0 0.0 16036 0.0 98
48 0.0 0.0 7282 0.0 97
3 0.0 0.0 9707 0.0 37
25 0.0 0.0 11796 1.0 4
32 0.0 0.0 14639 0.0 82
40 0.0 0.0 19888 0.0 49
28 0.0 0.0 9055 1.0 36
44 0.0 0.0 13392 1.0 37
37 0.0 0.0 2804 0.0 82
41 0.0 0.0 2928 1.0 94
5 0.0 0.0 6489 1.0 35
11 0.0 0.0 13112 0.0 97
