13 10.761304 59.925606 225814 1.0 13
60 10.727531 59.921112 221646 1.0 19
78 10.716252 59.915028 307024 1.0 59
8 10.740468 59.90999 8284 1.0 81
93 10.759216 59.913177 100952 1.0 5
106 10.748508 59.914383 56534 0.0 48
65 10.730688 59.925728 267660 1.0 84
41 10.765417 59.9361 297152 0.0 6
54 10.759323 59.924618 295076 1.0 7
30 10.722809 59.941746 14250 1.0 50
80 10.734674 59.913185 289144 1.0 32
87 10.757499 59.91431 1432 1.0 61
24 10.720957 59.94016 14222 0.0 95
72 10.750322 59.916332 290754 1.0 9
9 10.746861 59.911022 13644 1.0 84
79 10.72885 59.913303 195704 1.0 45
38 10.763591 59.93355 84930 1.0 64
77 10.740468 59.90999 8284 1.0 43
18 10.783757 59.907532 81393 0.369 61
110 10.739369 59.915146 45194 1.0 92
64 10.715439 59.927834 16256 0.0 23
33 10.751016 59.9277 898 0.0 96
46 10.749587 59.914623 23736 1.0 77
111 10.751691 59.914196 23688 1.0 73
113 10.758399 59.923176 151316 1.0 22
19 10.749292 59.92812 308578 0.0 52
50 10.7405 59.91809 306632 1.0 73
6 10.756601 59.91366 217742 1.0 80
118 10.758146 59.923176 151312 1.0 36
14 10.773388 59.912853 7338 1.0 41
101 10.757277 59.92008 295486 1.0 53
43 10.754212 59.917557 308456 0.0 94
22 10.727439 59.91094 196474 1.0 70
25 10.757321 59.923462 295320 1.0 18
1 10.759188 59.92197 295152 1.0 47
67 10.76689 59.928837 297318 1.0 76
5 10.742579 59.91567 112444 1.0 88
49 10.74944 59.916718 1552 1.0 3
117 10.755211 59.91954 1251 0.822 24
96 10.748508 59.914383 56534 0.0 69
32 10.724316 59.941223 14204 0.0 60
35 10.715753 59.928814 227576 1.0 46
23 10.727181 59.909706 44766 1.0 3
11 10.742366 59.913048 105934 1.0 47
15 10.757226 59.919636 295472 0.0 79
114 10.758028 59.923153 151310 1.0 80
119 10.758028 59.923153 151310 1.0 10
10 10.743802 59.912144 107252 1.0 10
102 10.725649 59.9332 327866 1.0 65
91 10.740468 59.90999 8284 1.0 79
