369 10.761076 59.912548 3706 0.776 3
24 10.758204 59.9187 147612 0.546 70
498 10.69541 59.90719 247448 0.914 93
548 10.695913 59.90724 252886 0.422 54
600 10.758791 59.9136 276874 0.995 6
411 10.766434 59.912327 300547 0.94 74
187 10.767308 59.9106 28171 0.191 42
132 10.725796 59.915096 134594 0.24 38
371 10.75916 59.91342 311411 0.553 80
113 10.746981 59.914104 216039 1.0 60
21 10.757108 59.921875 147785 0.683 42
186 10.763592 59.91277 295580 0.787 73
447 10.761254 59.92711 285441 0.977 10
383 10.726373 59.910614 49214 0.269 52
36 10.748329 59.911377 250482 0.563 46
474 10.924379 59.961033 328684 0.926 74
103 10.749869 59.928406 154175 0.226 65
59 10.739517 59.910522 4521 0.583 35
349 10.641584 59.926044 181422 0.0 77
238 10.718849 59.914005 271927 0.199 36
629 10.80411 59.95903 254832 0.353 38
125 10.715447 59.92233 9383 0.846 42
428 10.757524 59.90884 239456 0.114 34
595 10.760288 59.913326 168107 0.482 95
19 10.758957 59.92226 147715 0.991 71
582 10.7617445 59.899475 217941 0.498 86
32 10.7867365 59.880287 35128 0.346 7
475 10.924322 59.96202 26858 0.0 82
292 10.830683 59.848854 206769 0.0 79
263 10.71345 59.91653 272020 0.805 59
400 10.76249 59.9121 295503 0.401 67
536 10.677429 59.977795 107955 1.0 2
451 10.770002 59.915077 162838 0.064 8
198 10.740081 59.91869 153322 0.916 31
167 10.86742 59.950924 115752 0.955 32
433 10.881906 59.96135 220844 0.243 5
520 10.677813 59.977665 107952 0.752 78
549 10.695867 59.90728 252886 0.555 13
197 10.759217 59.927387 112928 0.778 77
487 10.781436 59.90784 282903 0.101 23
468 10.7513685 59.951096 133341 0.085 12
331 10.746789 59.91081 6824 0.041 9
135 10.73584 59.92265 146768 0.646 66
461 10.751398 59.916264 725 0.662 92
590 10.759966 59.91338 168107 0.344 73
389 10.750872 59.910995 29277 0.561 47
546 10.695675 59.907154 247451 0.0 80
69 10.748088 59.91901 740 0.317 4
558 10.735273 59.914555 116929 1.0 52
39 10.747453 59.912018 6821 0.714 2
