0 1 0
0 4 14
0 6 0
0 7 0
0 9 11
0 10 0
0 11 8
0 12 7
0 16 0
0 17 9
0 19 10
0 20 7
0 22 10
0 23 0
0 25 0
0 26 0
0 28 15
0 29 15
0 32 0
0 33 9
0 34 15
0 35 0
0 37 8
0 40 8
0 42 0
0 43 6
0 44 14
0 47 0
0 48 12
0 49 6
0 52 0
0 53 0
0 54 7
0 56 6
0 59 9
0 62 9
0 63 0
0 64 6
0 65 0
0 66 0
0 67 6
0 69 0
0 70 15
0 71 15
0 72 6
0 73 0
0 74 0
0 75 9
0 76 7
0 77 14
0 78 0
0 80 0
0 81 9
0 82 13
0 83 11
0 85 0
0 86 15
0 89 0
0 90 0
0 91 15
0 93 0
0 94 0
0 96 13
0 99 14
0 100 7
0 101 15
0 102 6
0 103 6
0 104 0
0 106 12
0 107 5
0 108 8
0 109 8
0 110 7
0 111 7
0 112 13
0 113 9
0 114 14
0 115 15
0 119 0
0 120 12
0 121 7
0 122 10
0 123 5
0 124 0
0 126 10
0 127 6
0 128 0
0 129 0
0 130 11
0 131 6
0 132 10
0 133 0
0 134 11
0 136 13
0 137 0
0 138 13
0 140 0
0 141 0
0 147 13
0 148 13
0 149 10
0 150 12
0 151 14
0 152 12
0 153 0
0 154 10
0 155 15
0 156 8
0 157 14
0 158 14
0 159 11
0 160 15
0 161 7
0 162 12
0 165 15
0 166 0
0 167 0
0 168 0
0 170 8
0 171 12
0 172 7
0 173 10
0 174 13
0 175 6
0 176 0
0 177 11
0 179 10
0 180 6
0 181 15
0 182 7
0 183 7
0 184 15
0 185 12
0 186 14
0 187 0
0 189 13
0 190 10
0 192 5
0 193 0
0 196 10
0 197 13
0 200 0
0 201 0
0 202 0
0 203 0
0 204 0
0 205 15
0 206 7
0 207 5
0 208 14
0 209 10
0 211 5
0 212 9
0 213 8
0 214 11
0 215 10
0 216 15
0 217 15
0 218 14
0 220 15
0 221 12
0 223 10
0 224 0
0 226 0
0 227 9
0 228 14
0 229 7
0 231 8
0 233 0
0 235 14
0 237 14
0 238 13
0 239 15
0 242 7
0 243 11
0 244 14
0 245 7
0 246 0
0 247 7
0 249 5
0 250 9
0 252 14
0 253 7
0 254 6
0 256 11
0 257 9
0 258 10
0 259 0
0 260 13
0 261 13
0 262 0
0 263 13
0 264 6
0 267 0
0 269 0
0 271 5
0 272 11
0 274 0
0 275 0
0 276 6
0 277 5
0 278 12
0 279 15
0 280 7
0 281 9
0 282 13
0 283 7
0 284 15
0 285 15
0 286 0
0 287 5
0 289 11
0 290 7
0 291 6
0 294 12
0 295 13
0 296 13
0 297 15
0 298 0
0 299 11
0 300 9
0 301 0
0 302 9
0 303 12
0 304 0
0 305 15
0 306 14
0 308 15
0 309 10
0 310 0
0 311 10
0 312 0
0 313 14
0 317 0
0 318 14
0 319 0
0 321 7
0 322 7
0 323 5
0 324 0
0 327 0
0 328 6
0 329 6
0 330 11
0 331 6
0 332 7
0 334 11
0 335 0
0 336 10
0 337 6
0 338 0
0 339 12
0 340 10
0 343 10
0 344 0
0 345 14
0 346 15
0 347 13
0 348 7
0 349 14
0 350 6
0 351 13
0 356 5
0 357 6
0 358 0
0 359 0
0 360 12
0 361 0
0 362 15
0 364 0
0 365 13
0 366 10
0 369 0
0 370 15
0 371 12
0 372 5
0 373 15
0 375 14
0 376 7
0 377 9
0 378 13
0 379 6
0 380 5
0 381 15
0 383 12
0 385 10
0 386 10
0 387 0
0 389 11
0 390 15
0 391 9
0 392 0
0 394 0
0 395 15
0 396 14
0 397 7
0 398 5
0 399 10
0 401 6
0 402 9
0 404 14
0 405 13
0 406 7
0 407 7
0 408 11
0 410 9
0 411 0
0 412 5
0 413 7
0 417 7
0 418 6
0 419 12
0 420 10
0 421 0
0 422 0
0 423 0
0 424 8
0 425 5
0 427 7
0 428 0
0 429 15
0 430 7
0 431 10
0 432 11
0 433 0
0 435 0
0 436 13
0 437 7
0 439 12
0 440 12
0 441 14
0 442 6
0 444 0
0 446 5
0 447 7
0 448 5
0 450 13
0 451 5
0 452 12
0 454 14
0 455 0
0 456 0
0 457 14
0 458 10
0 459 14
0 460 15
0 461 12
0 462 8
0 463 11
0 464 8
0 465 9
0 466 0
0 468 0
0 471 0
0 472 0
0 475 15
0 476 14
0 477 8
0 478 10
0 479 10
0 480 9
0 482 7
0 483 0
0 484 9
0 485 15
0 488 11
0 489 0
0 491 0
0 493 7
0 494 6
0 495 15
0 496 5
0 497 14
0 498 0
0 499 5
0 500 13
0 501 8
0 502 15
0 503 6
0 506 5
0 507 13
0 509 0
0 511 13
0 512 0
0 513 13
0 514 15
0 515 13
0 516 0
0 517 10
0 519 5
0 520 15
0 521 10
0 522 0
0 524 11
0 525 12
0 527 14
0 529 13
0 530 9
0 531 15
0 532 0
0 533 9
0 534 5
0 535 0
0 537 6
0 540 5
0 542 5
0 543 15
0 544 14
0 545 0
0 546 5
0 547 12
0 550 15
0 551 5
0 552 0
0 553 0
0 554 0
0 555 9
0 556 10
0 557 8
0 558 10
0 559 15
0 561 14
0 562 15
0 563 9
0 566 5
0 567 0
0 568 6
0 573 9
0 574 7
0 575 10
0 577 6
0 580 7
0 581 5
0 582 0
0 583 13
0 585 14
0 586 7
0 587 0
0 588 15
0 590 5
0 593 5
0 594 5
0 595 0
0 597 9
0 598 0
0 600 13
0 602 8
0 603 15
0 604 0
0 605 14
0 606 12
0 607 14
0 608 0
0 609 10
0 611 6
0 612 7
0 613 13
0 615 12
0 616 5
0 617 5
0 618 15
0 619 14
0 621 6
0 623 10
0 624 11
0 626 14
0 627 0
0 629 7
0 630 0
0 631 0
0 632 10
0 634 9
0 635 0
0 636 0
0 637 11
0 638 11
0 639 14
0 640 13
0 641 8
0 642 8
0 644 0
0 645 5
0 646 7
0 647 15
0 648 6
0 649 0
0 650 0
0 651 8
0 652 8
0 653 0
0 655 13
0 656 0
0 657 8
0 658 15
0 659 15
0 660 10
0 662 11
0 663 11
0 664 6
0 665 12
0 666 10
0 668 14
0 669 10
0 670 0
0 671 0
0 672 5
0 674 6
0 676 0
0 677 14
0 678 0
0 679 12
0 680 13
0 681 11
0 682 14
0 684 9
0 685 8
0 686 11
0 687 0
0 688 5
0 690 15
0 691 13
0 692 7
0 693 0
0 694 8
0 696 8
0 697 0
0 699 9
0 700 0
0 702 6
0 704 13
0 705 13
0 706 10
0 708 11
0 710 5
0 712 11
0 713 0
0 715 11
0 716 0
0 717 0
0 718 15
0 719 0
0 721 13
0 722 14
0 723 13
0 724 13
0 725 11
0 726 12
0 727 0
0 728 0
0 729 14
0 730 11
0 731 6
0 732 13
0 734 7
0 735 9
0 736 8
0 737 13
0 738 7
0 739 11
0 741 0
0 742 12
0 743 8
0 744 7
0 747 0
0 749 0
0 750 6
0 751 9
0 752 11
0 753 0
0 754 0
0 755 0
0 756 0
0 757 12
0 758 7
0 759 15
0 760 0
0 761 13
0 762 0
0 763 0
0 765 5
0 766 7
0 768 5
0 771 12
0 772 0
0 773 8
0 774 9
0 775 5
0 776 7
0 777 0
0 779 12
0 781 0
0 782 0
0 783 8
0 785 8
0 786 10
0 787 0
0 789 5
0 790 14
0 791 0
0 793 7
0 794 0
0 795 11
0 796 8
0 797 14
0 798 13
0 799 6
0 803 5
0 804 8
0 805 7
0 806 0
0 807 10
0 808 5
0 809 12
0 810 0
0 812 14
0 813 12
0 814 15
0 815 5
0 816 13
0 818 0
0 819 10
0 821 0
0 822 10
0 823 12
0 824 0
0 825 12
0 826 8
0 828 0
0 829 8
0 830 9
0 832 8
0 833 14
0 834 0
0 835 14
0 836 10
0 837 7
0 838 10
0 840 6
0 841 15
0 844 5
0 845 6
0 846 14
0 847 0
0 848 9
0 849 9
0 850 7
0 851 12
0 852 6
0 853 8
0 854 8
0 855 13
0 856 7
0 857 5
0 864 0
0 865 11
0 866 8
0 867 10
0 869 14
0 870 15
0 871 13
0 872 0
0 873 12
0 874 5
0 875 11
0 878 13
0 880 13
0 881 0
0 882 5
0 883 11
0 884 12
0 885 6
0 886 7
0 887 0
0 888 12
0 889 0
0 891 11
0 894 7
0 895 10
0 897 14
0 898 7
0 900 10
0 902 11
0 903 0
0 905 11
0 906 11
0 907 13
0 908 8
0 911 13
0 912 0
0 913 12
0 914 15
0 915 11
0 916 14
0 917 9
0 918 0
0 920 11
0 921 15
0 922 0
0 924 14
0 925 6
0 926 0
0 929 11
0 930 0
0 932 6
0 933 7
0 934 6
0 935 0
0 936 9
0 937 0
0 940 7
0 941 0
0 942 14
0 943 9
0 944 0
0 946 5
0 947 9
0 948 12
0 949 8
0 950 9
0 951 0
0 952 5
0 953 8
0 954 14
0 956 9
0 957 6
0 959 11
0 962 15
0 963 13
0 964 5
0 966 12
0 967 6
0 968 10
0 969 0
0 970 14
0 972 15
0 973 12
0 974 11
0 976 12
0 977 14
0 978 0
0 979 6
0 980 5
0 981 6
0 982 8
0 983 0
0 984 0
0 985 8
0 987 0
0 988 11
0 989 12
0 991 13
0 993 13
0 994 6
0 995 15
0 996 5
1 0 5
1 1 12
1 3 0
1 4 12
1 5 5
1 8 5
1 9 0
1 10 0
1 11 7
1 12 5
1 16 6
1 17 10
1 18 6
1 19 0
1 20 0
1 21 0
1 22 5
1 23 9
1 24 11
1 25 13
1 26 10
1 27 8
1 32 5
1 33 10
1 34 10
1 36 7
1 37 9
1 38 5
1 39 0
1 40 0
1 41 0
1 42 0
1 43 5
1 44 14
1 45 5
1 46 0
1 47 6
1 48 5
1 49 6
1 50 5
1 51 12
1 52 8
1 53 5
1 55 9
1 56 13
1 59 13
1 61 10
1 62 5
1 64 7
1 65 13
1 68 5
1 70 14
1 72 13
1 74 5
1 75 0
1 77 15
1 78 11
1 79 0
1 80 0
1 81 5
1 82 0
1 86 6
1 87 9
1 88 0
1 89 5
1 90 8
1 91 0
1 93 0
1 94 5
1 95 0
1 96 5
1 98 0
1 99 8
1 100 0
1 101 9
1 102 5
1 103 0
1 104 5
1 105 5
1 106 15
1 107 6
1 108 6
1 109 7
1 110 0
1 112 0
1 113 0
1 115 8
1 116 12
1 117 7
1 118 5
1 119 7
1 120 14
1 122 0
1 123 5
1 124 5
1 125 5
1 126 13
1 127 0
1 130 5
1 131 5
1 132 12
1 133 5
1 135 11
1 136 5
1 137 10
1 138 14
1 141 14
1 143 15
1 144 12
1 145 5
1 146 5
1 147 0
1 149 15
1 150 7
1 152 0
1 154 6
1 155 6
1 156 11
1 157 14
1 158 11
1 159 12
1 161 0
1 162 14
1 163 11
1 165 5
1 166 12
1 167 7
1 168 6
1 171 0
1 172 0
1 173 5
1 175 6
1 176 5
1 177 5
1 178 0
1 179 5
1 180 10
1 182 14
1 183 13
1 184 0
1 185 0
1 187 11
1 188 0
1 189 13
1 190 13
1 192 5
1 193 12
1 195 5
1 196 0
1 197 8
1 198 9
1 199 0
1 201 13
1 202 0
1 203 5
1 204 15
1 205 15
1 206 6
1 209 7
1 210 13
1 211 0
1 212 14
1 214 11
1 215 5
1 216 0
1 217 5
1 219 9
1 220 5
1 221 5
1 222 0
1 224 0
1 225 5
1 226 5
1 227 12
1 228 0
1 229 15
1 230 7
1 234 8
1 235 6
1 236 5
1 237 5
1 238 0
1 239 11
1 240 12
1 243 8
1 244 12
1 245 0
1 246 7
1 247 14
1 248 5
1 251 9
1 252 0
1 253 11
1 254 10
1 255 0
1 256 5
1 257 13
1 258 5
1 259 5
1 260 15
1 261 0
1 262 10
1 263 7
1 266 5
1 268 13
1 269 5
1 270 5
1 271 0
1 272 0
1 273 5
1 274 5
1 276 7
1 277 5
1 280 0
1 283 14
1 285 7
1 286 5
1 287 5
1 288 0
1 289 13
1 291 6
1 293 6
1 294 5
1 295 0
1 297 12
1 298 11
1 299 15
1 300 5
1 301 14
1 304 15
1 306 10
1 307 0
1 308 0
1 310 0
1 311 6
1 312 5
1 314 8
1 316 11
1 318 6
1 319 5
1 321 10
1 322 0
1 323 0
1 324 9
1 325 13
1 327 7
1 328 15
1 329 8
1 330 13
1 331 0
1 332 0
1 333 5
1 334 5
1 335 14
1 336 5
1 338 11
1 339 13
1 340 15
1 341 14
1 342 6
1 343 12
1 345 8
1 348 10
1 349 9
1 350 0
1 352 0
1 354 12
1 355 0
1 356 13
1 357 10
1 359 15
1 360 11
1 361 8
1 362 5
1 364 8
1 365 0
1 366 6
1 369 9
1 371 0
1 372 0
1 373 9
1 374 0
1 375 0
1 376 10
1 377 0
1 378 5
1 379 13
1 380 15
1 381 10
1 382 5
1 383 0
1 384 6
1 385 0
1 386 14
1 388 14
1 389 13
1 390 0
1 391 14
1 392 12
1 393 6
1 394 13
1 396 9
1 397 0
1 400 0
1 401 7
1 403 0
1 404 11
1 405 6
1 406 10
1 407 0
1 408 5
1 409 5
1 410 6
1 411 0
1 412 13
1 413 0
1 414 15
1 415 0
1 416 13
1 417 14
1 418 0
1 419 5
1 420 15
1 421 5
1 422 9
1 423 11
1 426 0
1 427 14
1 428 5
1 430 15
1 431 14
1 433 7
1 434 9
1 435 9
1 436 5
1 437 13
1 439 10
1 440 0
1 441 6
1 442 5
1 444 5
1 446 5
1 447 7
1 449 10
1 452 0
1 454 5
1 455 0
1 460 0
1 461 12
1 462 6
1 464 8
1 465 0
1 466 5
1 468 0
1 469 11
1 471 7
1 472 5
1 473 15
1 474 0
1 475 5
1 477 11
1 478 5
1 479 11
1 480 0
1 481 7
1 482 15
1 483 12
1 484 0
1 485 0
1 488 5
1 489 0
1 490 7
1 491 5
1 492 15
1 494 13
1 495 6
1 496 7
1 498 14
1 499 7
1 503 13
1 504 5
1 505 14
1 506 12
1 507 11
1 508 14
1 509 9
1 511 15
1 512 0
1 513 12
1 515 10
1 516 7
1 519 5
1 520 5
1 521 5
1 522 14
1 523 0
1 524 13
1 525 10
1 526 0
1 527 0
1 528 9
1 529 13
1 530 0
1 531 13
1 532 5
1 533 5
1 534 15
1 535 15
1 536 13
1 537 7
1 538 9
1 539 8
1 540 8
1 541 5
1 542 10
1 544 5
1 545 5
1 546 5
1 547 13
1 549 12
1 550 6
1 552 12
1 553 5
1 554 6
1 555 0
1 557 0
1 558 14
1 559 5
1 560 5
1 561 0
1 562 5
1 564 12
1 565 0
1 566 5
1 567 13
1 568 12
1 569 6
1 571 9
1 572 0
1 573 6
1 574 10
1 575 6
1 580 5
1 581 0
1 582 8
1 583 0
1 585 5
1 586 5
1 588 0
1 589 10
1 590 0
1 591 0
1 593 14
1 594 0
1 595 6
1 596 5
1 598 0
1 599 0
1 600 0
1 601 0
1 602 5
1 603 5
1 604 5
1 606 0
1 609 9
1 610 11
1 611 8
1 612 0
1 613 10
1 614 13
1 615 0
1 617 7
1 618 5
1 621 5
1 622 11
1 623 5
1 624 0
1 625 12
1 626 12
1 627 9
1 629 11
1 631 15
1 632 7
1 633 5
1 634 11
1 635 5
1 636 0
1 637 0
1 638 15
1 639 12
1 640 7
1 641 7
1 644 13
1 645 0
1 646 10
1 647 11
1 649 15
1 650 0
1 651 5
1 652 11
1 655 0
1 657 0
1 658 0
1 659 9
1 661 5
1 662 10
1 663 14
1 665 7
1 666 14
1 667 11
1 668 0
1 669 5
1 670 5
1 671 15
1 672 0
1 674 12
1 675 5
1 678 0
1 680 0
1 681 10
1 682 5
1 683 9
1 685 5
1 686 15
1 687 14
1 689 6
1 690 11
1 691 6
1 692 9
1 693 5
1 694 8
1 695 5
1 696 9
1 697 5
1 698 5
1 699 5
1 700 5
1 701 6
1 702 10
1 703 15
1 704 14
1 705 14
1 706 5
1 707 0
1 708 5
1 709 10
1 710 5
1 714 11
1 715 0
1 716 5
1 718 10
1 719 0
1 720 9
1 721 9
1 722 5
1 723 12
1 724 0
1 726 7
1 727 10
1 728 8
1 729 11
1 731 10
1 732 5
1 733 0
1 735 9
1 736 8
1 737 15
1 738 14
1 739 5
1 740 14
1 741 0
1 743 5
1 744 7
1 745 14
1 747 5
1 748 15
1 749 0
1 750 0
1 751 0
1 752 0
1 754 15
1 755 5
1 756 14
1 757 12
1 759 0
1 760 10
1 761 13
1 762 0
1 763 13
1 764 9
1 765 5
1 766 5
1 767 0
1 768 8
1 769 6
1 770 5
1 771 15
1 773 0
1 775 9
1 777 9
1 779 12
1 780 9
1 781 10
1 783 5
1 785 13
1 787 0
1 789 9
1 790 0
1 791 0
1 792 9
1 793 10
1 794 6
1 797 14
1 798 11
1 801 10
1 802 10
1 803 0
1 804 5
1 806 13
1 807 0
1 808 0
1 809 14
1 810 5
1 811 12
1 812 5
1 814 5
1 815 5
1 816 5
1 817 0
1 818 10
1 819 0
1 821 5
1 822 5
1 823 5
1 824 11
1 825 5
1 826 10
1 827 11
1 828 10
1 829 5
1 831 14
1 833 9
1 834 0
1 835 0
1 836 14
1 839 8
1 841 14
1 842 6
1 844 0
1 845 9
1 846 7
1 847 12
1 850 13
1 851 0
1 852 0
1 853 5
1 856 0
1 857 11
1 858 14
1 859 12
1 860 0
1 862 7
1 864 5
1 865 14
1 867 0
1 869 14
1 871 6
1 873 13
1 874 7
1 875 11
1 877 12
1 878 5
1 880 15
1 881 0
1 882 5
1 883 13
1 884 0
1 886 0
1 887 14
1 890 0
1 892 5
1 893 9
1 894 15
1 896 10
1 897 0
1 900 6
1 903 5
1 904 5
1 906 0
1 907 13
1 908 15
1 909 12
1 910 5
1 911 9
1 912 14
1 913 5
1 915 7
1 916 14
1 920 6
1 921 10
1 922 14
1 923 10
1 924 5
1 925 6
1 926 9
1 928 13
1 930 5
1 932 15
1 933 5
1 934 11
1 936 5
1 937 0
1 938 0
1 939 0
1 940 5
1 941 15
1 942 11
1 943 0
1 944 9
1 945 13
1 946 14
1 947 12
1 949 6
1 950 14
1 951 10
1 954 0
1 955 11
1 956 9
1 957 12
1 959 5
1 961 0
1 962 9
1 963 7
1 965 15
1 966 0
1 967 12
1 969 15
1 970 5
1 971 5
1 972 14
1 973 14
1 974 10
1 975 0
1 976 7
1 977 12
1 978 11
1 979 0
1 980 9
1 982 5
1 986 10
1 987 5
1 989 5
1 990 13
1 991 0
1 992 6
1 993 14
1 995 7
1 996 12
1 997 0
1 998 12
1 999 11
2 0 8
2 2 0
2 3 7
2 7 11
2 9 0
2 12 0
2 15 0
2 17 8
2 18 0
2 20 5
2 21 0
2 22 0
2 23 9
2 24 0
2 25 0
2 26 10
2 28 0
2 30 6
2 32 6
2 35 0
2 37 13
2 38 8
2 39 15
2 40 13
2 41 8
2 42 14
2 44 6
2 45 0
2 47 8
2 48 0
2 49 6
2 50 0
2 51 11
2 52 0
2 55 0
2 56 6
2 58 0
2 59 15
2 60 8
2 61 10
2 62 11
2 63 11
2 64 11
2 65 0
2 68 11
2 70 14
2 71 0
2 72 11
2 73 8
2 74 5
2 75 12
2 76 8
2 78 10
2 80 0
2 81 0
2 82 6
2 84 10
2 85 0
2 86 5
2 87 7
2 88 7
2 89 15
2 90 9
2 92 6
2 93 14
2 94 12
2 96 0
2 97 0
2 98 5
2 99 0
2 100 13
2 102 11
2 103 13
2 104 6
2 105 8
2 106 6
2 108 10
2 109 0
2 110 5
2 111 0
2 112 7
2 113 12
2 115 11
2 116 0
2 117 6
2 118 14
2 119 15
2 121 9
2 123 13
2 124 10
2 125 6
2 126 0
2 127 7
2 128 11
2 129 12
2 130 0
2 132 6
2 133 10
2 134 11
2 138 9
2 140 9
2 141 0
2 142 12
2 143 9
2 144 7
2 146 9
2 147 12
2 148 0
2 149 13
2 150 10
2 151 10
2 153 13
2 154 11
2 155 9
2 156 0
2 159 12
2 160 7
2 161 8
2 162 13
2 165 15
2 166 0
2 167 14
2 168 0
2 169 7
2 171 7
2 172 15
2 173 15
2 174 11
2 175 10
2 177 6
2 178 10
2 179 0
2 180 9
2 181 5
2 183 11
2 184 0
2 186 0
2 188 0
2 189 8
2 190 0
2 192 11
2 193 11
2 194 15
2 195 11
2 196 15
2 197 0
2 198 10
2 199 15
2 201 10
2 202 11
2 203 14
2 205 14
2 206 0
2 207 5
2 208 12
2 209 15
2 211 15
2 212 0
2 213 0
2 215 5
2 217 13
2 218 6
2 219 11
2 221 0
2 223 0
2 224 6
2 225 13
2 226 6
2 228 12
2 229 11
2 230 0
2 231 8
2 232 5
2 236 5
2 237 14
2 239 11
2 242 0
2 243 10
2 245 11
2 246 6
2 247 10
2 250 11
2 252 0
2 253 7
2 254 15
2 255 0
2 256 9
2 258 0
2 260 11
2 261 15
2 262 8
2 264 0
2 265 7
2 268 13
2 269 7
2 270 5
2 271 12
2 272 6
2 273 15
2 274 6
2 275 0
2 277 8
2 278 10
2 279 9
2 281 0
2 282 8
2 283 11
2 284 12
2 285 11
2 286 5
2 287 0
2 288 14
2 289 6
2 290 15
2 291 0
2 292 13
2 293 0
2 295 7
2 296 10
2 298 11
2 300 0
2 301 6
2 302 0
2 303 9
2 304 13
2 305 8
2 307 6
2 308 0
2 311 15
2 313 6
2 314 14
2 315 13
2 318 7
2 319 0
2 320 0
2 321 0
2 322 11
2 323 11
2 324 0
2 326 14
2 327 0
2 331 0
2 332 12
2 333 11
2 334 0
2 338 13
2 339 13
2 340 9
2 341 0
2 342 0
2 343 7
2 344 0
2 345 8
2 346 8
2 347 12
2 349 7
2 350 6
2 351 0
2 352 10
2 353 0
2 355 6
2 356 6
2 359 9
2 360 0
2 363 8
2 365 9
2 367 0
2 368 0
2 369 5
2 370 8
2 372 14
2 373 8
2 374 12
2 375 12
2 379 5
2 380 5
2 381 0
2 383 5
2 384 8
2 385 5
2 387 0
2 388 11
2 389 9
2 391 11
2 392 6
2 398 10
2 399 13
2 400 6
2 401 10
2 402 5
2 403 11
2 404 12
2 405 9
2 406 10
2 407 0
2 409 10
2 410 11
2 411 0
2 413 14
2 414 0
2 415 5
2 416 5
2 417 13
2 418 9
2 419 13
2 420 5
2 421 0
2 422 15
2 423 15
2 425 0
2 426 0
2 427 11
2 428 0
2 429 14
2 431 14
2 432 5
2 433 0
2 435 0
2 436 7
2 439 8
2 440 12
2 442 7
2 443 15
2 444 10
2 445 7
2 446 0
2 448 9
2 450 13
2 451 0
2 452 0
2 453 0
2 456 11
2 457 10
2 458 10
2 459 10
2 461 0
2 462 0
2 463 0
2 464 12
2 466 12
2 467 6
2 468 7
2 471 9
2 472 8
2 473 11
2 474 11
2 475 15
2 476 14
2 477 0
2 478 9
2 479 10
2 480 13
2 481 14
2 482 7
2 484 0
2 485 12
2 486 5
2 488 0
2 489 0
2 491 15
2 495 11
2 496 0
2 497 0
2 498 9
2 499 0
2 500 12
2 501 0
2 502 8
2 503 13
2 506 5
2 507 13
2 508 0
2 509 11
2 510 10
2 511 10
2 512 5
2 514 0
2 519 0
2 520 0
2 521 6
2 522 7
2 524 10
2 525 0
2 526 6
2 528 12
2 529 12
2 530 0
2 532 14
2 533 8
2 534 5
2 535 0
2 536 9
2 537 11
2 538 0
2 539 0
2 540 0
2 541 0
2 542 0
2 544 14
2 545 5
2 546 14
2 547 8
2 549 9
2 550 15
2 551 7
2 552 15
2 553 7
2 554 11
2 555 0
2 557 8
2 558 9
2 560 8
2 563 0
2 565 12
2 566 14
2 567 15
2 568 8
2 571 7
2 572 13
2 573 12
2 574 9
2 575 6
2 576 11
2 577 10
2 578 0
2 579 11
2 580 7
2 581 10
2 582 11
2 583 8
2 584 0
2 585 11
2 586 8
2 588 5
2 589 0
2 590 9
2 591 15
2 592 0
2 594 0
2 595 6
2 596 8
2 597 0
2 598 8
2 599 15
2 600 15
2 601 14
2 602 11
2 603 0
2 604 8
2 605 0
2 606 6
2 607 15
2 609 12
2 612 12
2 614 0
2 617 0
2 619 7
2 620 12
2 621 5
2 623 10
2 624 0
2 625 5
2 626 14
2 627 14
2 628 10
2 631 0
2 632 5
2 633 11
2 635 11
2 636 0
2 637 0
2 638 9
2 639 12
2 640 15
2 642 14
2 643 9
2 644 12
2 646 7
2 647 14
2 648 7
2 650 8
2 651 8
2 652 10
2 653 0
2 654 14
2 655 7
2 656 6
2 657 0
2 659 6
2 660 15
2 661 0
2 662 13
2 663 0
2 664 0
2 666 0
2 667 10
2 668 11
2 670 15
2 671 15
2 672 7
2 674 14
2 676 9
2 678 6
2 679 6
2 680 0
2 681 0
2 682 10
2 683 10
2 684 14
2 685 9
2 686 6
2 688 11
2 689 14
2 690 0
2 692 9
2 693 0
2 694 0
2 696 0
2 697 0
2 699 7
2 700 12
2 701 5
2 702 10
2 703 0
2 704 9
2 705 13
2 706 10
2 709 0
2 711 13
2 712 7
2 713 5
2 714 0
2 715 11
2 716 14
2 717 8
2 718 8
2 719 10
2 720 15
2 721 8
2 723 10
2 724 14
2 725 14
2 726 14
2 727 0
2 728 15
2 730 5
2 731 12
2 732 15
2 733 0
2 734 13
2 735 12
2 737 8
2 738 10
2 739 12
2 740 13
2 741 7
2 743 0
2 745 7
2 746 14
2 749 0
2 750 6
2 754 0
2 755 0
2 756 12
2 757 0
2 758 15
2 761 12
2 762 14
2 765 6
2 766 0
2 767 0
2 768 9
2 769 12
2 770 15
2 771 10
2 773 8
2 774 9
2 775 11
2 776 13
2 777 10
2 778 9
2 779 9
2 780 7
2 782 12
2 783 6
2 784 6
2 785 9
2 787 0
2 788 15
2 789 10
2 792 12
2 793 10
2 794 11
2 795 0
2 796 14
2 797 6
2 798 12
2 799 14
2 801 11
2 802 11
2 803 14
2 804 14
2 805 10
2 806 8
2 807 15
2 808 14
2 809 13
2 810 6
2 811 0
2 813 12
2 814 0
2 815 0
2 816 8
2 817 0
2 818 12
2 820 0
2 821 0
2 823 6
2 824 0
2 825 14
2 827 9
2 830 5
2 832 0
2 833 15
2 834 15
2 835 15
2 837 10
2 838 14
2 839 9
2 841 0
2 842 0
2 843 14
2 844 9
2 845 14
2 846 0
2 847 9
2 853 14
2 854 13
2 855 6
2 857 6
2 858 5
2 859 0
2 860 6
2 861 13
2 863 12
2 865 0
2 866 9
2 867 6
2 869 10
2 870 0
2 871 7
2 872 5
2 873 15
2 875 12
2 876 13
2 877 13
2 879 10
2 880 14
2 882 0
2 883 14
2 884 8
2 885 14
2 886 8
2 889 12
2 891 12
2 892 0
2 894 9
2 895 13
2 896 14
2 897 0
2 900 12
2 904 13
2 905 15
2 908 0
2 909 15
2 910 0
2 911 8
2 914 0
2 915 9
2 916 14
2 917 9
2 918 12
2 919 15
2 922 5
2 923 5
2 926 5
2 927 14
2 928 0
2 929 11
2 930 6
2 931 5
2 932 0
2 935 11
2 936 5
2 937 11
2 938 0
2 939 9
2 941 7
2 942 0
2 944 15
2 945 11
2 946 9
2 947 7
2 949 9
2 950 14
2 953 15
2 954 15
2 955 0
2 958 0
2 959 15
2 962 0
2 963 10
2 966 14
2 969 7
2 970 5
2 972 12
2 973 7
2 974 8
2 975 14
2 977 12
2 978 5
2 979 11
2 980 0
2 981 7
2 982 9
2 983 15
2 984 6
2 985 14
2 986 11
2 987 0
2 989 13
2 991 6
2 992 12
2 994 15
2 995 10
2 996 8
2 997 0
2 999 6
3 0 6
3 1 12
3 2 8
3 3 12
3 4 13
3 6 0
3 8 7
3 9 0
3 10 6
3 13 6
3 14 13
3 16 0
3 17 0
3 18 8
3 19 8
3 20 0
3 22 5
3 23 15
3 24 8
3 25 15
3 27 15
3 28 0
3 29 15
3 30 11
3 31 8
3 34 13
3 37 0
3 38 12
3 40 11
3 41 14
3 42 14
3 44 5
3 45 0
3 46 0
3 48 5
3 50 0
3 51 0
3 52 7
3 53 13
3 54 0
3 55 9
3 57 9
3 59 7
3 60 0
3 62 6
3 63 11
3 64 6
3 65 0
3 66 8
3 68 0
3 69 12
3 70 5
3 72 14
3 73 6
3 74 5
3 75 11
3 76 0
3 78 5
3 79 0
3 80 13
3 81 13
3 82 0
3 83 11
3 84 15
3 86 12
3 89 9
3 90 7
3 91 0
3 93 8
3 94 6
3 95 14
3 97 0
3 98 8
3 100 11
3 101 10
3 102 7
3 103 10
3 104 0
3 106 13
3 107 12
3 108 12
3 110 14
3 111 7
3 112 7
3 113 9
3 114 0
3 115 5
3 117 0
3 118 0
3 119 6
3 120 6
3 121 10
3 122 0
3 123 9
3 124 12
3 125 10
3 127 0
3 128 7
3 130 10
3 131 0
3 132 7
3 134 6
3 135 15
3 136 14
3 137 7
3 139 0
3 140 7
3 141 13
3 142 8
3 143 0
3 144 5
3 145 9
3 147 6
3 148 6
3 149 11
3 150 10
3 152 0
3 153 14
3 155 8
3 156 13
3 157 15
3 158 13
3 159 11
3 160 14
3 161 5
3 162 11
3 163 0
3 164 11
3 165 9
3 166 0
3 168 11
3 169 8
3 171 11
3 172 0
3 173 14
3 175 10
3 176 8
3 177 9
3 178 0
3 179 12
3 180 12
3 181 7
3 182 12
3 183 5
3 184 6
3 185 15
3 186 0
3 187 11
3 188 13
3 190 10
3 191 5
3 192 0
3 193 8
3 195 6
3 196 0
3 197 6
3 198 12
3 199 5
3 200 6
3 202 5
3 203 15
3 206 14
3 207 10
3 208 12
3 211 12
3 212 11
3 213 11
3 214 0
3 215 6
3 216 9
3 217 0
3 219 12
3 224 9
3 225 11
3 228 0
3 229 8
3 231 15
3 233 8
3 235 10
3 237 15
3 239 12
3 241 15
3 242 7
3 244 12
3 245 7
3 247 5
3 248 7
3 249 11
3 250 9
3 251 0
3 252 8
3 253 14
3 254 8
3 255 6
3 256 0
3 257 10
3 259 5
3 261 9
3 262 9
3 263 8
3 264 11
3 265 0
3 266 12
3 267 11
3 269 0
3 270 0
3 272 10
3 273 6
3 274 13
3 275 0
3 276 0
3 277 6
3 278 10
3 279 14
3 280 9
3 281 11
3 282 5
3 283 13
3 284 0
3 286 5
3 287 0
3 288 0
3 289 0
3 290 0
3 293 5
3 294 7
3 295 0
3 297 0
3 298 9
3 299 7
3 300 0
3 301 6
3 303 0
3 304 8
3 305 0
3 306 10
3 308 0
3 309 6
3 311 0
3 312 13
3 314 0
3 315 13
3 316 7
3 317 0
3 318 9
3 319 14
3 322 0
3 323 10
3 324 7
3 328 7
3 329 11
3 330 6
3 331 10
3 333 15
3 334 5
3 336 6
3 337 7
3 338 10
3 339 0
3 340 10
3 341 0
3 342 10
3 343 9
3 344 8
3 345 14
3 347 10
3 349 14
3 350 8
3 351 0
3 352 13
3 353 14
3 354 0
3 355 9
3 357 10
3 359 11
3 360 12
3 361 9
3 362 15
3 363 8
3 364 10
3 365 8
3 369 12
3 370 10
3 371 7
3 372 6
3 373 0
3 374 6
3 376 14
3 377 8
3 378 10
3 379 10
3 380 0
3 381 0
3 382 12
3 383 9
3 384 10
3 385 0
3 386 10
3 387 11
3 388 10
3 389 7
3 390 8
3 391 0
3 392 6
3 393 5
3 395 10
3 396 8
3 398 0
3 400 8
3 401 14
3 402 0
3 404 8
3 405 5
3 406 0
3 407 12
3 408 5
3 410 11
3 411 6
3 412 13
3 413 8
3 414 0
3 420 0
3 421 12
3 423 8
3 424 14
3 425 0
3 426 0
3 427 0
3 428 12
3 429 11
3 430 7
3 431 14
3 432 0
3 434 12
3 435 8
3 436 0
3 438 14
3 439 11
3 440 14
3 441 5
3 442 11
3 443 12
3 444 7
3 445 10
3 446 5
3 447 13
3 448 0
3 449 5
3 450 0
3 451 9
3 453 8
3 454 7
3 455 13
3 456 15
3 457 12
3 458 5
3 459 0
3 460 8
3 461 0
3 462 10
3 465 15
3 467 10
3 469 15
3 470 8
3 471 13
3 472 6
3 474 0
3 476 0
3 477 0
3 479 11
3 481 14
3 482 12
3 483 6
3 484 14
3 485 12
3 486 0
3 487 11
3 488 8
3 489 6
3 491 14
3 492 13
3 493 6
3 494 5
3 495 6
3 497 13
3 499 8
3 501 9
3 502 15
3 504 12
3 505 13
3 507 13
3 508 6
3 509 8
3 510 5
3 514 0
3 516 7
3 517 9
3 518 0
3 519 9
3 520 0
3 521 15
3 522 6
3 524 7
3 525 0
3 527 13
3 528 9
3 529 13
3 530 7
3 531 5
3 533 0
3 535 9
3 536 14
3 537 15
3 538 9
3 539 10
3 540 0
3 541 0
3 543 0
3 544 0
3 545 0
3 547 6
3 548 14
3 549 0
3 550 15
3 552 6
3 553 15
3 554 8
3 555 12
3 556 13
3 557 11
3 558 14
3 559 9
3 560 14
3 561 0
3 562 9
3 563 13
3 564 9
3 565 0
3 567 7
3 568 7
3 570 15
3 571 14
3 572 10
3 574 13
3 575 10
3 576 14
3 577 10
3 578 8
3 580 8
3 581 14
3 582 15
3 583 7
3 584 0
3 585 12
3 587 10
3 589 12
3 592 5
3 593 14
3 594 15
3 595 11
3 597 6
3 598 13
3 599 11
3 601 0
3 602 0
3 603 13
3 604 0
3 605 11
3 606 0
3 608 8
3 609 12
3 611 11
3 612 15
3 614 0
3 615 8
3 617 0
3 618 9
3 619 8
3 620 0
3 621 6
3 623 0
3 624 9
3 627 10
3 628 8
3 629 5
3 631 5
3 632 14
3 633 13
3 635 8
3 637 13
3 638 0
3 639 9
3 640 12
3 642 7
3 643 13
3 644 8
3 645 0
3 646 7
3 647 0
3 648 6
3 650 0
3 651 10
3 652 14
3 653 0
3 654 12
3 655 15
3 656 0
3 657 15
3 659 15
3 662 11
3 664 8
3 665 0
3 666 0
3 667 0
3 668 13
3 669 0
3 670 13
3 673 11
3 674 5
3 675 6
3 676 5
3 677 13
3 681 6
3 682 0
3 685 7
3 686 14
3 688 0
3 689 10
3 691 9
3 692 11
3 693 5
3 694 6
3 695 0
3 696 15
3 698 0
3 699 10
3 701 12
3 702 15
3 703 11
3 705 7
3 707 10
3 708 15
3 709 0
3 710 11
3 711 5
3 712 8
3 713 0
3 715 6
3 716 14
3 717 11
3 718 14
3 719 0
3 720 15
3 722 6
3 724 15
3 725 11
3 728 5
3 730 14
3 731 11
3 732 12
3 734 8
3 735 7
3 736 9
3 739 12
3 740 15
3 741 13
3 742 0
3 743 7
3 744 6
3 745 0
3 746 14
3 748 9
3 749 5
3 750 0
3 751 13
3 752 5
3 753 7
3 754 12
3 757 12
3 758 0
3 759 6
3 760 5
3 761 10
3 762 8
3 763 14
3 765 11
3 767 0
3 768 10
3 769 0
3 772 5
3 773 0
3 775 0
3 776 10
3 777 13
3 778 12
3 779 15
3 780 0
3 781 15
3 782 5
3 783 8
3 784 0
3 785 7
3 786 8
3 788 13
3 789 15
3 790 12
3 791 14
3 792 0
3 793 11
3 794 7
3 795 0
3 796 12
3 797 10
3 798 0
3 799 13
3 800 7
3 801 0
3 802 7
3 803 5
3 804 11
3 805 12
3 807 12
3 809 0
3 810 9
3 813 14
3 814 0
3 816 0
3 817 6
3 818 11
3 819 7
3 820 0
3 821 9
3 823 5
3 824 8
3 825 0
3 826 12
3 827 0
3 828 7
3 829 8
3 830 5
3 832 6
3 833 0
3 834 13
3 836 11
3 838 9
3 839 5
3 840 9
3 841 5
3 843 13
3 844 0
3 845 10
3 846 10
3 847 10
3 848 5
3 849 9
3 850 14
3 851 8
3 852 8
3 853 0
3 856 14
3 857 0
3 858 0
3 859 10
3 862 0
3 863 6
3 865 15
3 866 10
3 867 10
3 872 10
3 873 10
3 875 7
3 878 0
3 879 0
3 880 14
3 881 9
3 883 9
3 884 7
3 885 10
3 887 0
3 888 0
3 889 0
3 890 13
3 892 9
3 894 0
3 895 0
3 896 9
3 897 11
3 899 0
3 900 15
3 901 6
3 902 0
3 903 12
3 904 7
3 905 5
3 907 13
3 908 9
3 909 5
3 910 0
3 911 6
3 912 7
3 913 0
3 914 11
3 916 15
3 917 15
3 918 0
3 920 8
3 921 0
3 922 9
3 923 15
3 924 13
3 925 10
3 926 12
3 927 13
3 928 13
3 929 0
3 930 15
3 931 6
3 932 9
3 933 13
3 935 6
3 936 10
3 938 0
3 939 9
3 941 0
3 942 6
3 943 6
3 944 0
3 946 0
3 947 11
3 948 0
3 949 12
3 950 14
3 952 12
3 954 0
3 955 9
3 958 13
3 959 12
3 960 0
3 961 0
3 962 6
3 963 10
3 964 14
3 965 15
3 966 15
3 968 8
3 969 11
3 970 9
3 972 0
3 973 7
3 974 12
3 975 5
3 976 15
3 977 7
3 979 12
3 980 13
3 982 0
3 985 0
3 986 5
3 990 8
3 991 11
3 993 14
3 995 6
3 996 12
3 997 13
4 0 8
4 1 5
4 2 5
4 3 5
4 5 0
4 6 12
4 7 11
4 8 7
4 9 5
4 10 7
4 11 5
4 12 5
4 13 9
4 15 15
4 16 0
4 17 7
4 18 6
4 19 14
4 20 9
4 21 9
4 23 5
4 24 5
4 25 0
4 26 15
4 27 9
4 28 14
4 29 14
4 30 6
4 31 13
4 33 7
4 34 14
4 37 10
4 38 0
4 39 7
4 40 6
4 41 0
4 42 0
4 44 10
4 45 6
4 46 11
4 48 8
4 49 13
4 50 12
4 51 0
4 52 15
4 54 5
4 55 14
4 56 0
4 57 11
4 60 14
4 61 5
4 66 5
4 67 11
4 68 0
4 69 13
4 70 14
4 71 6
4 72 13
4 73 0
4 74 0
4 75 15
4 76 12
4 77 0
4 79 0
4 80 0
4 81 0
4 83 9
4 85 9
4 87 6
4 88 15
4 89 14
4 90 14
4 91 10
4 92 5
4 93 12
4 94 15
4 95 13
4 96 6
4 97 0
4 98 14
4 99 8
4 101 14
4 102 0
4 103 15
4 105 0
4 107 14
4 108 0
4 111 7
4 113 13
4 115 8
4 116 11
4 117 15
4 118 7
4 119 5
4 120 13
4 121 12
4 123 13
4 124 9
4 125 9
4 126 6
4 127 0
4 128 8
4 129 12
4 132 9
4 133 0
4 134 6
4 135 0
4 136 10
4 137 5
4 138 0
4 139 0
4 140 14
4 141 0
4 142 5
4 143 0
4 144 7
4 145 14
4 146 7
4 147 15
4 148 11
4 150 12
4 152 12
4 153 0
4 155 9
4 158 15
4 159 14
4 160 5
4 161 13
4 162 7
4 163 8
4 165 0
4 167 0
4 168 5
4 169 7
4 170 15
4 171 11
4 172 12
4 173 10
4 174 15
4 175 11
4 177 6
4 178 10
4 179 12
4 181 11
4 183 15
4 185 7
4 186 13
4 187 10
4 188 11
4 189 0
4 191 8
4 192 0
4 193 15
4 194 15
4 195 0
4 196 7
4 197 0
4 199 0
4 200 11
4 201 15
4 203 10
4 204 6
4 205 11
4 206 11
4 207 0
4 209 8
4 211 0
4 213 6
4 214 15
4 215 5
4 216 6
4 217 8
4 218 12
4 219 10
4 220 7
4 222 5
4 224 0
4 225 13
4 226 5
4 229 7
4 232 0
4 233 13
4 234 0
4 235 14
4 236 0
4 237 15
4 238 7
4 240 5
4 241 9
4 242 5
4 243 0
4 245 13
4 247 11
4 248 7
4 249 9
4 251 8
4 252 12
4 253 11
4 254 0
4 255 14
4 256 8
4 257 5
4 258 0
4 259 9
4 260 14
4 261 8
4 262 13
4 263 13
4 264 0
4 265 7
4 267 0
4 268 5
4 270 0
4 271 7
4 272 13
4 273 11
4 274 10
4 276 9
4 277 8
4 278 10
4 280 12
4 281 0
4 282 7
4 283 0
4 284 6
4 286 13
4 288 14
4 289 0
4 292 0
4 293 13
4 294 0
4 295 0
4 296 12
4 298 5
4 299 7
4 300 11
4 301 9
4 303 10
4 304 14
4 306 0
4 308 13
4 310 15
4 311 10
4 312 10
4 313 0
4 314 15
4 315 0
4 316 9
4 317 9
4 318 10
4 319 0
4 320 10
4 321 9
4 322 9
4 323 12
4 324 13
4 325 9
4 326 6
4 328 10
4 329 12
4 330 10
4 331 6
4 332 15
4 333 11
4 334 7
4 335 11
4 336 0
4 337 14
4 338 5
4 339 0
4 340 15
4 342 13
4 343 9
4 344 13
4 345 14
4 346 0
4 347 15
4 348 12
4 350 5
4 351 0
4 352 8
4 353 10
4 354 9
4 355 15
4 357 10
4 358 0
4 359 7
4 360 0
4 361 15
4 362 10
4 364 0
4 366 0
4 367 10
4 368 11
4 371 13
4 372 13
4 375 7
4 377 0
4 378 9
4 379 10
4 380 14
4 381 9
4 382 0
4 383 10
4 385 12
4 386 0
4 387 11
4 388 0
4 389 15
4 390 0
4 391 10
4 392 9
4 393 15
4 394 14
4 395 6
4 397 13
4 400 11
4 401 11
4 402 11
4 404 7
4 406 7
4 408 5
4 409 10
4 411 15
4 412 13
4 415 6
4 416 13
4 417 0
4 418 10
4 419 14
4 420 9
4 422 5
4 423 9
4 425 5
4 426 7
4 428 5
4 429 15
4 430 15
4 431 8
4 432 14
4 433 8
4 434 0
4 435 7
4 436 14
4 437 14
4 438 11
4 440 6
4 441 14
4 442 7
4 443 0
4 445 9
4 446 13
4 448 15
4 449 13
4 452 13
4 453 8
4 454 0
4 456 10
4 457 5
4 459 6
4 460 15
4 461 13
4 462 11
4 463 0
4 464 12
4 465 0
4 466 9
4 467 12
4 468 13
4 469 0
4 470 0
4 471 11
4 472 9
4 474 0
4 476 0
4 478 10
4 481 0
4 482 5
4 483 14
4 484 12
4 486 5
4 488 8
4 489 8
4 490 9
4 491 0
4 492 6
4 493 5
4 494 9
4 497 8
4 498 12
4 499 11
4 500 8
4 501 14
4 502 8
4 503 12
4 504 15
4 505 0
4 506 12
4 507 0
4 510 0
4 511 15
4 512 6
4 513 11
4 514 0
4 516 15
4 518 0
4 519 11
4 520 0
4 521 11
4 523 11
4 524 0
4 526 14
4 528 6
4 529 0
4 530 0
4 531 7
4 532 10
4 533 14
4 534 11
4 535 9
4 537 10
4 539 0
4 540 11
4 541 13
4 542 0
4 544 7
4 545 10
4 546 0
4 547 8
4 548 13
4 550 15
4 551 14
4 552 11
4 553 14
4 554 8
4 555 8
4 556 12
4 557 12
4 558 13
4 559 0
4 561 12
4 562 13
4 563 5
4 564 15
4 565 0
4 567 10
4 569 13
4 570 0
4 573 7
4 574 12
4 576 0
4 577 0
4 578 15
4 579 12
4 580 6
4 581 0
4 584 5
4 585 14
4 586 0
4 587 15
4 588 11
4 589 9
4 590 15
4 591 10
4 592 8
4 594 6
4 595 9
4 596 9
4 597 10
4 598 15
4 599 12
4 601 13
4 602 12
4 603 0
4 604 8
4 605 0
4 606 11
4 607 0
4 608 10
4 611 0
4 614 0
4 615 8
4 616 13
4 618 13
4 619 6
4 620 0
4 622 9
4 623 0
4 625 7
4 627 9
4 631 7
4 632 5
4 633 5
4 634 12
4 635 7
4 636 0
4 637 0
4 638 5
4 639 11
4 642 8
4 643 7
4 644 5
4 646 13
4 647 11
4 648 15
4 649 13
4 651 12
4 653 14
4 654 0
4 655 0
4 656 11
4 658 13
4 661 9
4 662 5
4 663 9
4 664 0
4 665 5
4 666 0
4 667 9
4 668 10
4 669 14
4 670 13
4 671 0
4 672 9
4 673 13
4 674 0
4 675 12
4 676 0
4 677 13
4 678 13
4 679 14
4 680 15
4 682 7
4 683 15
4 684 5
4 687 14
4 688 0
4 689 5
4 690 0
4 693 5
4 694 14
4 696 11
4 697 5
4 698 0
4 699 11
4 700 10
4 701 8
4 702 6
4 704 14
4 706 0
4 707 10
4 708 11
4 709 7
4 710 5
4 712 8
4 713 10
4 714 14
4 715 13
4 717 7
4 718 11
4 719 0
4 720 13
4 721 15
4 727 12
4 728 10
4 729 12
4 730 0
4 731 7
4 734 0
4 735 14
4 736 6
4 737 0
4 738 0
4 739 5
4 740 11
4 741 0
4 742 11
4 743 14
4 744 13
4 745 9
4 747 11
4 751 5
4 752 0
4 753 0
4 756 13
4 757 12
4 760 6
4 761 11
4 762 9
4 764 14
4 766 12
4 768 14
4 769 13
4 770 0
4 771 8
4 774 7
4 776 8
4 777 9
4 779 11
4 780 8
4 782 0
4 783 7
4 784 14
4 785 11
4 786 9
4 787 5
4 788 8
4 789 11
4 794 5
4 795 0
4 797 0
4 799 12
4 800 0
4 801 0
4 803 7
4 804 6
4 805 5
4 806 0
4 809 12
4 810 13
4 812 5
4 813 0
4 814 7
4 815 6
4 816 0
4 817 6
4 818 0
4 819 8
4 820 0
4 822 0
4 823 0
4 824 11
4 825 7
4 826 9
4 827 7
4 828 14
4 830 8
4 831 9
4 832 11
4 833 11
4 835 0
4 836 0
4 839 11
4 840 12
4 841 15
4 843 0
4 845 9
4 846 14
4 847 9
4 848 10
4 849 0
4 850 7
4 853 0
4 854 8
4 855 9
4 856 11
4 857 5
4 858 0
4 859 8
4 860 0
4 862 0
4 863 6
4 865 11
4 866 12
4 867 8
4 870 9
4 871 8
4 873 6
4 874 6
4 875 13
4 876 6
4 877 10
4 878 6
4 880 10
4 882 12
4 883 6
4 885 10
4 886 8
4 887 9
4 888 10
4 889 6
4 890 0
4 891 12
4 892 15
4 893 9
4 894 0
4 895 0
4 896 12
4 898 7
4 899 5
4 900 10
4 901 0
4 902 0
4 903 7
4 904 6
4 905 0
4 906 6
4 907 7
4 908 15
4 909 9
4 910 12
4 911 6
4 912 6
4 913 0
4 914 5
4 915 0
4 917 12
4 918 15
4 919 15
4 920 14
4 921 13
4 922 0
4 923 7
4 924 9
4 925 10
4 926 7
4 927 0
4 929 12
4 930 9
4 935 13
4 936 5
4 937 14
4 938 0
4 939 0
4 940 0
4 941 0
4 943 0
4 944 11
4 945 5
4 947 9
4 948 9
4 949 15
4 950 0
4 951 0
4 952 8
4 953 8
4 955 7
4 956 15
4 958 15
4 959 9
4 960 14
4 961 10
4 962 8
4 964 13
4 965 11
4 966 15
4 967 0
4 968 5
4 969 0
4 970 0
4 973 0
4 974 15
4 975 7
4 976 11
4 977 0
4 978 0
4 979 8
4 980 6
4 981 0
4 982 0
4 985 7
4 986 10
4 987 9
4 988 0
4 989 12
4 990 0
4 991 12
4 992 0
4 993 10
4 994 12
4 995 6
4 996 15
4 997 0
4 998 0
4 999 12
5 1 0
5 2 5
5 3 5
5 7 5
5 8 0
5 10 0
5 11 0
5 12 5
5 14 5
5 15 0
5 16 5
5 17 5
5 18 5
5 19 0
5 20 5
5 21 5
5 22 5
5 23 5
5 24 5
5 25 5
5 26 5
5 28 5
5 29 5
5 30 5
5 31 5
5 33 5
5 36 5
5 38 0
5 40 5
5 41 5
5 43 5
5 44 5
5 45 0
5 46 5
5 48 0
5 49 0
5 51 5
5 52 0
5 53 5
5 54 0
5 55 5
5 56 5
5 57 0
5 60 5
5 61 5
5 62 5
5 63 5
5 65 0
5 66 5
5 67 5
5 68 0
5 69 5
5 70 5
5 71 5
5 72 5
5 73 5
5 74 5
5 76 5
5 79 0
5 80 0
5 81 5
5 82 5
5 83 5
5 85 5
5 86 0
5 87 5
5 88 5
5 90 5
5 91 5
5 93 5
5 96 5
5 99 5
5 100 5
5 101 5
5 102 5
5 104 0
5 105 5
5 106 0
5 107 0
5 108 5
5 109 5
5 111 5
5 112 5
5 113 5
5 115 0
5 116 5
5 117 5
5 118 5
5 119 5
5 120 0
5 121 5
5 122 5
5 123 0
5 125 5
5 126 0
5 127 0
5 129 5
5 130 0
5 131 0
5 136 5
5 137 5
5 138 5
5 140 5
5 141 0
5 142 5
5 143 5
5 144 5
5 146 5
5 149 5
5 150 5
5 151 0
5 152 5
5 153 5
5 155 5
5 156 0
5 157 5
5 158 5
5 159 5
5 161 5
5 162 5
5 163 5
5 164 5
5 166 5
5 169 5
5 170 0
5 171 5
5 173 5
5 174 5
5 175 0
5 176 5
5 177 5
5 178 5
5 181 0
5 182 0
5 183 0
5 184 0
5 185 5
5 186 5
5 187 5
5 188 0
5 190 5
5 191 5
5 192 5
5 193 5
5 194 5
5 196 0
5 197 5
5 199 0
5 200 0
5 201 5
5 202 5
5 204 5
5 207 5
5 208 5
5 211 0
5 213 5
5 214 5
5 215 5
5 219 5
5 220 5
5 221 0
5 223 5
5 224 5
5 225 5
5 226 5
5 228 0
5 229 5
5 230 0
5 231 0
5 232 5
5 234 5
5 236 5
5 237 0
5 238 5
5 240 5
5 241 5
5 242 5
5 243 5
5 244 5
5 245 0
5 246 0
5 247 5
5 248 5
5 250 5
5 252 5
5 253 5
5 255 5
5 256 5
5 257 5
5 258 0
5 259 5
5 260 5
5 261 5
5 262 5
5 263 5
5 264 0
5 265 5
5 266 5
5 267 0
5 268 5
5 269 5
5 270 5
5 271 5
5 272 0
5 274 5
5 275 0
5 276 0
5 277 5
5 279 5
5 280 0
5 281 0
5 283 5
5 284 0
5 286 5
5 287 5
5 288 5
5 291 0
5 293 0
5 294 0
5 295 5
5 296 5
5 297 5
5 298 0
5 299 5
5 300 5
5 301 5
5 302 5
5 303 0
5 304 5
5 305 5
5 306 5
5 307 5
5 308 5
5 312 0
5 313 5
5 314 0
5 316 5
5 317 5
5 318 5
5 319 0
5 320 5
5 322 5
5 324 5
5 325 5
5 326 5
5 327 5
5 328 5
5 329 5
5 330 5
5 331 0
5 332 5
5 333 0
5 334 5
5 335 5
5 336 0
5 337 5
5 338 5
5 339 5
5 342 5
5 343 5
5 344 5
5 347 5
5 348 5
5 349 5
5 350 5
5 351 5
5 352 5
5 353 5
5 354 5
5 355 5
5 357 5
5 358 5
5 360 5
5 362 0
5 364 5
5 365 5
5 366 5
5 370 5
5 371 0
5 373 5
5 374 5
5 375 5
5 376 0
5 377 5
5 378 5
5 379 0
5 380 5
5 381 5
5 382 5
5 383 0
5 384 0
5 385 5
5 386 0
5 387 5
5 388 5
5 389 5
5 390 5
5 394 5
5 396 5
5 397 5
5 398 5
5 399 5
5 400 5
5 401 5
5 402 5
5 403 5
5 404 5
5 405 5
5 406 5
5 407 0
5 408 0
5 409 0
5 410 5
5 411 5
5 412 5
5 413 0
5 414 5
5 417 5
5 418 5
5 419 5
5 420 5
5 421 0
5 422 5
5 423 0
5 424 5
5 425 5
5 426 5
5 429 5
5 431 5
5 432 5
5 434 5
5 435 5
5 436 5
5 437 5
5 438 5
5 439 5
5 440 5
5 441 5
5 443 5
5 444 5
5 445 0
5 447 0
5 448 5
5 449 5
5 450 5
5 451 0
5 452 0
5 453 5
5 454 5
5 456 5
5 457 5
5 459 5
5 463 5
5 464 5
5 465 5
5 466 5
5 468 0
5 469 5
5 470 5
5 471 0
5 474 5
5 476 0
5 477 5
5 478 0
5 479 5
5 480 5
5 481 5
5 482 0
5 484 0
5 486 0
5 487 5
5 488 5
5 489 0
5 490 5
5 491 5
5 492 5
5 494 5
5 495 5
5 496 5
5 497 5
5 498 5
5 499 5
5 500 5
5 501 5
5 502 5
5 503 5
5 505 5
5 506 5
5 507 5
5 508 5
5 509 5
5 510 0
5 511 0
5 513 0
5 514 5
5 515 0
5 516 5
5 519 5
5 520 5
5 521 5
5 523 5
5 524 5
5 525 5
5 526 5
5 527 5
5 528 5
5 530 5
5 532 5
5 537 5
5 538 5
5 539 5
5 540 5
5 541 5
5 542 5
5 543 5
5 544 0
5 545 0
5 546 5
5 547 5
5 548 5
5 550 5
5 551 5
5 552 5
5 553 5
5 555 5
5 557 5
5 558 5
5 559 0
5 560 0
5 561 5
5 563 0
5 564 5
5 565 5
5 566 0
5 567 5
5 569 5
5 570 5
5 571 5
5 572 5
5 573 5
5 575 5
5 576 5
5 579 0
5 580 5
5 582 5
5 583 5
5 584 0
5 585 5
5 586 5
5 587 5
5 588 5
5 589 5
5 590 5
5 592 5
5 593 5
5 594 0
5 596 5
5 598 5
5 599 0
5 600 5
5 601 0
5 602 0
5 604 0
5 605 5
5 606 5
5 607 5
5 608 5
5 609 0
5 610 5
5 611 5
5 612 5
5 613 5
5 614 0
5 615 0
5 616 5
5 618 0
5 619 5
5 621 5
5 623 5
5 624 5
5 626 5
5 627 5
5 628 5
5 629 0
5 630 5
5 634 0
5 636 5
5 637 5
5 638 5
5 639 5
5 640 5
5 641 5
5 642 5
5 643 0
5 644 5
5 645 5
5 646 5
5 647 5
5 648 5
5 649 5
5 650 5
5 651 5
5 652 5
5 653 5
5 654 0
5 655 5
5 656 5
5 657 5
5 658 5
5 659 5
5 660 5
5 661 5
5 663 0
5 664 5
5 665 5
5 666 5
5 667 5
5 668 0
5 669 0
5 670 5
5 672 5
5 675 5
5 676 0
5 678 5
5 681 5
5 682 5
5 683 5
5 685 5
5 686 5
5 689 0
5 690 5
5 691 0
5 692 5
5 693 0
5 694 0
5 696 0
5 697 0
5 698 5
5 699 5
5 700 5
5 701 5
5 703 5
5 704 5
5 705 5
5 707 5
5 708 5
5 709 5
5 712 5
5 713 5
5 715 0
5 716 5
5 717 5
5 718 5
5 719 5
5 720 0
5 721 5
5 722 0
5 723 5
5 724 5
5 725 5
5 726 5
5 727 5
5 728 0
5 730 5
5 731 5
5 732 5
5 733 5
5 734 5
5 735 0
5 736 5
5 737 5
5 739 5
5 740 5
5 741 5
5 742 0
5 743 5
5 744 5
5 745 0
5 746 0
5 747 5
5 749 5
5 752 0
5 753 5
5 754 5
5 755 5
5 756 5
5 757 5
5 759 5
5 760 5
5 764 5
5 765 5
5 766 0
5 767 5
5 768 5
5 771 5
5 772 0
5 773 5
5 774 0
5 775 5
5 777 5
5 778 5
5 780 5
5 781 5
5 782 0
5 783 5
5 784 5
5 785 5
5 786 5
5 787 5
5 788 5
5 789 5
5 791 5
5 792 5
5 793 5
5 794 5
5 795 5
5 796 5
5 797 0
5 798 5
5 799 5
5 800 0
5 802 5
5 803 0
5 804 5
5 806 5
5 808 0
5 809 5
5 810 5
5 812 5
5 813 5
5 815 5
5 816 0
5 817 0
5 819 0
5 821 5
5 822 0
5 823 5
5 824 5
5 825 5
5 827 5
5 828 5
5 829 5
5 830 5
5 831 5
5 832 5
5 833 5
5 835 5
5 836 5
5 837 5
5 839 5
5 840 5
5 841 5
5 842 5
5 845 5
5 846 5
5 848 5
5 849 5
5 850 5
5 851 5
5 852 5
5 853 5
5 854 5
5 855 0
5 857 5
5 858 5
5 859 5
5 861 5
5 863 5
5 864 5
5 865 5
5 866 5
5 867 0
5 868 5
5 869 0
5 870 0
5 872 5
5 873 5
5 874 0
5 878 5
5 879 0
5 881 0
5 883 5
5 885 5
5 886 5
5 888 0
5 889 5
5 890 5
5 891 0
5 892 0
5 893 5
5 894 5
5 896 5
5 898 5
5 899 5
5 901 5
5 902 0
5 903 5
5 904 5
5 905 5
5 906 5
5 907 5
5 908 5
5 909 0
5 910 5
5 911 5
5 912 5
5 913 0
5 914 5
5 915 5
5 916 5
5 918 0
5 919 0
5 921 5
5 923 5
5 924 0
5 925 5
5 926 5
5 927 5
5 928 5
5 929 5
5 930 5
5 931 5
5 932 5
5 933 5
5 934 5
5 935 5
5 940 5
5 941 5
5 942 5
5 943 0
5 944 5
5 945 5
5 946 5
5 947 5
5 948 5
5 950 5
5 951 5
5 952 5
5 953 0
5 954 5
5 956 5
5 957 5
5 959 5
5 960 5
5 961 5
5 962 5
5 963 5
5 965 5
5 966 0
5 967 5
5 968 0
5 969 0
5 970 5
5 971 5
5 972 5
5 973 5
5 976 5
5 978 5
5 980 0
5 981 5
5 982 5
5 983 0
5 984 0
5 985 0
5 986 5
5 987 5
5 988 5
5 989 5
5 991 5
5 992 0
5 993 0
5 994 5
5 995 5
5 996 5
5 998 5
5 999 5
6 0 7
6 1 11
6 2 5
6 3 12
6 5 0
6 6 5
6 7 5
6 8 14
6 10 6
6 11 0
6 14 10
6 15 13
6 16 0
6 18 0
6 19 6
6 23 10
6 25 14
6 26 0
6 27 14
6 29 15
6 33 0
6 34 0
6 35 0
6 37 13
6 38 0
6 39 12
6 41 9
6 42 15
6 43 0
6 44 15
6 46 0
6 49 0
6 50 0
6 51 8
6 52 9
6 55 5
6 56 0
6 57 10
6 58 10
6 60 6
6 61 0
6 62 12
6 63 5
6 64 13
6 65 12
6 67 0
6 68 15
6 69 0
6 70 0
6 71 12
6 72 7
6 74 6
6 75 13
6 76 0
6 77 0
6 78 15
6 80 12
6 81 10
6 82 9
6 83 0
6 84 12
6 85 5
6 87 13
6 88 6
6 89 5
6 90 10
6 93 0
6 95 13
6 97 5
6 98 13
6 99 15
6 100 6
6 101 12
6 102 0
6 103 11
6 104 7
6 105 14
6 106 15
6 107 5
6 108 0
6 109 11
6 110 8
6 111 11
6 112 7
6 115 7
6 116 11
6 118 0
6 119 11
6 120 15
6 121 6
6 123 5
6 125 0
6 126 0
6 127 11
6 129 0
6 130 9
6 131 0
6 132 13
6 133 10
6 134 6
6 135 9
6 136 10
6 137 9
6 138 8
6 139 5
6 140 10
6 141 15
6 142 6
6 143 11
6 144 8
6 145 13
6 146 5
6 148 5
6 150 0
6 151 0
6 152 9
6 153 13
6 154 0
6 155 14
6 156 11
6 157 14
6 158 14
6 161 0
6 162 7
6 163 0
6 164 12
6 165 10
6 166 7
6 167 0
6 168 12
6 170 15
6 171 13
6 173 5
6 174 11
6 175 7
6 176 7
6 177 14
6 178 10
6 179 11
6 180 11
6 181 6
6 183 5
6 186 8
6 187 12
6 188 11
6 189 10
6 190 15
6 192 0
6 194 13
6 195 0
6 196 10
6 197 6
6 198 14
6 199 7
6 200 15
6 201 7
6 203 9
6 204 8
6 205 13
6 206 0
6 207 0
6 209 8
6 210 15
6 211 15
6 214 14
6 215 12
6 216 8
6 217 7
6 219 7
6 220 0
6 221 11
6 222 7
6 223 0
6 224 10
6 226 14
6 227 10
6 228 14
6 229 12
6 230 12
6 231 15
6 232 10
6 233 8
6 234 0
6 235 5
6 236 0
6 237 0
6 238 11
6 240 14
6 242 5
6 244 13
6 245 15
6 247 0
6 248 15
6 250 0
6 251 8
6 252 11
6 254 12
6 255 12
6 256 10
6 257 7
6 259 7
6 261 8
6 262 0
6 263 15
6 264 15
6 265 8
6 266 15
6 267 10
6 268 0
6 269 6
6 270 14
6 271 5
6 272 0
6 273 0
6 277 12
6 279 15
6 280 15
6 281 15
6 282 0
6 283 7
6 284 5
6 285 9
6 286 13
6 287 5
6 289 14
6 290 0
6 292 14
6 294 6
6 295 9
6 296 11
6 298 10
6 299 11
6 300 14
6 301 14
6 302 6
6 303 7
6 305 7
6 306 6
6 307 11
6 308 0
6 309 11
6 310 0
6 311 15
6 312 0
6 313 8
6 314 10
6 315 0
6 316 14
6 319 14
6 320 0
6 321 11
6 322 12
6 323 10
6 324 0
6 325 15
6 326 8
6 327 12
6 328 8
6 329 0
6 330 15
6 331 0
6 332 12
6 333 7
6 335 7
6 337 13
6 342 7
6 343 14
6 345 13
6 347 6
6 349 10
6 350 13
6 351 5
6 353 15
6 354 12
6 356 0
6 357 0
6 358 0
6 360 6
6 361 0
6 364 8
6 365 8
6 366 14
6 367 11
6 368 9
6 369 10
6 370 15
6 371 10
6 372 8
6 373 0
6 376 14
6 377 5
6 378 0
6 379 5
6 382 0
6 383 8
6 384 14
6 385 7
6 386 0
6 387 13
6 388 10
6 389 14
6 390 12
6 392 15
6 393 14
6 394 0
6 396 6
6 397 6
6 400 6
6 402 6
6 403 5
6 404 9
6 405 13
6 407 8
6 408 15
6 409 6
6 410 10
6 411 12
6 413 0
6 414 0
6 415 9
6 416 14
6 417 6
6 418 10
6 419 7
6 421 13
6 422 11
6 424 7
6 425 15
6 426 7
6 427 12
6 428 6
6 429 13
6 430 9
6 431 14
6 432 0
6 434 11
6 435 0
6 437 14
6 439 0
6 440 0
6 443 0
6 444 0
6 447 10
6 448 11
6 449 0
6 450 9
6 451 0
6 452 10
6 455 0
6 456 5
6 458 15
6 461 15
6 462 0
6 463 15
6 464 13
6 466 0
6 469 9
6 470 13
6 471 11
6 472 0
6 473 15
6 475 12
6 477 0
6 478 0
6 479 15
6 480 13
6 481 12
6 482 5
6 484 14
6 485 10
6 488 8
6 489 12
6 490 15
6 492 15
6 493 0
6 495 0
6 497 15
6 499 11
6 501 14
6 502 6
6 504 0
6 506 0
6 508 14
6 510 7
6 511 13
6 512 9
6 513 10
6 514 11
6 515 12
6 516 14
6 517 12
6 518 0
6 519 5
6 520 15
6 521 14
6 524 0
6 526 11
6 528 15
6 529 0
6 530 0
6 531 9
6 532 0
6 533 10
6 534 15
6 536 8
6 537 7
6 538 0
6 539 12
6 541 9
6 542 6
6 543 14
6 544 12
6 545 0
6 548 13
6 549 5
6 550 13
6 551 15
6 552 10
6 558 13
6 559 12
6 560 0
6 561 10
6 562 9
6 563 0
6 564 7
6 565 11
6 566 13
6 567 9
6 568 6
6 569 11
6 570 15
6 574 8
6 575 14
6 576 0
6 577 10
6 578 14
6 579 0
6 580 14
6 581 0
6 583 13
6 584 8
6 586 0
6 587 0
6 588 8
6 590 15
6 591 0
6 592 0
6 593 11
6 596 15
6 597 5
6 598 9
6 600 9
6 601 9
6 602 0
6 603 0
6 606 15
6 608 12
6 610 0
6 611 12
6 613 0
6 614 0
6 615 6
6 616 12
6 617 14
6 618 11
6 619 0
6 622 15
6 623 0
6 624 0
6 625 9
6 626 9
6 627 6
6 628 6
6 629 14
6 630 0
6 631 5
6 632 0
6 633 11
6 634 12
6 635 8
6 636 11
6 637 15
6 639 9
6 640 0
6 641 6
6 642 9
6 643 0
6 644 0
6 645 13
6 646 6
6 647 7
6 648 0
6 649 8
6 650 5
6 651 0
6 652 6
6 653 0
6 654 5
6 655 0
6 656 7
6 657 0
6 659 15
6 660 11
6 663 0
6 664 15
6 665 0
6 666 13
6 667 0
6 668 6
6 669 0
6 670 9
6 671 15
6 674 10
6 675 7
6 676 7
6 677 11
6 678 13
6 679 14
6 680 8
6 681 10
6 682 6
6 683 6
6 685 0
6 686 0
6 688 12
6 689 0
6 691 10
6 693 0
6 694 14
6 695 9
6 696 13
6 697 11
6 699 13
6 701 12
6 702 7
6 703 0
6 704 12
6 705 13
6 706 13
6 707 7
6 708 0
6 709 14
6 710 13
6 711 8
6 712 13
6 713 10
6 714 0
6 716 0
6 717 10
6 719 8
6 721 10
6 723 12
6 724 13
6 725 0
6 726 0
6 728 0
6 732 0
6 733 0
6 734 6
6 735 15
6 738 10
6 739 11
6 741 10
6 742 5
6 743 13
6 744 5
6 745 10
6 746 5
6 749 14
6 750 5
6 752 5
6 753 0
6 754 0
6 755 0
6 756 7
6 757 12
6 758 5
6 759 11
6 760 5
6 763 14
6 764 10
6 768 15
6 769 0
6 770 12
6 771 5
6 772 0
6 773 13
6 774 5
6 775 7
6 777 0
6 778 10
6 779 7
6 780 6
6 782 13
6 783 0
6 784 0
6 785 6
6 786 8
6 787 5
6 788 0
6 790 7
6 793 5
6 794 11
6 795 7
6 796 0
6 799 0
6 801 11
6 802 0
6 803 9
6 804 0
6 805 13
6 807 8
6 808 0
6 809 7
6 810 7
6 813 15
6 814 11
6 815 14
6 816 7
6 818 13
6 819 0
6 820 0
6 821 12
6 822 15
6 823 5
6 824 13
6 825 12
6 827 9
6 828 13
6 829 9
6 830 14
6 832 11
6 833 12
6 834 9
6 835 7
6 836 6
6 838 14
6 839 11
6 841 0
6 842 6
6 843 13
6 844 11
6 845 13
6 846 7
6 847 6
6 849 8
6 850 5
6 851 11
6 852 12
6 853 14
6 855 12
6 856 9
6 857 14
6 858 12
6 861 8
6 862 12
6 863 9
6 864 5
6 865 0
6 867 13
6 868 11
6 869 0
6 871 0
6 872 11
6 873 12
6 874 14
6 875 8
6 876 14
6 877 9
6 879 13
6 880 12
6 881 5
6 882 0
6 883 0
6 884 12
6 886 14
6 887 12
6 888 12
6 891 13
6 892 9
6 893 9
6 895 9
6 896 7
6 897 11
6 898 0
6 899 13
6 901 12
6 902 0
6 903 8
6 904 9
6 905 0
6 906 7
6 907 0
6 909 11
6 910 8
6 911 5
6 912 15
6 913 15
6 915 0
6 917 12
6 918 0
6 919 10
6 920 9
6 921 8
6 922 6
6 923 10
6 924 6
6 925 7
6 928 13
6 929 13
6 930 13
6 931 7
6 932 8
6 933 14
6 934 10
6 935 0
6 937 11
6 938 13
6 939 0
6 940 13
6 941 0
6 943 10
6 944 0
6 946 9
6 947 13
6 948 12
6 949 15
6 951 0
6 952 6
6 953 0
6 954 0
6 956 0
6 957 14
6 959 6
6 960 8
6 962 15
6 963 0
6 964 0
6 965 5
6 966 10
6 967 0
6 968 12
6 969 14
6 970 6
6 972 15
6 973 15
6 974 11
6 976 0
6 977 0
6 978 15
6 979 11
6 980 0
6 984 10
6 985 6
6 986 9
6 988 13
6 990 5
6 991 14
6 993 5
6 995 9
6 999 14
7 0 11
7 1 15
7 2 8
7 7 0
7 10 0
7 11 0
7 13 0
7 14 6
7 16 0
7 17 0
7 18 10
7 19 15
7 20 0
7 22 5
7 23 7
7 25 0
7 26 7
7 27 12
7 28 12
7 29 13
7 32 9
7 34 0
7 36 6
7 38 8
7 39 0
7 40 12
7 41 13
7 42 7
7 43 15
7 44 7
7 45 0
7 48 0
7 49 9
7 51 0
7 52 5
7 54 0
7 55 6
7 56 0
7 57 10
7 58 8
7 59 11
7 60 10
7 62 14
7 64 13
7 66 6
7 67 10
7 68 0
7 69 0
7 71 14
7 72 12
7 74 0
7 75 12
7 76 14
7 77 0
7 78 14
7 79 7
7 80 10
7 81 5
7 82 5
7 83 8
7 84 12
7 86 0
7 88 15
7 89 0
7 90 10
7 91 0
7 92 7
7 93 5
7 94 15
7 95 12
7 97 0
7 98 7
7 99 11
7 100 0
7 101 15
7 103 13
7 105 5
7 106 15
7 107 7
7 108 15
7 111 13
7 112 6
7 113 13
7 114 9
7 117 5
7 118 0
7 119 12
7 120 0
7 121 5
7 123 8
7 124 6
7 125 11
7 126 5
7 127 13
7 128 12
7 130 11
7 131 0
7 132 5
7 133 11
7 134 11
7 135 13
7 136 10
7 137 0
7 138 15
7 139 0
7 140 5
7 141 12
7 142 14
7 143 15
7 144 0
7 145 0
7 146 5
7 147 13
7 148 7
7 150 5
7 152 0
7 153 0
7 154 15
7 155 7
7 156 8
7 157 15
7 158 13
7 159 0
7 160 11
7 161 7
7 163 8
7 164 9
7 165 12
7 166 5
7 167 0
7 168 12
7 169 15
7 171 14
7 172 6
7 173 5
7 175 10
7 177 13
7 179 6
7 181 13
7 182 5
7 183 6
7 185 6
7 192 13
7 193 7
7 195 13
7 196 6
7 197 14
7 198 11
7 199 5
7 200 0
7 203 14
7 204 0
7 205 11
7 206 10
7 207 8
7 208 12
7 209 14
7 210 9
7 211 7
7 212 7
7 213 5
7 214 15
7 215 0
7 216 11
7 217 12
7 219 14
7 220 12
7 222 7
7 224 15
7 225 7
7 227 0
7 228 10
7 229 13
7 230 10
7 231 0
7 233 5
7 234 0
7 235 15
7 236 0
7 237 11
7 238 0
7 239 8
7 240 14
7 242 15
7 243 0
7 245 10
7 246 0
7 247 0
7 248 0
7 249 0
7 250 0
7 252 0
7 253 5
7 254 11
7 255 0
7 256 12
7 258 5
7 259 12
7 260 8
7 262 10
7 263 9
7 264 0
7 265 0
7 266 5
7 268 10
7 269 8
7 271 8
7 274 15
7 275 11
7 277 14
7 279 8
7 280 7
7 282 14
7 283 14
7 284 11
7 285 10
7 286 12
7 287 10
7 291 0
7 293 5
7 294 12
7 295 0
7 296 10
7 297 0
7 298 15
7 299 9
7 300 0
7 301 10
7 302 14
7 303 15
7 304 6
7 305 13
7 308 0
7 311 5
7 312 8
7 313 15
7 314 9
7 315 13
7 316 13
7 317 6
7 318 5
7 320 0
7 321 5
7 322 15
7 323 0
7 324 10
7 325 15
7 326 15
7 327 6
7 328 5
7 329 8
7 330 0
7 332 12
7 333 5
7 334 11
7 335 7
7 336 11
7 337 0
7 338 14
7 339 5
7 340 8
7 341 0
7 342 5
7 343 9
7 344 15
7 346 5
7 347 12
7 349 0
7 350 13
7 351 7
7 355 0
7 356 5
7 357 0
7 358 0
7 359 14
7 360 15
7 362 0
7 363 15
7 364 0
7 366 5
7 368 14
7 370 0
7 372 5
7 375 12
7 376 14
7 377 5
7 378 5
7 379 13
7 380 0
7 381 0
7 382 0
7 383 14
7 384 0
7 385 14
7 386 13
7 388 12
7 390 8
7 391 8
7 392 12
7 393 14
7 394 8
7 395 14
7 396 6
7 397 15
7 399 15
7 400 13
7 402 0
7 403 0
7 404 15
7 405 0
7 407 0
7 408 13
7 410 15
7 411 11
7 412 11
7 413 5
7 414 15
7 415 7
7 419 5
7 420 0
7 422 14
7 423 11
7 426 5
7 427 15
7 428 12
7 429 13
7 430 14
7 431 13
7 432 15
7 433 9
7 435 9
7 437 0
7 438 11
7 439 13
7 440 5
7 441 11
7 442 14
7 443 6
7 444 10
7 445 7
7 447 7
7 448 5
7 449 10
7 452 14
7 453 5
7 454 0
7 455 5
7 457 8
7 458 0
7 460 12
7 461 8
7 462 7
7 463 0
7 467 0
7 468 0
7 470 13
7 472 7
7 473 13
7 474 15
7 476 10
7 477 14
7 478 0
7 479 15
7 480 5
7 481 14
7 482 0
7 484 8
7 485 0
7 486 5
7 487 0
7 488 13
7 490 0
7 491 12
7 492 0
7 494 0
7 495 12
7 497 7
7 498 12
7 500 13
7 501 12
7 502 10
7 504 11
7 508 10
7 510 6
7 511 9
7 512 9
7 513 7
7 515 0
7 516 10
7 517 0
7 518 7
7 519 14
7 520 8
7 522 6
7 523 12
7 525 5
7 526 6
7 528 10
7 529 0
7 530 12
7 531 10
7 532 0
7 533 6
7 535 13
7 536 11
7 537 13
7 538 0
7 541 6
7 542 5
7 545 0
7 546 5
7 547 12
7 548 7
7 550 11
7 552 10
7 554 15
7 555 0
7 556 0
7 557 0
7 558 9
7 559 15
7 562 0
7 563 9
7 564 6
7 565 0
7 566 0
7 567 9
7 571 6
7 573 6
7 574 11
7 575 14
7 576 14
7 577 12
7 579 9
7 580 0
7 582 12
7 584 0
7 585 10
7 586 6
7 587 6
7 588 7
7 589 9
7 591 6
7 592 10
7 593 15
7 594 14
7 595 0
7 597 10
7 598 15
7 599 6
7 600 0
7 601 0
7 602 7
7 603 12
7 606 12
7 607 5
7 608 0
7 610 14
7 611 5
7 613 0
7 614 9
7 615 11
7 616 14
7 617 9
7 619 0
7 620 0
7 621 0
7 622 5
7 623 13
7 624 0
7 625 15
7 626 0
7 627 7
7 628 8
7 629 7
7 630 0
7 632 12
7 633 6
7 634 7
7 635 13
7 637 11
7 638 6
7 639 10
7 640 0
7 641 15
7 643 12
7 645 13
7 646 6
7 647 9
7 648 0
7 650 10
7 652 8
7 653 5
7 654 0
7 655 12
7 656 14
7 658 0
7 659 9
7 660 10
7 661 0
7 662 7
7 663 14
7 664 13
7 665 0
7 666 8
7 667 0
7 668 0
7 672 0
7 674 14
7 675 0
7 677 5
7 678 12
7 679 13
7 680 13
7 682 0
7 683 14
7 684 10
7 685 5
7 686 5
7 688 15
7 689 14
7 690 0
7 691 11
7 692 8
7 693 0
7 694 13
7 695 10
7 697 0
7 698 7
7 699 14
7 700 6
7 701 11
7 702 6
7 703 12
7 704 0
7 706 13
7 708 11
7 709 5
7 711 10
7 714 0
7 715 0
7 716 14
7 717 8
7 718 0
7 719 0
7 720 10
7 724 15
7 726 11
7 728 13
7 729 0
7 730 12
7 731 0
7 732 12
7 733 0
7 734 8
7 735 6
7 736 5
7 737 6
7 738 5
7 739 5
7 741 0
7 742 0
7 746 7
7 747 6
7 748 15
7 749 5
7 750 5
7 751 13
7 753 0
7 754 0
7 755 0
7 756 6
7 758 0
7 759 13
7 760 5
7 761 15
7 764 15
7 765 5
7 766 0
7 767 14
7 769 13
7 770 0
7 773 11
7 774 0
7 775 11
7 778 15
7 779 7
7 780 5
7 782 15
7 784 10
7 785 0
7 786 7
7 787 8
7 789 6
7 790 10
7 791 11
7 793 0
7 795 5
7 796 15
7 797 15
7 798 9
7 799 13
7 800 14
7 801 5
7 802 0
7 803 0
7 805 15
7 807 14
7 808 5
7 809 0
7 810 14
7 811 11
7 812 0
7 813 5
7 814 7
7 815 11
7 817 5
7 818 14
7 819 0
7 820 6
7 821 5
7 823 6
7 824 5
7 825 13
7 826 13
7 827 13
7 828 14
7 829 15
7 830 9
7 831 5
7 832 5
7 834 0
7 835 8
7 836 12
7 837 13
7 838 13
7 839 0
7 840 14
7 841 11
7 843 5
7 844 11
7 846 12
7 847 0
7 848 6
7 849 0
7 850 6
7 852 10
7 853 10
7 854 15
7 855 0
7 856 12
7 857 0
7 859 15
7 860 6
7 861 11
7 862 8
7 863 11
7 864 0
7 865 15
7 866 9
7 868 6
7 871 6
7 872 11
7 873 5
7 875 10
7 876 12
7 877 6
7 882 8
7 883 11
7 884 0
7 885 0
7 886 0
7 887 15
7 888 0
7 889 11
7 890 12
7 891 0
7 892 5
7 893 15
7 896 5
7 898 14
7 899 0
7 900 7
7 901 13
7 902 5
7 903 5
7 904 9
7 905 0
7 906 5
7 907 6
7 909 5
7 911 14
7 912 14
7 915 8
7 916 5
7 917 7
7 918 0
7 919 15
7 920 11
7 921 8
7 922 13
7 923 7
7 925 11
7 926 6
7 928 8
7 932 0
7 933 15
7 934 0
7 935 6
7 936 8
7 938 0
7 941 5
7 942 0
7 943 0
7 944 5
7 945 15
7 947 11
7 949 15
7 950 8
7 951 7
7 952 15
7 954 0
7 955 0
7 960 0
7 961 8
7 962 0
7 963 7
7 966 0
7 969 14
7 970 14
7 971 11
7 972 13
7 973 8
7 974 10
7 975 9
7 976 11
7 977 5
7 979 8
7 980 15
7 981 11
7 982 0
7 983 9
7 985 7
7 986 0
7 987 0
7 989 0
7 990 13
7 991 9
7 992 8
7 993 12
7 994 10
7 995 15
7 996 0
7 997 14
7 998 10
7 999 13
8 1 0
8 2 12
8 4 15
8 6 0
8 8 10
8 10 0
8 13 14
8 14 0
8 15 5
8 16 0
8 19 15
8 20 0
8 21 0
8 22 15
8 24 12
8 25 13
8 28 12
8 29 0
8 30 0
8 32 6
8 33 10
8 34 14
8 35 6
8 37 0
8 39 15
8 40 11
8 41 0
8 42 0
8 43 11
8 45 15
8 46 5
8 47 0
8 48 10
8 49 8
8 50 13
8 52 15
8 54 0
8 55 13
8 56 0
8 58 14
8 59 8
8 61 10
8 62 13
8 64 13
8 65 0
8 66 7
8 67 11
8 68 11
8 70 6
8 72 10
8 73 13
8 74 0
8 75 15
8 77 0
8 78 11
8 79 9
8 80 13
8 81 0
8 82 7
8 84 7
8 85 0
8 86 14
8 89 14
8 90 0
8 91 9
8 93 10
8 94 7
8 95 6
8 96 8
8 97 0
8 98 6
8 99 0
8 100 11
8 101 13
8 103 7
8 104 7
8 105 0
8 106 8
8 108 6
8 109 10
8 110 12
8 114 5
8 115 12
8 116 0
8 117 15
8 118 8
8 119 15
8 120 0
8 122 0
8 123 15
8 124 14
8 125 13
8 126 0
8 127 9
8 129 5
8 130 13
8 131 13
8 132 14
8 133 6
8 135 6
8 136 12
8 138 12
8 139 0
8 141 7
8 143 14
8 144 11
8 145 13
8 146 0
8 148 11
8 149 8
8 151 8
8 152 0
8 153 0
8 154 0
8 155 15
8 156 14
8 158 6
8 159 13
8 160 7
8 163 15
8 164 14
8 165 0
8 166 12
8 168 8
8 169 6
8 170 15
8 171 7
8 172 7
8 173 0
8 174 9
8 175 9
8 176 15
8 177 14
8 178 11
8 179 0
8 180 7
8 181 7
8 182 0
8 183 15
8 184 12
8 185 0
8 186 15
8 187 0
8 188 12
8 189 5
8 192 10
8 195 8
8 196 0
8 198 5
8 200 9
8 202 0
8 204 15
8 205 8
8 208 15
8 209 7
8 210 9
8 211 10
8 212 0
8 214 7
8 215 13
8 216 6
8 217 0
8 219 0
8 220 15
8 221 7
8 222 13
8 224 15
8 226 0
8 227 10
8 228 13
8 229 9
8 230 13
8 231 10
8 232 6
8 234 7
8 236 6
8 239 10
8 240 12
8 242 11
8 245 13
8 246 14
8 247 7
8 249 13
8 250 13
8 252 10
8 253 10
8 254 7
8 256 7
8 257 5
8 258 9
8 261 0
8 262 0
8 263 10
8 264 0
8 265 0
8 267 11
8 268 13
8 269 0
8 270 10
8 271 0
8 272 8
8 273 0
8 274 10
8 275 0
8 277 12
8 278 8
8 279 0
8 280 0
8 281 6
8 282 11
8 283 6
8 284 10
8 285 11
8 286 0
8 287 15
8 288 7
8 289 12
8 290 10
8 291 0
8 292 14
8 293 6
8 294 11
8 296 7
8 297 0
8 298 8
8 299 0
8 300 9
8 301 13
8 302 9
8 303 12
8 304 10
8 306 11
8 307 12
8 309 0
8 310 6
8 311 0
8 312 14
8 313 0
8 314 0
8 315 14
8 316 11
8 318 0
8 319 15
8 320 0
8 321 0
8 323 15
8 324 6
8 325 15
8 326 0
8 328 12
8 329 6
8 330 0
8 332 6
8 334 5
8 336 6
8 337 0
8 338 9
8 340 15
8 341 13
8 343 0
8 344 0
8 345 9
8 347 10
8 348 11
8 349 5
8 350 6
8 351 0
8 352 10
8 353 6
8 354 9
8 355 7
8 356 8
8 358 6
8 359 12
8 360 11
8 361 15
8 362 0
8 363 6
8 364 5
8 365 8
8 366 7
8 367 12
8 368 7
8 369 10
8 372 11
8 373 15
8 374 14
8 375 14
8 376 6
8 378 13
8 379 9
8 381 11
8 382 15
8 384 14
8 385 13
8 386 0
8 387 10
8 389 14
8 390 9
8 391 13
8 392 12
8 393 13
8 394 7
8 395 13
8 396 8
8 397 0
8 399 10
8 401 8
8 402 0
8 403 7
8 404 13
8 405 7
8 408 6
8 409 8
8 410 14
8 411 14
8 412 9
8 413 0
8 414 8
8 417 11
8 418 6
8 421 12
8 424 0
8 426 6
8 427 5
8 429 15
8 430 14
8 431 0
8 433 8
8 434 15
8 435 8
8 436 0
8 437 8
8 438 0
8 439 9
8 440 0
8 441 9
8 442 7
8 443 5
8 444 0
8 446 6
8 447 9
8 448 0
8 449 14
8 450 13
8 451 8
8 452 0
8 455 5
8 456 5
8 457 10
8 458 12
8 460 15
8 461 8
8 462 11
8 463 12
8 464 6
8 465 6
8 466 0
8 467 8
8 468 10
8 469 6
8 470 14
8 472 5
8 473 12
8 474 5
8 475 12
8 477 8
8 478 15
8 479 11
8 480 8
8 482 0
8 483 0
8 484 13
8 485 14
8 486 12
8 487 11
8 488 12
8 489 0
8 490 15
8 491 8
8 493 0
8 494 13
8 495 15
8 496 0
8 497 15
8 501 8
8 502 9
8 504 12
8 506 0
8 507 15
8 508 9
8 509 11
8 510 10
8 511 14
8 513 12
8 514 6
8 515 15
8 516 14
8 519 0
8 520 11
8 521 0
8 522 6
8 523 5
8 524 14
8 526 11
8 528 8
8 530 0
8 532 0
8 533 5
8 535 13
8 536 5
8 537 6
8 538 11
8 539 10
8 540 11
8 541 0
8 542 0
8 544 12
8 545 7
8 546 0
8 547 0
8 549 15
8 550 0
8 551 0
8 552 5
8 553 0
8 554 7
8 555 11
8 556 0
8 557 15
8 558 6
8 559 10
8 560 0
8 561 15
8 566 10
8 567 6
8 569 7
8 570 12
8 573 5
8 575 8
8 577 13
8 578 10
8 582 15
8 583 13
8 584 15
8 585 0
8 586 14
8 587 8
8 588 9
8 591 11
8 592 11
8 593 15
8 594 13
8 596 0
8 597 0
8 599 14
8 600 13
8 601 12
8 602 10
8 603 0
8 605 9
8 607 13
8 609 12
8 611 5
8 614 11
8 615 11
8 616 7
8 618 6
8 619 15
8 621 14
8 622 13
8 623 0
8 624 5
8 625 15
8 626 11
8 627 11
8 628 0
8 629 15
8 630 7
8 632 15
8 635 8
8 636 0
8 637 5
8 638 11
8 639 10
8 640 5
8 641 13
8 642 15
8 643 7
8 644 14
8 645 14
8 646 7
8 648 0
8 649 15
8 651 7
8 653 13
8 654 5
8 655 15
8 656 0
8 657 0
8 658 0
8 659 8
8 660 6
8 661 0
8 662 5
8 663 0
8 665 9
8 666 13
8 667 11
8 668 13
8 669 5
8 671 10
8 675 0
8 676 11
8 677 11
8 678 8
8 679 10
8 680 0
8 682 0
8 683 9
8 685 8
8 686 6
8 687 10
8 688 15
8 691 5
8 692 0
8 693 10
8 694 0
8 695 7
8 697 0
8 698 10
8 699 0
8 700 5
8 701 13
8 702 0
8 704 7
8 705 15
8 707 11
8 708 7
8 709 5
8 710 9
8 712 15
8 714 15
8 716 0
8 717 15
8 718 7
8 719 10
8 720 11
8 721 0
8 723 6
8 726 13
8 727 6
8 729 15
8 730 13
8 731 8
8 732 8
8 733 7
8 735 10
8 737 15
8 738 5
8 739 12
8 740 8
8 741 0
8 742 0
8 743 0
8 745 0
8 747 8
8 748 7
8 751 0
8 752 11
8 753 11
8 754 0
8 755 0
8 756 10
8 757 0
8 758 7
8 759 0
8 761 10
8 763 6
8 764 0
8 767 0
8 768 0
8 769 9
8 770 10
8 771 12
8 772 15
8 774 6
8 776 15
8 778 9
8 779 0
8 782 0
8 783 10
8 785 9
8 786 11
8 787 15
8 788 0
8 789 8
8 790 6
8 791 0
8 792 11
8 793 15
8 794 11
8 795 7
8 796 6
8 798 0
8 799 10
8 800 0
8 802 10
8 803 0
8 804 8
8 806 0
8 807 8
8 808 0
8 809 0
8 810 11
8 813 9
8 815 12
8 816 0
8 817 10
8 818 10
8 819 0
8 821 8
8 822 12
8 823 14
8 824 6
8 825 11
8 827 14
8 830 6
8 832 6
8 834 14
8 835 11
8 836 0
8 837 15
8 841 0
8 842 0
8 843 10
8 844 5
8 845 10
8 846 8
8 847 9
8 848 14
8 849 6
8 850 7
8 851 9
8 853 15
8 854 5
8 855 13
8 856 0
8 857 8
8 858 12
8 859 0
8 860 13
8 861 0
8 862 8
8 863 7
8 864 7
8 865 9
8 866 10
8 867 13
8 868 7
8 870 9
8 871 8
8 873 9
8 874 15
8 875 0
8 877 13
8 880 6
8 881 10
8 883 14
8 886 6
8 887 0
8 888 12
8 889 0
8 890 0
8 892 0
8 894 10
8 895 9
8 896 13
8 897 8
8 898 7
8 899 5
8 901 0
8 902 12
8 904 14
8 905 0
8 907 9
8 909 11
8 910 12
8 911 10
8 912 0
8 913 0
8 914 5
8 915 5
8 916 15
8 917 15
8 922 7
8 923 0
8 924 13
8 925 13
8 926 11
8 928 8
8 929 10
8 930 12
8 931 0
8 932 15
8 935 6
8 936 0
8 937 10
8 938 13
8 940 8
8 941 6
8 942 0
8 943 5
8 944 0
8 945 6
8 946 0
8 947 14
8 950 8
8 951 15
8 952 5
8 953 6
8 954 11
8 955 0
8 956 15
8 958 0
8 959 0
8 960 15
8 962 13
8 963 0
8 964 7
8 965 15
8 966 13
8 968 7
8 969 15
8 970 0
8 971 13
8 972 0
8 973 14
8 974 7
8 975 10
8 977 13
8 978 9
8 980 10
8 981 13
8 982 0
8 984 10
8 989 0
8 990 7
8 991 6
8 992 0
8 993 0
8 995 12
8 996 11
8 997 15
8 998 8
9 2 0
9 3 0
9 4 14
9 7 14
9 8 9
9 11 0
9 12 0
9 14 8
9 15 5
9 16 0
9 17 0
9 19 10
9 20 13
9 22 0
9 23 6
9 24 10
9 25 12
9 27 12
9 29 0
9 30 6
9 32 8
9 34 0
9 35 5
9 36 5
9 37 12
9 39 13
9 40 0
9 41 13
9 42 0
9 43 11
9 44 8
9 45 0
9 46 6
9 47 0
9 48 7
9 50 7
9 51 13
9 52 13
9 53 0
9 54 6
9 55 6
9 56 6
9 57 7
9 58 15
9 59 8
9 60 9
9 61 7
9 62 7
9 63 11
9 65 0
9 66 5
9 68 9
9 70 12
9 71 11
9 72 8
9 74 12
9 75 7
9 76 6
9 80 7
9 81 10
9 82 12
9 85 15
9 86 8
9 90 7
9 92 0
9 93 10
9 94 12
9 96 0
9 97 15
9 98 0
9 99 14
9 100 6
9 101 7
9 102 0
9 103 11
9 104 7
9 106 14
9 107 0
9 108 0
9 109 0
9 110 8
9 111 7
9 113 10
9 114 0
9 117 0
9 118 8
9 121 6
9 122 0
9 124 0
9 125 0
9 126 9
9 127 0
9 128 5
9 129 12
9 130 11
9 131 0
9 132 9
9 133 8
9 134 10
9 135 14
9 136 10
9 137 10
9 138 8
9 139 6
9 141 10
9 142 0
9 143 14
9 144 15
9 145 9
9 147 8
9 148 11
9 149 11
9 150 0
9 151 9
9 153 10
9 155 0
9 156 0
9 157 14
9 158 14
9 159 0
9 160 0
9 161 8
9 164 6
9 165 0
9 166 7
9 167 12
9 168 14
9 171 5
9 172 15
9 174 5
9 175 11
9 176 9
9 177 6
9 178 5
9 179 9
9 183 13
9 184 7
9 185 11
9 186 6
9 188 11
9 190 0
9 192 7
9 193 15
9 194 12
9 195 12
9 197 10
9 198 0
9 199 8
9 202 13
9 203 10
9 204 8
9 206 15
9 207 0
9 209 5
9 210 0
9 211 5
9 212 14
9 213 11
9 214 6
9 215 9
9 216 11
9 217 6
9 218 0
9 219 0
9 220 11
9 221 5
9 223 14
9 225 9
9 226 8
9 228 0
9 229 0
9 230 13
9 231 10
9 232 0
9 234 9
9 235 13
9 236 11
9 237 11
9 238 13
9 240 6
9 241 0
9 242 0
9 243 0
9 244 13
9 245 11
9 246 10
9 249 10
9 250 0
9 251 11
9 252 0
9 253 9
9 254 0
9 255 7
9 257 13
9 259 12
9 261 5
9 262 0
9 264 13
9 265 12
9 266 15
9 267 0
9 268 0
9 269 6
9 271 15
9 274 13
9 277 0
9 279 6
9 280 8
9 282 0
9 283 15
9 285 15
9 288 13
9 289 11
9 290 6
9 291 15
9 292 8
9 293 14
9 295 15
9 296 5
9 297 15
9 298 13
9 301 5
9 302 0
9 303 8
9 304 0
9 305 11
9 306 10
9 307 0
9 308 15
9 310 8
9 311 8
9 312 6
9 314 5
9 316 0
9 317 10
9 319 7
9 321 15
9 322 8
9 324 7
9 325 0
9 326 12
9 327 13
9 329 8
9 330 5
9 332 14
9 335 6
9 336 10
9 338 0
9 339 0
9 340 15
9 342 7
9 343 15
9 344 12
9 345 14
9 346 7
9 347 13
9 348 0
9 349 6
9 350 0
9 352 11
9 353 0
9 355 11
9 356 6
9 357 0
9 359 13
9 360 14
9 361 11
9 364 8
9 365 12
9 366 7
9 367 0
9 368 7
9 371 0
9 372 0
9 373 8
9 374 0
9 375 0
9 376 10
9 378 0
9 380 10
9 381 15
9 382 0
9 384 10
9 385 12
9 386 0
9 388 11
9 390 0
9 391 0
9 392 15
9 393 8
9 394 5
9 396 5
9 397 10
9 398 13
9 399 0
9 400 7
9 402 15
9 403 6
9 404 11
9 405 0
9 406 0
9 407 14
9 408 8
9 410 8
9 411 14
9 412 8
9 413 7
9 414 13
9 415 14
9 416 0
9 417 10
9 419 13
9 421 8
9 422 0
9 424 10
9 425 0
9 426 15
9 429 7
9 430 0
9 431 8
9 433 0
9 434 13
9 435 13
9 438 0
9 439 14
9 440 14
9 441 15
9 442 12
9 443 0
9 444 9
9 445 11
9 446 0
9 448 5
9 450 0
9 452 0
9 453 6
9 454 15
9 455 0
9 456 13
9 457 12
9 458 7
9 459 0
9 460 14
9 461 6
9 462 15
9 463 10
9 464 5
9 465 14
9 466 11
9 469 13
9 470 10
9 471 0
9 474 14
9 477 8
9 478 0
9 479 10
9 480 15
9 481 14
9 484 0
9 485 6
9 486 15
9 487 15
9 488 0
9 489 0
9 490 5
9 491 13
9 492 8
9 493 11
9 495 7
9 497 0
9 498 0
9 500 5
9 501 12
9 502 14
9 505 12
9 506 8
9 507 6
9 508 0
9 509 6
9 510 0
9 511 7
9 512 8
9 513 7
9 514 0
9 515 12
9 518 7
9 519 13
9 521 0
9 522 8
9 524 0
9 525 7
9 527 12
9 528 11
9 529 10
9 530 5
9 532 0
9 533 5
9 534 6
9 536 13
9 537 5
9 538 5
9 539 0
9 540 15
9 541 5
9 544 15
9 545 9
9 546 13
9 547 5
9 548 8
9 549 0
9 550 10
9 551 9
9 553 9
9 554 6
9 555 10
9 556 14
9 557 9
9 558 5
9 559 0
9 560 9
9 561 0
9 563 11
9 564 5
9 565 0
9 567 10
9 568 11
9 570 6
9 571 0
9 573 0
9 574 14
9 576 14
9 577 5
9 579 0
9 580 14
9 581 6
9 582 11
9 583 0
9 584 0
9 585 9
9 586 10
9 588 12
9 589 7
9 590 7
9 591 8
9 592 9
9 593 9
9 595 8
9 596 0
9 597 6
9 598 0
9 601 12
9 603 0
9 605 11
9 606 8
9 607 6
9 608 10
9 609 5
9 610 12
9 611 13
9 612 9
9 613 8
9 614 10
9 615 14
9 616 11
9 618 12
9 619 12
9 621 7
9 623 0
9 624 0
9 625 7
9 626 5
9 627 9
9 628 0
9 629 0
9 630 8
9 631 0
9 632 0
9 634 15
9 635 9
9 637 6
9 638 9
9 639 13
9 640 0
9 643 0
9 644 11
9 645 12
9 646 12
9 647 15
9 648 6
9 650 13
9 651 11
9 652 11
9 654 10
9 656 12
9 657 0
9 658 13
9 659 0
9 660 6
9 661 11
9 662 0
9 663 8
9 664 9
9 666 14
9 668 0
9 669 0
9 670 15
9 671 7
9 672 10
9 673 5
9 674 11
9 675 11
9 678 5
9 679 12
9 680 7
9 681 15
9 682 9
9 683 0
9 684 0
9 686 14
9 688 10
9 689 0
9 690 14
9 692 14
9 694 0
9 695 7
9 696 9
9 697 0
9 699 15
9 700 8
9 701 6
9 702 11
9 703 0
9 704 8
9 705 9
9 706 13
9 707 0
9 708 9
9 709 14
9 711 7
9 712 6
9 714 13
9 715 13
9 716 0
9 717 0
9 720 6
9 721 14
9 722 7
9 723 13
9 724 9
9 726 12
9 728 6
9 729 10
9 730 0
9 731 14
9 732 15
9 733 13
9 735 6
9 736 7
9 737 7
9 739 7
9 740 9
9 742 10
9 743 0
9 744 15
9 745 8
9 746 10
9 747 0
9 748 9
9 749 7
9 752 0
9 753 15
9 755 6
9 756 0
9 758 15
9 759 11
9 760 0
9 761 14
9 762 10
9 763 0
9 764 12
9 765 12
9 768 13
9 770 7
9 772 10
9 773 8
9 774 8
9 775 11
9 776 0
9 777 14
9 778 12
9 779 13
9 781 11
9 782 15
9 783 5
9 785 0
9 786 11
9 787 10
9 788 5
9 789 9
9 790 0
9 791 0
9 792 5
9 793 0
9 795 9
9 796 0
9 797 15
9 798 5
9 799 5
9 801 9
9 802 13
9 803 7
9 804 6
9 806 12
9 807 7
9 808 14
9 811 7
9 812 7
9 813 0
9 814 6
9 815 8
9 818 0
9 819 5
9 820 0
9 821 11
9 822 15
9 823 9
9 824 7
9 825 5
9 826 15
9 827 10
9 829 15
9 830 14
9 831 15
9 832 0
9 833 15
9 835 11
9 836 0
9 838 10
9 839 11
9 840 10
9 841 12
9 842 0
9 843 0
9 844 10
9 845 7
9 847 9
9 848 10
9 850 11
9 851 9
9 852 0
9 853 5
9 854 14
9 855 7
9 856 0
9 857 12
9 858 0
9 859 14
9 860 15
9 861 15
9 862 7
9 863 14
9 864 9
9 865 9
9 866 10
9 867 8
9 868 0
9 869 15
9 870 0
9 871 12
9 872 15
9 873 6
9 874 7
9 877 11
9 878 5
9 880 7
9 882 13
9 883 0
9 884 0
9 885 14
9 887 14
9 888 12
9 891 12
9 892 13
9 893 13
9 894 8
9 895 0
9 896 6
9 898 0
9 899 15
9 900 14
9 901 14
9 902 0
9 903 13
9 904 0
9 905 10
9 908 9
9 910 15
9 911 10
9 912 0
9 913 15
9 914 8
9 916 15
9 917 5
9 918 6
9 919 10
9 921 7
9 922 15
9 923 10
9 925 6
9 926 10
9 927 0
9 930 13
9 932 5
9 933 0
9 934 8
9 935 10
9 936 7
9 937 10
9 938 0
9 939 0
9 940 13
9 941 8
9 942 7
9 944 11
9 945 7
9 946 0
9 947 12
9 948 0
9 949 5
9 950 9
9 951 12
9 952 5
9 954 14
9 955 9
9 956 0
9 957 7
9 958 8
9 959 12
9 960 0
9 961 14
9 962 6
9 963 0
9 964 8
9 965 7
9 967 9
9 968 7
9 969 13
9 971 5
9 972 6
9 973 14
9 975 0
9 977 0
9 978 14
9 979 11
9 980 0
9 982 12
9 983 6
9 985 0
9 986 9
9 987 12
9 988 9
9 989 9
9 990 15
9 992 6
9 994 13
9 995 12
9 996 0
9 997 0
9 998 13
