0 0.0 0.0 7346 1.0 74
1 0.0 0.0 8622 1.0 13
2 0.0 0.0 11584 1.0 55
3 0.0 0.0 10750 1.0 39
4 0.0 0.0 15611 1.0 28
5 0.0 0.0 1197 0.0 10
6 0.0 0.0 3623 0.0 77
7 0.0 0.0 17428 0.0 58
8 0.0 0.0 17468 0.0 98
9 0.0 0.0 1609 1.0 53
10 0.0 0.0 19474 1.0 71
11 0.0 0.0 11461 1.0 80
12 0.0 0.0 12390 1.0 23
13 0.0 0.0 1209 1.0 75
14 0.0 0.0 1173 1.0 46
15 0.0 0.0 4273 0.0 61
16 0.0 0.0 7589 1.0 74
17 0.0 0.0 18470 1.0 14
18 0.0 0.0 4222 0.0 59
19 0.0 0.0 3096 1.0 70
20 0.0 0.0 17609 0.0 17
21 0.0 0.0 6920 0.0 44
22 0.0 0.0 11702 0.0 72
23 0.0 0.0 18372 1.0 23
24 0.0 0.0 1301 0.0 1
25 0.0 0.0 16214 0.0 25
26 0.0 0.0 14220 0.0 78
27 0.0 0.0 2989 1.0 54
28 0.0 0.0 19428 0.0 100
29 0.0 0.0 20226 0.0 62
30 0.0 0.0 14451 0.0 46
31 0.0 0.0 17689 1.0 58
32 0.0 0.0 19084 0.0 21
33 0.0 0.0 15168 1.0 89
34 0.0 0.0 15593 1.0 41
35 0.0 0.0 1536 1.0 23
36 0.0 0.0 12385 0.0 84
37 0.0 0.0 2535 0.0 57
38 0.0 0.0 16682 0.0 80
39 0.0 0.0 8177 1.0 77
40 0.0 0.0 11800 0.0 40
41 0.0 0.0 12411 0.0 34
42 0.0 0.0 19324 0.0 15
43 0.0 0.0 18463 1.0 70
44 0.0 0.0 1179 0.0 45
45 0.0 0.0 2532 1.0 28
46 0.0 0.0 15014 1.0 84
47 0.0 0.0 13001 0.0 18
48 0.0 0.0 9554 0.0 75
49 0.0 0.0 12443 0.0 36
