0 285 63 117 289 67 42 12 85 364 373 254 69 126 358 335 127 366 98 319 
1 12 85 285 63 67 117 364 373 126 366 358 98 
2 63 138 285 67 117 91 358 252 366 98 373 126 
3 285 289 25 67 42 91 69 98 358 127 366 319 
4 85 67 42 91 12 285 289 233 138 364 127 69 366 358 252 319 
5 285 25 67 10 42 91 364 12 289 63 254 358 335 319 373 126 127 
6 91 289 10 42 12 285 63 67 364 69 126 98 254 358 319 373 
7 285 91 289 25 233 67 138 42 364 254 126 127 252 358 319 
8 289 63 233 10 67 138 85 91 285 25 364 358 335 319 254 98 373 
9 12 10 91 364 285 289 233 42 117 252 126 69 254 335 319 
10 289 364 63 10 285 138 366 335 252 254 319 127 
11 233 91 285 138 10 67 364 69 252 254 98 319 127 126 358 335 
12 63 138 285 289 25 233 42 117 364 10 67 85 252 358 319 373 126 254 335 
13 12 25 233 10 42 364 138 117 91 63 67 85 127 252 254 
14 12 91 289 138 85 252 373 69 254 98 366 358 335 319 
15 285 289 63 233 138 85 117 127 254 335 
16 117 91 364 289 25 42 63 233 10 67 85 127 252 126 366 254 335 
17 25 233 10 12 85 289 63 42 127 98 358 126 254 319 373 
18 285 289 63 12 233 138 117 91 358 69 254 319 
19 67 85 117 63 25 10 138 12 42 252 127 373 
20 63 25 67 85 233 138 42 12 91 364 358 335 252 69 98 127 254 
21 285 63 25 233 289 67 42 85 127 373 366 358 335 254 319 
22 63 10 91 364 285 289 42 85 117 127 69 358 319 126 335 
23 12 63 25 233 42 117 364 10 91 366 98 335 319 373 126 127 
24 63 25 67 138 285 91 98 252 373 
25 233 289 63 138 42 117 364 10 67 91 69 373 358 127 126 98 366 
26 63 85 289 42 91 12 67 117 69 366 254 98 127 373 358 
27 12 233 42 63 91 285 289 25 138 85 254 98 319 126 358 127 252 366 335 
28 138 285 25 364 63 233 117 91 254 335 
29 12 289 63 25 85 364 10 67 138 42 69 126 335 127 252 373 98 319 
30 285 289 63 85 117 12 364 366 126 358 98 335 
31 63 10 67 117 364 233 69 373 126 358 319 
32 63 25 10 42 117 289 91 138 69 366 252 373 358 
33 285 138 364 289 25 233 85 12 63 10 91 127 252 98 366 254 358 335 
34 67 63 25 233 42 117 364 91 366 358 373 126 335 127 69 98 
35 63 233 67 85 117 285 91 364 10 138 69 319 252 254 335 373 366 358 
36 289 10 67 364 285 25 138 42 117 69 126 127 254 98 335 319 252 
37 25 67 117 12 285 138 85 364 289 63 252 69 254 98 358 373 126 335 
38 12 285 364 233 63 25 127 69 98 358 319 335 373 366 254 
39 285 63 91 289 138 117 364 85 358 254 98 366 126 
40 42 289 10 67 85 91 285 233 138 366 335 319 127 252 373 69 98 358 
41 12 42 364 63 25 138 91 126 358 319 335 
42 85 364 289 233 138 91 252 373 127 69 
43 285 233 10 42 117 364 91 12 289 63 138 85 127 373 366 254 358 319 252 98 
44 63 233 10 91 364 289 138 85 25 67 12 117 126 98 358 252 319 69 366 
45 233 289 63 10 67 138 285 25 42 85 91 127 366 319 252 254 335 
46 285 117 91 63 25 12 289 233 67 138 364 373 254 98 127 126 358 335 69 366 
47 289 138 42 364 67 91 127 126 98 358 319 366 335 69 373 
48 138 12 285 91 373 98 252 69 335 366 358 
49 25 67 117 364 285 233 138 42 85 252 358 335 127 69 126 98 373 254 
50 289 63 10 12 25 85 285 91 69 358 127 126 254 98 319 252 335 
51 85 91 10 289 63 25 233 138 364 373 98 335 69 358 126 319 
52 25 67 138 91 285 289 233 85 63 10 127 366 126 98 252 335 
53 25 10 91 63 85 117 138 364 252 69 254 127 366 
54 117 91 285 63 233 85 67 138 127 366 358 373 319 69 126 98 
55 25 67 138 85 117 364 289 233 10 12 127 254 319 358 
56 12 10 233 85 67 138 42 117 319 127 358 335 
57 12 289 233 285 138 85 91 63 10 67 42 69 358 127 252 373 
58 285 63 25 42 85 289 233 67 138 91 364 98 319 252 366 126 254 335 
59 364 42 252 254 358 335 319 127 69 366 373 126 
60 12 138 42 364 289 25 67 233 117 373 98 252 69 335 319 126 358 
61 67 138 42 25 233 364 127 366 335 69 98 
62 63 85 117 285 233 10 138 67 366 98 335 127 69 373 319 126 
63 289 91 10 42 85 364 63 117 126 358 335 373 366 254 69 
64 12 63 10 42 85 117 91 285 289 252 373 126 254 98 358 69 
65 12 285 85 91 138 289 42 358 252 69 373 366 126 335 
66 42 91 12 63 67 85 233 138 98 358 252 319 126 335 
67 12 285 67 91 25 233 85 373 335 254 252 366 126 98 319 
68 285 289 233 138 85 364 10 67 63 25 98 335 69 366 252 358 
69 285 138 12 63 85 233 10 373 127 252 126 254 98 335 
70 285 63 10 138 117 25 233 67 85 364 127 358 69 373 366 252 126 
71 25 233 91 10 252 335 69 366 127 
72 12 25 233 42 285 91 364 289 85 127 126 98 319 373 366 254 
73 233 10 285 289 25 67 138 42 127 358 319 254 373 
74 138 285 25 67 364 254 319 127 126 335 
75 12 233 364 10 42 289 25 67 138 358 69 126 254 335 
76 25 233 138 117 91 10 42 85 289 373 335 366 126 358 319 
77 12 289 233 10 67 117 63 85 364 285 25 127 252 69 319 366 373 126 98 
78 91 364 12 67 117 289 63 42 85 127 69 335 252 254 358 319 
79 67 138 117 91 364 12 10 289 42 358 373 254 252 126 
80 285 289 63 233 91 85 117 364 373 366 335 252 69 358 319 127 126 98 
81 42 85 285 233 117 91 373 252 366 126 98 69 
82 12 63 233 138 117 91 285 289 25 67 127 69 373 126 335 319 
83 289 25 67 285 10 85 233 69 373 126 254 358 366 98 335 
84 12 285 289 10 25 138 42 85 117 63 233 91 366 373 126 358 335 69 
85 12 233 67 138 285 63 10 42 85 127 69 373 254 366 98 252 358 
86 25 10 42 364 63 67 138 85 91 252 126 335 
87 285 233 10 42 91 85 364 373 98 319 254 335 126 
88 12 285 289 10 67 85 364 252 335 254 69 366 
89 91 233 138 12 285 63 10 42 117 126 254 319 252 69 373 98 
90 117 289 233 10 67 25 91 127 126 319 373 366 98 69 
91 285 364 42 117 91 12 289 25 10 358 335 127 252 69 126 98 373 
92 63 42 364 12 289 138 85 285 233 10 91 373 358 319 126 
93 12 233 138 364 25 67 91 285 289 42 373 366 126 98 358 319 127 252 
94 10 67 138 289 25 285 63 42 117 254 98 358 127 69 
95 233 138 42 117 285 25 289 10 67 85 127 126 98 69 373 254 335 319 252 
96 285 63 233 138 364 289 12 10 67 42 69 373 126 358 335 366 252 98 
97 12 25 91 67 85 364 63 10 127 373 98 366 126 335 254 319 
98 285 233 10 67 42 117 91 289 25 138 126 358 254 252 69 
99 25 10 67 12 233 91 364 69 373 98 358 127 366 126 
100 12 289 63 25 42 285 10 85 373 126 254 98 335 358 
101 63 117 12 85 25 233 126 127 69 373 254 319 
102 67 138 63 285 91 126 252 254 366 98 319 
103 289 364 12 285 233 10 67 138 85 117 91 252 127 373 98 126 335 
104 285 289 138 85 91 364 12 233 67 63 117 252 69 126 373 358 
105 289 63 364 12 285 25 10 67 91 138 117 98 252 126 254 358 69 335 319 
106 138 85 117 12 233 10 67 366 126 254 98 127 252 69 358 
107 285 10 12 63 138 91 42 85 117 373 366 126 254 335 252 69 358 319 98 
108 289 138 85 117 285 63 25 233 10 67 69 373 254 98 335 319 
109 289 25 10 42 364 12 233 85 285 63 138 117 335 319 127 252 126 69 98 
110 63 91 364 67 85 117 289 10 366 254 126 127 252 69 
111 285 85 25 117 233 366 319 127 69 126 373 
112 285 25 91 63 67 289 10 42 252 69 127 366 126 254 98 335 
113 285 25 67 289 138 117 373 254 98 358 366 319 127 252 69 
114 289 63 138 91 12 285 233 10 42 69 98 373 366 335 
115 10 67 285 63 25 42 85 364 233 91 252 69 373 127 126 254 98 358 335 
116 12 10 67 138 42 85 91 364 117 285 289 373 319 366 98 127 126 358 
117 10 67 364 25 233 138 91 69 373 366 126 254 252 98 358 
118 289 10 67 138 91 12 285 25 233 42 364 63 69 126 373 127 254 
119 289 25 67 85 117 69 373 126 98 358 252 366 254 
120 289 10 67 42 85 117 285 366 358 126 254 98 127 69 373 335 
121 10 63 138 233 85 117 69 373 366 335 319 252 98 358 
122 12 25 10 42 117 285 233 85 67 138 69 373 366 126 98 
123 63 289 10 67 91 25 364 252 98 126 335 319 127 373 
124 67 138 91 12 63 117 127 252 126 319 335 69 98 358 
125 285 233 10 67 42 91 12 138 117 364 69 98 373 126 254 358 366 
126 138 12 285 63 25 10 42 85 117 127 373 319 254 358 335 
127 285 289 10 138 42 85 364 25 63 233 252 126 98 335 
128 12 285 10 85 67 117 69 252 127 126 319 
129 285 289 63 67 42 69 319 252 98 373 366 126 
130 12 42 233 138 364 10 67 117 69 373 319 127 252 335 
131 289 67 364 12 63 91 85 358 335 319 127 252 366 126 98 
132 25 233 10 85 67 42 285 289 63 138 91 319 69 126 98 127 254 
133 289 138 25 67 85 233 10 364 254 98 126 252 69 373 358 335 
134 91 285 25 10 85 289 67 42 117 364 69 366 358 335 252 126 98 
135 63 364 285 10 138 91 233 85 69 373 358 252 126 
136 12 138 85 289 10 42 63 117 98 358 69 
137 85 63 25 12 285 289 10 67 91 127 126 366 358 252 69 254 98 335 
138 285 138 42 85 12 63 233 91 289 373 98 319 252 366 127 69 126 254 
139 12 10 67 364 25 85 126 254 319 366 335 
140 285 117 233 67 85 364 289 63 138 69 366 126 
141 25 138 12 289 63 233 10 117 98 252 69 366 254 335 
142 285 138 117 91 233 10 364 127 254 252 69 373 319 126 98 335 
143 63 12 289 10 117 85 126 98 127 69 373 358 335 254 
144 67 42 85 285 289 63 138 117 10 91 69 373 366 254 319 
145 91 12 63 10 67 138 117 285 85 373 69 254 127 366 98 335 319 
146 12 285 67 42 25 117 138 85 98 127 69 
147 91 25 67 138 233 117 127 126 335 252 69 373 358 98 
148 25 67 91 63 117 285 289 233 42 85 127 252 126 358 335 373 366 
149 12 138 117 364 233 67 42 85 252 373 366 319 98 127 69 254 
150 25 10 12 289 138 85 91 285 63 233 366 98 319 252 335 
151 25 10 117 364 289 63 67 138 42 285 233 69 126 319 127 252 373 254 98 
152 67 364 233 10 12 42 117 373 366 335 126 98 127 69 319 
153 10 285 138 42 91 63 85 117 366 127 254 358 319 69 373 
154 67 42 91 12 63 117 358 319 335 98 
155 12 25 67 138 85 117 285 63 10 335 127 252 358 69 373 254 
156 289 233 117 91 364 10 138 42 85 126 252 69 373 366 335 319 
157 233 63 285 25 10 138 85 69 366 126 319 373 335 
158 10 364 285 289 63 233 42 85 117 69 98 252 335 127 366 358 
159 91 12 285 10 67 85 364 25 117 358 373 126 254 127 366 
160 12 285 10 117 91 63 364 42 358 335 252 366 254 98 
161 285 10 364 42 117 91 289 67 138 373 366 254 319 126 252 69 335 
162 12 85 364 63 117 91 69 126 358 254 127 366 
163 289 25 10 67 42 138 85 117 91 69 319 366 126 98 358 335 127 373 
164 25 67 63 85 126 319 252 69 366 254 
165 63 67 91 10 42 85 364 289 25 117 252 254 69 126 98 335 319 
166 285 233 10 138 12 85 289 25 42 117 126 358 252 127 69 335 319 
167 63 289 25 42 233 10 85 366 319 373 358 127 69 126 98 335 
168 85 364 10 285 63 67 42 117 252 319 127 254 98 373 366 335 
169 285 63 10 289 233 85 91 127 252 254 126 98 
170 25 10 67 91 63 138 85 117 127 69 373 335 98 319 252 126 254 
171 12 10 138 42 289 63 85 117 25 69 335 319 252 126 127 373 254 358 
172 289 233 10 67 42 285 63 91 319 252 69 358 98 
173 63 233 364 12 285 289 10 91 85 69 319 373 366 98 252 126 254 358 
174 63 67 85 289 25 10 138 117 366 98 127 69 
175 12 10 67 85 364 25 233 138 42 373 335 69 319 252 
176 289 63 233 10 117 285 67 138 91 366 335 127 252 69 373 126 358 
177 12 10 67 138 42 289 85 364 335 319 126 358 252 69 254 
178 25 85 285 289 233 138 91 63 10 12 364 98 358 373 
179 233 138 12 63 85 364 252 126 335 366 358 319 69 
180 67 85 285 233 289 252 69 366 358 335 127 98 254 
181 285 63 233 42 12 67 117 289 69 335 366 319 
182 25 10 138 364 285 67 42 127 252 366 254 98 
183 289 63 138 117 12 10 25 233 67 85 252 319 69 366 
184 285 63 67 42 85 117 289 25 10 138 91 364 69 127 252 373 366 126 98 335 319 
185 289 10 67 138 42 117 91 364 285 63 126 358 373 335 366 319 
186 285 10 117 91 138 364 233 67 373 366 335 127 319 254 
187 285 67 63 233 138 42 85 117 127 69 373 366 358 
188 67 138 285 289 117 12 233 85 364 98 358 335 127 254 126 319 
189 67 42 91 289 25 138 63 12 117 98 252 254 319 
190 117 364 289 63 10 127 366 335 319 69 254 
191 12 25 289 63 42 85 285 117 91 127 252 126 254 98 69 373 366 
192 138 42 10 67 85 364 63 91 366 254 252 319 127 69 98 
193 25 67 117 91 85 285 127 126 254 98 252 373 358 335 
194 25 10 42 85 117 285 364 12 127 252 366 335 373 254 98 
195 63 67 233 10 91 85 69 127 366 98 335 254 
196 285 289 63 233 67 12 10 138 252 126 373 366 335 127 98 358 
197 138 364 63 42 85 117 126 373 254 358 319 127 335 
198 42 285 63 67 364 117 335 127 373 
199 289 117 138 85 364 12 25 69 319 126 366 
200 91 364 10 138 42 319 98 127 69 373 254 
201 285 289 10 67 85 117 25 42 373 335 319 254 
202 289 12 285 63 233 85 25 42 117 366 254 252 69 335 126 
203 289 285 25 233 67 138 42 117 91 127 335 254 69 366 
204 233 10 91 289 12 138 42 85 373 319 252 69 126 358 335 
205 67 42 85 12 289 358 366 126 254 335 319 
206 63 67 85 285 233 10 91 12 289 138 127 252 126 335 69 366 319 
207 233 10 138 117 364 63 42 85 285 289 12 25 69 373 366 126 254 98 358 319 
208 10 117 63 25 233 85 289 91 373 358 366 319 127 252 126 
209 85 117 364 10 289 63 67 91 126 366 127 252 69 
210 285 63 10 85 12 42 364 289 91 69 358 
211 25 117 91 12 85 10 42 69 373 126 98 
212 138 25 233 10 91 285 63 85 117 69 358 127 126 98 335 319 366 
213 289 10 67 85 12 285 42 233 91 364 335 69 126 127 373 366 
214 12 25 10 91 289 67 85 364 138 42 117 252 98 254 319 69 
215 12 10 67 364 63 233 117 285 85 91 69 366 98 335 319 252 254 
216 63 25 10 42 117 285 373 358 69 335 366 254 98 
217 12 67 42 289 63 10 138 252 69 373 126 358 254 127 335 
218 285 63 10 138 85 12 67 117 91 364 252 335 69 373 127 98 319 
219 25 67 138 117 91 364 285 63 12 289 10 85 98 358 319 127 69 254 252 
220 67 42 63 12 25 117 364 127 252 69 126 98 335 319 
221 67 42 91 12 285 117 364 63 25 373 252 69 98 335 319 127 254 358 
222 67 42 117 12 364 289 10 91 127 252 366 373 254 319 
223 285 289 25 10 42 91 67 63 252 98 366 335 127 126 
224 289 138 117 63 42 85 364 25 67 252 98 254 319 
225 285 25 233 138 117 364 63 67 42 85 289 10 91 126 98 252 69 319 254 335 
226 12 289 10 91 63 67 364 285 138 117 127 358 335 69 254 98 373 319 
227 285 42 91 289 233 138 358 319 252 373 254 98 
228 25 85 91 364 285 289 63 233 42 117 138 127 252 69 335 98 319 373 366 126 
229 63 25 10 67 42 289 138 373 358 335 319 127 69 366 
230 285 289 25 364 233 67 85 91 42 117 252 373 126 254 335 
231 67 285 233 117 126 254 366 98 319 127 252 373 358 335 
232 12 25 42 289 63 233 10 85 127 373 252 358 
233 10 138 85 91 12 289 117 25 67 42 366 335 254 69 358 
234 63 233 10 91 12 289 42 117 69 366 358 127 254 
235 233 138 85 289 25 67 285 366 69 252 126 
236 63 25 67 85 289 126 254 373 358 319 
237 12 285 138 42 289 63 25 233 67 364 252 335 126 127 254 98 
238 138 364 12 289 63 233 126 319 69 366 127 252 373 358 
239 12 285 25 10 138 42 91 364 289 67 117 127 126 254 366 335 
240 12 25 67 42 285 289 63 233 138 117 91 364 358 127 252 366 335 319 
241 285 289 63 138 117 364 12 233 10 98 373 358 127 252 366 319 
242 233 67 138 117 289 42 85 91 252 69 373 127 366 319 
243 12 289 233 67 138 117 364 42 85 254 98 358 335 127 252 69 366 
244 63 67 85 289 233 117 91 69 373 126 358 252 366 319 
245 63 233 10 42 117 91 364 126 254 127 252 366 98 
246 25 233 12 63 85 285 10 117 364 127 252 366 254 319 373 335 
247 10 67 117 289 63 85 91 285 25 42 254 319 366 126 358 
248 289 25 233 117 12 285 138 91 364 127 98 69 358 252 373 319 
249 289 25 12 233 67 91 42 335 69 126 127 252 254 98 
250 12 285 233 42 117 25 85 63 67 127 252 69 358 335 373 366 254 
251 138 285 91 12 233 67 117 98 358 366 319 127 126 254 335 
252 25 364 289 233 67 138 42 85 126 252 69 373 358 127 98 319 
253 285 10 12 364 127 373 319 126 98 366 335 
254 42 25 67 117 364 127 69 358 335 373 366 254 98 
255 85 285 10 289 117 373 254 127 252 69 366 319 126 98 335 
256 91 364 10 42 85 63 25 67 138 69 366 254 252 358 335 319 127 373 
257 67 289 25 233 12 42 117 373 98 69 366 126 254 
258 285 12 10 67 289 25 254 319 69 366 373 
259 138 42 364 285 63 10 85 117 289 373 126 335 
260 289 63 10 138 42 85 12 285 91 366 254 127 69 373 335 319 
261 67 12 63 85 91 289 10 364 127 69 126 254 358 335 319 
262 285 289 63 25 85 233 117 98 126 254 69 
263 12 63 25 138 42 85 91 364 285 289 10 117 254 319 69 358 
264 91 25 67 289 63 10 138 42 252 366 126 254 98 335 
265 25 233 85 364 285 67 138 10 373 126 335 254 69 
266 63 25 10 289 67 85 91 364 252 69 126 335 319 254 
267 289 91 285 10 42 85 364 117 12 254 358 69 127 126 319 
268 42 91 25 67 85 364 10 138 252 69 373 366 254 98 
269 117 285 63 10 67 138 85 252 366 373 98 358 69 126 
270 12 25 10 289 63 67 138 85 91 364 252 254 98 335 127 69 373 366 126 
271 285 10 91 63 117 42 364 366 254 252 98 319 69 
272 25 85 285 289 63 91 138 127 252 126 366 98 319 
273 12 10 67 25 42 63 233 364 252 366 254 358 319 126 373 
274 289 10 67 138 285 25 117 63 91 127 126 366 319 69 373 358 
275 63 233 10 12 138 42 285 117 91 373 335 127 252 366 
276 285 91 63 42 117 289 12 233 138 335 69 373 319 254 
277 289 285 91 12 138 85 117 364 127 126 358 252 373 98 319 
278 12 67 42 85 91 364 289 25 233 252 69 254 358 335 98 
279 12 10 25 85 117 285 63 233 67 373 252 69 358 335 
280 25 10 289 233 138 117 373 98 358 127 69 335 319 
281 233 138 12 25 42 364 98 335 252 373 126 
282 63 117 285 289 67 138 91 364 366 358 319 69 254 335 127 252 126 98 
283 10 42 285 289 12 63 67 91 127 69 254 252 98 373 366 335 
284 63 233 10 117 364 12 289 25 67 42 85 91 127 254 335 319 69 
285 12 233 289 63 285 42 85 91 98 127 373 358 335 
286 25 233 67 85 117 289 12 91 127 373 254 69 98 335 319 252 358 
287 285 10 67 117 91 364 12 63 85 127 252 366 254 358 335 
288 42 12 25 63 138 85 117 127 252 373 254 98 69 
289 289 364 285 25 233 91 12 69 126 98 358 252 319 366 
290 10 67 42 285 25 85 117 364 289 138 91 127 366 319 69 
291 12 289 10 91 285 233 67 63 25 117 364 69 319 373 126 335 
292 63 85 12 289 10 117 25 233 138 127 252 373 319 69 126 
293 42 91 285 63 25 85 289 233 127 373 254 98 358 335 319 252 69 
294 63 42 91 364 233 138 285 289 25 373 254 98 127 366 358 
295 12 10 117 91 364 67 85 289 63 25 42 127 366 126 252 373 254 98 
296 12 85 285 63 25 10 335 319 127 252 69 373 
297 63 233 10 42 117 138 364 289 366 69 254 319 373 126 358 335 
298 12 289 138 67 42 85 117 364 126 98 252 373 335 319 366 
299 63 10 138 91 69 254 335 319 127 252 126 358 
300 42 117 285 25 91 289 63 233 67 364 98 252 366 254 
301 10 117 364 289 85 91 233 138 42 127 98 254 366 358 319 
302 285 289 233 67 138 25 42 91 69 373 366 126 335 98 319 
303 63 25 117 12 10 138 85 364 289 254 98 358 335 
304 67 85 91 12 285 233 42 364 373 366 335 98 127 69 319 
305 63 67 138 91 364 12 285 42 85 98 126 252 358 319 
306 10 42 289 91 233 254 127 69 373 126 358 
307 25 42 10 117 91 289 63 138 85 126 254 335 69 366 373 
308 12 285 289 138 25 233 10 117 91 364 67 42 85 252 126 69 373 319 
309 289 233 12 285 25 10 67 117 364 138 85 366 69 127 252 
310 233 117 364 63 42 254 127 366 126 358 
311 10 67 85 117 25 42 252 69 254 127 335 366 98 358 
312 63 138 85 117 91 67 12 25 252 358 366 127 69 373 98 335 319 
313 12 285 63 91 289 233 42 117 10 138 69 254 358 127 126 252 
314 91 25 63 10 138 254 252 366 319 127 69 
315 85 285 63 233 67 25 138 91 364 127 252 69 366 254 126 
316 12 25 233 285 117 91 127 254 252 358 
317 233 91 364 25 10 117 289 67 42 127 98 358 252 69 254 319 
318 285 233 85 67 42 117 364 373 358 319 127 69 366 126 
319 12 285 289 25 10 138 364 67 117 91 85 366 335 252 126 98 319 69 373 358 
320 10 85 12 91 285 289 233 67 69 373 254 98 319 366 335 127 252 
321 285 289 138 12 10 63 85 366 319 127 252 254 
322 285 42 138 289 25 233 10 117 91 366 335 358 127 252 254 98 
323 285 67 12 289 63 10 138 42 69 127 126 335 366 254 
324 12 289 10 285 138 117 233 67 42 91 127 373 98 252 366 254 319 
325 364 285 233 10 67 138 42 289 63 25 117 254 127 373 366 
326 67 85 91 364 285 63 233 42 117 373 126 358 98 69 254 335 319 
327 10 285 289 67 364 233 117 254 127 126 98 69 373 358 
328 285 289 117 364 233 42 63 10 91 252 335 69 254 98 126 
329 63 42 91 364 289 233 67 12 10 127 252 373 
330 233 10 67 12 117 285 63 91 126 373 358 335 319 69 
331 289 10 85 364 12 233 67 127 373 126 98 358 254 319 
332 10 285 289 233 63 85 335 98 373 
333 85 364 10 285 138 42 69 98 127 373 126 254 
334 67 117 364 289 63 233 10 85 91 12 25 42 335 69 319 373 254 98 
335 138 285 63 67 91 25 10 117 364 335 319 127 373 126 98 69 366 254 
336 12 285 63 138 289 67 42 25 233 364 252 373 98 366 358 319 127 254 335 
337 138 289 63 25 233 42 85 91 69 319 126 254 335 
338 12 25 285 289 233 10 67 42 85 319 335 252 373 126 358 
339 10 67 138 85 289 12 25 42 98 335 252 366 358 127 69 
340 91 10 138 42 85 117 285 63 67 364 366 373 126 127 254 319 
341 285 289 85 63 138 117 126 254 98 358 252 373 366 
342 10 67 364 285 63 85 117 12 25 127 366 358 373 126 335 
343 285 10 67 117 12 63 42 91 25 233 254 335 252 69 373 366 
344 25 10 12 233 67 138 91 285 63 364 127 373 366 254 335 252 
345 117 289 85 364 285 42 91 252 69 373 126 
346 42 364 12 10 289 117 373 319 252 254 358 
347 25 285 63 10 42 364 12 289 91 127 252 69 366 254 126 98 
348 42 117 285 63 25 91 373 126 98 69 254 358 
349 285 25 67 138 85 91 289 63 233 12 69 254 319 252 373 126 98 
350 63 138 117 10 364 67 85 91 373 358 252 366 
351 233 289 138 285 10 85 252 69 254 98 319 
352 364 85 117 91 12 25 10 138 252 69 373 366 358 
353 285 138 10 91 289 69 127 366 126 254 319 358 
354 289 10 364 285 67 117 127 373 254 126 98 319 252 
355 10 42 364 12 285 289 138 85 91 233 67 117 69 98 319 252 373 335 
356 233 10 364 25 42 63 12 117 366 127 358 335 
357 285 117 364 12 233 10 289 25 127 252 335 254 98 126 
358 285 67 138 91 85 10 364 252 98 335 358 319 69 
359 233 10 138 42 12 289 285 85 91 373 126 98 366 
360 67 85 117 25 364 12 138 69 366 319 127 126 98 358 
361 12 25 289 63 138 117 91 364 67 85 373 366 98 252 69 254 358 319 126 
362 233 117 12 63 138 85 364 285 289 42 252 254 319 69 366 126 358 127 373 
363 289 25 138 63 42 285 233 91 127 252 69 366 335 
364 63 233 285 10 67 127 98 69 366 358 252 335 319 
365 42 285 10 67 85 117 12 289 91 364 335 252 254 319 127 69 373 366 126 
366 285 25 233 63 91 12 10 67 138 98 373 366 127 335 319 
367 233 364 12 10 42 289 67 138 126 252 373 98 358 319 
368 138 117 364 12 285 289 63 25 67 42 91 233 10 127 126 254 69 373 98 358 
369 289 25 233 91 63 67 85 373 366 335 319 126 
370 42 85 117 12 25 233 285 91 126 127 373 335 254 
371 289 233 285 10 63 138 85 69 98 252 335 319 
372 12 285 289 25 42 91 233 364 358 373 335 127 254 
373 12 25 138 117 364 63 42 10 85 91 366 254 98 335 252 69 358 
374 85 364 12 25 67 117 63 233 42 91 254 335 252 373 366 98 358 126 
375 285 289 25 138 85 63 91 233 67 117 12 252 98 127 69 373 366 
376 233 91 289 25 364 254 319 373 358 335 
377 285 289 42 117 364 12 85 63 25 358 335 127 69 373 254 98 
378 289 42 85 63 233 25 117 91 126 319 69 373 335 
379 63 42 85 364 12 285 67 117 373 335 319 127 126 254 98 366 358 
380 285 289 63 91 25 10 67 138 233 85 12 335 319 252 373 126 98 358 
381 285 67 85 91 12 63 233 10 117 25 252 69 373 366 358 335 319 
382 85 285 42 12 63 233 10 91 252 126 373 98 335 127 254 
383 289 42 117 364 85 63 233 127 252 98 319 69 373 
384 289 233 42 67 85 117 25 366 319 127 252 358 126 
385 364 10 117 12 233 85 127 319 252 373 126 366 98 
386 289 117 91 25 10 138 42 63 67 127 252 69 366 254 373 126 335 319 
387 63 12 289 233 67 91 364 127 69 366 126 319 373 
388 42 117 85 91 285 10 319 373 126 335 252 69 366 98 358 
389 63 12 285 233 10 138 117 91 319 127 252 373 366 126 358 69 254 98 
390 85 25 285 10 364 69 373 335 254 98 319 
391 285 25 10 12 289 233 67 138 85 364 127 373 126 335 
392 285 25 67 85 10 91 289 63 233 364 252 69 254 358 335 366 126 319 
393 364 10 117 91 285 289 25 233 67 69 335 319 127 
394 25 117 364 12 289 42 85 358 335 127 252 69 366 98 
395 233 42 285 67 117 91 254 69 373 335 366 358 
396 12 285 67 117 91 25 138 85 373 366 319 252 69 126 358 
397 12 289 233 85 285 10 364 42 117 91 98 127 366 335 69 126 358 319 
398 12 25 63 233 138 285 10 85 117 364 126 319 252 254 335 373 98 358 
399 285 91 289 42 364 25 138 85 117 358 69 252 366 254 
400 289 10 138 42 117 285 127 252 69 126 98 335 366 
401 63 10 138 67 69 127 252 335 
402 233 289 63 364 12 138 85 91 373 126 254 98 358 127 252 69 366 319 
403 63 233 91 285 10 42 12 25 117 127 366 98 335 
404 289 42 117 364 12 285 10 25 138 69 126 335 373 254 358 98 319 
405 10 67 85 63 233 138 42 117 91 373 358 127 252 254 126 98 
406 12 285 138 67 364 366 319 127 358 126 98 
407 25 67 85 364 285 138 91 63 233 10 42 12 126 254 319 
408 289 67 42 91 285 233 10 85 63 138 127 366 358 252 254 98 
409 85 285 67 91 289 63 10 138 42 98 358 127 252 69 366 
410 138 285 42 85 12 289 63 233 10 373 366 254 127 69 98 252 335 
411 10 364 285 42 373 319 252 358 335 366 98 
412 91 364 289 63 10 42 373 126 319 127 252 69 
413 63 67 85 25 233 10 42 91 117 254 98 319 127 366 
414 25 289 67 138 42 117 364 252 358 373 366 126 254 319 
415 285 233 10 67 138 91 63 127 358 366 254 319 
416 12 25 138 42 85 117 10 67 127 252 69 366 126 358 373 
417 91 364 233 67 117 285 25 10 12 254 319 252 98 358 127 
418 25 138 364 289 233 10 67 63 373 254 335 127 98 
419 63 12 289 25 91 285 67 138 364 127 254 335 
420 289 67 117 285 25 10 138 85 91 233 12 42 373 126 335 254 98 127 69 
421 91 63 67 12 252 335 319 373 127 366 254 358 
422 12 25 10 67 42 117 285 289 233 252 69 373 98 254 366 358 335 319 
423 289 67 364 12 63 138 91 285 25 335 69 373 366 358 127 252 126 
424 117 10 67 138 12 63 91 254 319 358 373 126 98 
425 67 117 285 91 12 289 25 138 252 69 319 358 335 373 366 126 
426 85 285 233 67 117 12 10 373 335 127 126 254 366 319 
427 91 364 12 285 25 10 117 252 319 373 98 
428 285 138 25 233 10 42 85 117 252 366 126 358 319 373 98 335 69 
429 285 233 85 63 67 117 364 289 42 91 69 254 98 358 366 126 
430 12 25 233 85 91 67 138 364 285 117 98 252 126 254 
431 67 12 63 25 233 10 138 42 98 335 373 126 127 254 358 
432 85 364 289 10 67 138 252 69 373 366 319 127 126 254 
433 289 25 67 138 85 285 10 42 91 364 252 69 373 126 254 358 319 
434 63 85 117 42 91 127 373 335 98 358 
435 12 289 117 364 285 10 63 67 91 69 254 319 126 252 98 335 
436 138 233 67 117 63 42 98 335 
437 42 364 12 233 285 289 10 67 85 373 126 98 335 
438 138 364 85 12 285 25 127 373 358 254 335 
439 285 289 233 10 85 364 319 127 254 335 69 373 126 
440 10 285 63 67 12 91 69 335 126 98 319 373 254 
441 63 91 364 233 12 25 10 67 117 373 254 127 69 98 252 126 358 
442 67 12 285 10 138 289 85 127 366 319 373 126 358 
443 138 63 233 67 117 285 289 10 91 127 373 358 335 319 
444 364 10 138 289 63 67 85 98 127 252 366 126 254 
445 117 364 285 233 138 42 91 289 67 85 252 366 98 319 
446 285 85 63 67 117 364 289 10 138 127 252 254 98 319 
447 289 233 42 85 117 364 285 25 91 12 67 127 319 69 366 126 254 98 358 
448 285 233 10 85 12 289 364 252 319 69 373 358 
449 233 10 67 138 85 91 285 63 12 117 364 127 254 98 
450 285 233 42 63 91 25 138 117 252 69 126 254 335 366 358 319 
451 285 10 67 138 85 364 63 25 42 117 91 98 127 126 335 252 69 366 
452 67 117 364 138 91 10 42 85 335 126 252 373 
453 12 285 117 42 85 91 127 373 366 358 
454 233 10 91 364 67 117 285 63 42 366 254 335 127 252 69 
455 25 138 289 67 364 285 233 91 254 126 252 
456 289 63 25 364 285 42 85 117 12 373 98 126 
457 25 117 285 289 10 91 12 63 233 67 373 319 98 
458 25 233 364 12 285 10 67 138 127 252 358 366 254 
459 12 25 42 10 117 67 98 252 373 126 69 366 
460 10 117 289 25 67 85 373 126 252 69 366 358 319 
461 12 63 91 285 25 138 67 42 85 127 373 98 335 358 319 
462 12 285 25 117 289 233 10 67 42 91 138 85 364 69 319 252 
463 233 138 12 285 289 63 67 42 85 117 126 358 69 366 254 
464 12 10 67 138 42 285 63 233 85 117 364 373 98 358 127 69 126 366 319 
465 138 91 364 285 25 10 67 252 69 254 98 319 
466 25 285 117 289 373 254 127 252 69 
467 12 289 63 364 10 138 233 67 42 117 69 319 366 254 335 373 
468 63 67 85 91 12 10 117 364 285 289 25 233 127 366 254 98 252 69 
469 10 91 25 67 373 366 98 126 319 127 335 
470 289 63 138 91 335 319 69 373 126 254 98 358 252 366 
471 285 42 91 98 319 373 
472 12 138 117 63 25 42 127 373 366 335 98 358 
473 285 289 67 42 25 138 364 319 127 69 358 252 126 98 
474 289 25 233 67 364 138 91 373 126 358 69 254 127 366 319 
475 289 138 12 63 67 42 117 233 254 319 252 69 98 127 126 358 
476 364 289 25 233 67 138 91 285 63 42 366 358 373 126 254 98 319 
477 42 233 117 91 12 285 289 10 85 252 373 98 358 319 127 
478 364 289 25 285 67 117 252 358 127 373 98 319 
479 289 67 12 138 117 63 25 233 10 85 364 127 373 126 98 252 254 335 319 69 
480 12 63 10 138 233 364 67 91 366 254 373 126 358 335 319 
481 233 138 85 67 364 12 289 42 91 358 373 366 126 
482 67 138 289 25 12 285 233 42 91 364 127 126 358 69 373 
483 289 117 285 233 10 42 63 25 69 335 252 98 373 126 319 
484 289 67 85 12 10 42 117 91 364 252 254 335 319 69 373 98 126 358 
485 12 63 42 364 67 138 91 85 117 373 366 126 254 358 335 
486 12 85 285 63 233 67 138 364 252 127 366 358 335 254 
487 289 67 138 63 233 42 285 25 12 10 252 69 366 373 254 335 319 
488 285 289 67 85 25 233 91 10 42 69 373 366 358 319 126 98 
489 285 233 12 63 85 117 364 254 98 358 335 127 
490 10 138 117 12 285 91 289 63 67 85 364 98 252 69 126 358 335 
491 289 233 85 117 285 63 25 364 252 126 366 254 358 335 
492 25 233 85 91 12 285 63 138 252 373 366 126 98 335 319 
493 289 91 12 10 364 63 233 85 335 69 
494 233 91 12 63 67 285 289 42 117 252 69 358 373 366 
495 289 91 364 285 10 117 25 233 366 319 127 252 69 126 98 335 
496 285 63 233 67 12 10 85 373 126 254 358 366 
497 25 42 117 91 12 285 63 10 364 127 252 69 366 335 126 98 319 
498 10 42 85 117 289 25 233 364 285 63 138 366 98 254 358 319 252 126 335 
499 285 233 85 117 289 12 25 42 127 252 98 69 126 319 373 366 335 
500 63 67 42 117 10 12 85 91 127 252 373 366 126 335 319 98 
501 233 117 364 12 289 63 69 319 366 254 335 126 358 
502 289 12 117 10 67 91 127 366 126 254 335 373 252 98 358 
503 289 63 117 91 42 285 233 252 254 69 358 126 98 335 
504 12 285 10 91 42 117 364 233 69 98 127 252 373 254 335 126 358 
505 25 10 42 364 289 233 138 69 98 127 373 358 335 319 
506 67 42 12 233 91 98 319 69 127 126 254 358 335 
507 67 25 233 10 91 364 12 63 127 98 358 319 
508 12 67 117 91 289 25 233 85 285 63 10 138 373 366 335 319 127 69 
509 63 233 67 25 117 12 285 289 10 138 366 126 98 373 127 252 358 335 319 
510 285 63 25 233 67 364 85 117 42 91 127 252 126 319 366 358 335 373 254 98 
511 25 285 138 42 85 91 117 12 126 366 127 373 319 
512 25 67 42 85 364 285 117 91 12 10 319 373 126 127 358 
513 117 289 25 10 67 138 366 98 69 373 126 252 
514 364 63 10 12 233 138 42 117 98 127 252 254 69 335 319 
515 12 289 42 117 10 67 91 252 69 335 319 127 373 366 
516 25 10 67 91 364 233 85 252 69 319 127 254 98 
517 10 91 285 67 138 42 12 63 364 127 126 358 335 69 98 252 373 366 254 
518 10 285 364 67 85 91 127 252 69 126 254 358 335 
519 25 67 42 233 364 63 138 117 254 98 319 366 126 
520 12 91 63 10 67 85 364 69 366 126 335 127 358 319 252 373 
521 117 10 63 67 138 364 373 98 254 252 366 319 
522 85 285 25 289 233 67 42 117 91 364 252 373 98 127 69 
523 289 85 12 285 25 67 117 127 252 126 358 335 319 98 
524 285 233 67 42 289 252 98 69 126 127 373 
525 63 233 67 25 10 91 12 127 98 358 335 366 126 
526 285 138 12 289 25 233 85 91 10 127 366 126 98 335 69 
527 85 364 63 91 12 285 42 252 366 335 98 373 
528 63 67 138 91 12 289 233 364 85 127 373 358 319 69 126 335 
529 285 63 138 85 233 25 67 42 364 127 126 69 366 254 
530 25 67 138 285 63 91 85 364 373 335 254 319 366 
531 12 233 42 91 85 127 98 358 126 254 319 252 373 
532 10 138 285 85 117 91 364 67 42 12 127 98 319 254 366 358 335 
533 285 289 25 85 10 67 117 12 63 42 91 364 127 252 335 319 373 98 358 
534 285 10 67 138 364 289 63 233 117 91 12 25 252 69 373 254 358 319 
535 289 285 25 233 67 91 12 138 85 364 252 366 126 98 69 373 358 
536 63 25 67 138 42 117 285 127 252 358 319 366 335 
537 285 233 289 117 364 10 42 366 254 69 127 98 
538 233 138 12 285 25 67 85 289 63 69 373 126 335 
539 42 63 233 91 10 138 117 127 252 126 98 
540 233 10 67 364 138 42 85 127 69 126 252 319 373 366 254 358 
541 285 42 63 25 85 91 364 289 10 366 127 319 69 358 
542 85 67 138 117 42 91 252 373 98 319 127 254 335 
543 285 364 289 85 69 126 98 335 319 252 373 366 
544 63 25 233 67 12 364 285 289 117 373 98 127 366 69 358 
545 289 10 364 25 42 233 67 138 117 335 373 98 319 127 126 254 358 
546 85 12 285 233 67 117 63 10 138 91 69 358 335 
547 63 233 85 117 285 10 91 69 319 252 
548 233 10 42 117 91 364 285 289 85 12 67 373 98 335 69 254 127 358 
549 67 117 91 233 138 285 10 42 127 373 126 252 358 69 254 98 
550 289 67 42 91 364 12 138 117 69 127 366 98 335 252 126 254 
551 25 67 42 117 85 10 138 12 373 366 127 358 335 126 254 
552 67 85 91 285 63 42 117 10 364 98 252 373 69 126 319 
553 63 25 67 138 364 285 233 85 366 254 69 98 252 126 
554 12 25 10 233 117 289 364 358 252 126 98 
555 138 289 10 285 25 42 85 91 252 69 126 254 335 127 366 98 358 
556 12 85 63 67 138 117 285 25 126 373 254 358 335 
557 233 85 12 67 10 117 364 252 373 254 69 126 335 98 358 
558 285 85 289 117 10 138 42 364 252 126 358 335 98 319 
559 10 289 42 12 285 63 67 138 117 364 319 252 69 98 335 127 373 
560 285 12 63 233 138 42 117 373 98 358 319 69 126 254 252 366 335 
561 12 285 67 85 10 289 63 127 252 98 335 319 366 254 358 69 126 
562 364 285 42 85 289 67 138 91 252 254 98 127 319 366 358 335 
563 12 85 289 91 285 233 42 364 69 366 98 126 335 319 
564 12 63 25 10 67 42 252 319 254 98 335 358 
565 63 289 25 117 91 12 67 358 335 127 366 254 
566 63 10 285 289 25 233 138 85 126 319 373 254 358 335 
567 25 10 67 42 85 289 233 91 364 126 358 69 366 254 
568 67 138 285 63 12 25 233 85 91 126 69 373 366 254 319 
569 63 117 285 289 67 42 12 25 233 10 138 366 126 319 98 
570 63 42 364 285 289 233 67 138 117 126 98 358 335 373 366 
571 289 25 10 12 285 67 91 63 233 138 85 117 127 254 319 126 98 358 
572 289 10 42 285 91 364 25 233 127 252 373 358 366 319 69 126 
573 289 63 138 85 117 91 364 319 69 358 254 
574 67 12 91 285 63 25 10 138 85 117 127 98 373 126 335 252 
575 364 285 289 85 67 117 373 366 319 127 254 358 335 
576 285 63 12 67 138 85 117 91 364 98 127 373 126 
577 63 117 25 67 42 138 85 319 127 126 335 
578 233 42 10 67 364 285 85 91 252 98 358 319 335 
579 25 85 117 364 233 67 12 91 358 252 69 366 98 319 127 
580 63 91 364 12 67 138 117 366 319 127 69 
581 233 63 10 67 117 42 85 364 358 335 373 126 254 98 319 
582 285 91 12 67 117 63 10 138 85 364 373 319 252 126 254 335 
583 12 233 42 10 285 67 138 85 117 254 126 127 98 
584 364 289 25 10 85 91 117 252 126 335 127 254 319 
585 63 138 85 285 42 364 91 252 126 373 358 335 319 127 254 
586 138 364 10 42 91 285 117 366 358 319 127 98 335 
587 233 138 117 285 42 91 252 98 126 127 366 254 335 
588 233 85 91 12 25 42 364 138 127 252 373 358 126 319 
589 289 42 117 63 91 25 10 69 126 
590 10 85 117 12 289 233 91 67 252 254 127 366 358 319 69 98 
591 285 63 10 85 233 91 67 127 373 319 69 358 335 366 254 
592 233 67 117 285 289 63 10 366 126 358 252 98 127 373 335 319 
593 285 10 67 12 138 117 289 63 25 364 98 252 373 126 254 127 
594 233 85 12 117 285 25 10 67 138 91 127 69 373 366 319 
595 233 67 85 364 12 42 117 91 358 127 252 254 373 126 
596 85 91 63 364 25 126 319 69 373 358 98 
597 63 233 42 285 25 67 364 85 117 69 366 126 254 98 252 
598 285 10 117 233 42 67 91 252 366 373 358 335 319 
599 289 67 85 63 117 91 285 12 98 335 373 366 319 
600 289 91 364 63 67 42 85 117 138 98 319 252 69 366 335 373 
601 12 233 63 138 127 98 358 319 69 366 335 
602 67 117 12 138 63 10 85 254 358 335 252 373 127 69 319 
603 289 12 10 85 91 364 285 138 252 69 373 319 366 98 127 335 
604 285 10 42 12 233 67 138 289 117 98 319 358 
605 12 233 10 364 285 63 117 67 138 91 366 98 252 69 126 319 254 
606 12 25 67 364 285 63 289 10 138 91 127 366 126 69 335 358 
607 289 63 25 85 91 12 10 138 42 126 98 127 252 69 373 254 319 
608 25 233 67 138 117 42 91 364 373 366 126 319 252 69 127 98 335 
609 12 285 233 364 63 10 67 289 69 98 319 254 
610 10 364 67 42 117 138 85 366 358 126 69 373 
611 12 285 138 289 364 10 42 91 373 126 366 358 127 69 254 98 
612 42 12 285 63 233 10 67 117 126 358 98 
613 285 289 10 85 117 67 364 25 138 42 127 126 254 319 358 
614 285 233 10 67 364 12 117 91 127 252 373 98 358 335 69 
615 285 85 12 25 91 366 98 69 373 335 
616 12 10 25 285 233 252 126 254 98 127 358 319 
617 285 10 12 85 289 63 42 91 366 98 358 319 252 254 335 373 126 
618 289 63 10 42 12 117 233 138 127 252 366 98 358 319 254 
619 285 233 138 117 289 91 364 366 373 358 127 252 126 
620 12 285 10 289 63 117 42 364 127 69 373 254 335 319 
621 285 117 12 138 91 364 25 233 85 254 358 373 127 366 126 98 335 
622 12 285 233 117 138 42 91 373 126 98 252 335 69 366 
623 285 289 138 25 10 42 126 319 69 373 366 335 98 
624 285 364 12 85 289 91 319 252 358 69 373 
625 289 42 10 138 91 63 233 67 85 126 366 319 127 373 358 
626 25 10 364 289 138 42 85 127 252 69 373 126 358 319 
627 85 364 285 63 10 319 252 69 373 358 
628 12 67 117 10 85 285 138 69 335 373 366 98 319 
629 12 10 138 285 289 63 67 42 25 364 335 127 252 366 319 373 254 98 
630 12 25 233 10 42 285 289 63 85 127 126 366 69 319 
631 63 233 285 289 335 252 69 373 98 
632 117 289 63 233 138 25 10 42 85 373 366 126 254 358 127 69 
633 25 233 63 138 85 91 69 126 254 358 
634 25 233 67 12 10 138 42 117 364 289 366 254 98 358 69 
635 10 42 91 285 85 364 12 63 25 233 138 69 98 252 366 126 358 335 254 
636 25 10 91 289 63 85 364 373 366 335 319 127 254 
637 285 233 12 138 42 85 91 364 289 25 10 67 127 252 
638 289 91 364 233 10 67 138 254 358 69 126 319 
639 285 63 233 12 10 138 364 366 98 358 127 252 373 254 319 335 
640 67 91 12 285 233 10 42 63 25 138 366 98 335 127 252 69 
641 63 25 67 285 138 85 69 373 319 127 358 
642 63 25 138 91 364 10 42 366 358 335 252 69 98 
643 63 42 289 25 233 67 91 10 117 364 252 126 319 366 254 98 358 
644 12 10 117 25 233 138 91 289 63 364 127 126 358 319 252 69 
645 12 42 289 25 85 233 10 117 364 69 373 252 98 127 126 
646 138 117 12 289 10 25 67 42 364 254 69 319 252 126 335 
647 42 289 10 117 91 364 285 63 233 67 138 127 373 254 98 319 69 126 358 
648 289 67 10 85 285 117 364 126 335 127 252 98 358 366 
649 12 25 85 117 289 63 10 67 364 91 69 126 98 127 373 335 366 254 358 
650 285 233 364 12 63 67 42 117 91 126 98 252 366 254 335 
651 10 233 42 12 285 289 67 126 252 366 358 254 98 
652 42 289 138 91 233 67 117 364 127 252 373 98 
653 12 289 138 42 117 91 25 67 63 364 373 126 319 252 254 98 358 
654 233 117 364 25 42 63 10 91 127 69 98 252 335 319 366 
655 67 117 285 233 85 289 63 138 42 91 364 126 366 252 373 98 319 
656 12 289 91 285 42 319 69 373 358 127 254 
657 67 12 289 233 138 117 25 10 91 364 126 373 366 335 127 252 254 358 319 
658 12 285 63 289 138 42 91 364 98 127 373 366 335 319 252 69 126 254 358 
659 12 25 85 364 289 138 91 233 67 252 373 366 126 254 98 335 319 
660 233 85 117 285 63 25 91 373 366 335 69 126 254 
661 42 85 117 285 138 364 12 10 67 69 373 254 
662 289 25 67 12 138 117 285 10 85 252 69 335 366 126 254 
663 289 85 117 91 67 63 233 69 126 98 373 366 127 
664 12 25 10 289 285 67 85 117 364 127 366 69 319 
665 42 12 63 285 67 117 364 373 319 69 366 335 252 98 
666 91 12 285 289 117 25 233 254 319 69 127 252 366 358 
667 63 67 117 91 366 69 
668 25 138 12 289 117 63 233 91 364 127 252 358 373 254 98 319 
669 117 12 25 85 91 285 63 67 373 126 127 358 98 335 319 
670 67 12 285 63 364 233 138 85 127 252 69 335 319 373 366 126 98 358 
671 12 289 285 63 42 85 117 364 25 138 91 126 127 252 373 254 98 319 
672 285 25 364 289 63 233 91 12 366 98 319 127 252 
673 10 117 364 285 233 67 138 42 85 91 127 69 366 252 98 335 
674 138 12 285 67 42 364 25 233 10 254 319 127 
675 289 25 117 12 285 233 67 138 42 63 98 127 366 358 319 69 335 
676 233 10 42 85 289 25 138 285 63 117 252 98 127 126 335 69 254 358 
677 12 67 85 138 233 42 364 254 358 335 69 373 126 127 252 366 319 
678 285 67 85 91 12 233 117 10 127 366 358 252 98 319 
679 67 285 91 364 12 138 85 127 69 373 319 
680 12 285 25 67 42 138 85 117 364 289 63 10 252 254 319 373 127 366 98 358 335 
681 67 117 12 285 63 364 25 10 85 91 127 98 358 126 335 319 69 254 
682 233 42 85 91 10 67 364 289 12 252 366 126 254 127 373 98 
683 285 233 117 289 10 138 42 98 319 127 126 335 252 69 254 
684 63 25 10 67 138 364 233 42 69 373 366 319 126 
685 12 285 85 91 67 42 117 364 373 319 126 98 358 335 127 252 69 
686 285 364 138 42 85 91 289 25 10 98 335 373 254 252 
687 289 67 138 12 63 233 91 364 10 85 117 252 98 358 127 366 126 373 
688 12 63 233 117 91 289 42 85 364 25 138 126 358 319 127 252 69 373 
689 289 364 10 67 117 63 42 85 127 252 358 335 69 373 366 
690 12 63 25 10 91 364 285 42 117 127 252 335 373 126 254 
691 233 85 285 289 63 10 117 67 91 358 335 69 366 
692 42 91 285 25 289 10 138 117 127 69 98 126 252 373 
693 12 63 91 10 67 138 42 85 252 254 98 366 127 69 
694 63 85 117 25 91 366 254 358 127 373 98 
695 285 289 233 10 67 42 85 117 127 252 254 358 373 319 
696 285 289 10 12 233 138 85 127 366 252 98 358 319 69 
697 285 289 63 10 42 85 117 12 233 67 364 252 366 254 319 127 69 98 358 
698 67 85 12 285 138 117 289 63 91 364 252 319 127 254 373 366 
699 285 233 42 85 12 67 138 364 63 25 117 69 126 335 373 358 366 254 319 
700 25 42 85 91 364 289 233 10 117 67 373 126 319 69 98 358 
701 63 10 285 289 67 91 25 138 42 117 364 373 366 127 69 335 319 254 
702 138 285 67 42 117 12 127 254 69 319 
703 138 364 285 233 42 85 117 335 252 98 319 69 
704 63 10 289 233 117 364 69 254 335 252 358 373 366 
705 138 364 285 233 117 91 12 63 85 373 126 254 252 
706 12 289 63 10 117 364 285 138 42 85 91 252 127 126 
707 12 233 10 91 289 63 67 366 358 319 127 373 98 335 252 
708 285 233 85 364 67 42 12 289 25 91 127 69 373 98 252 358 126 319 
709 10 67 42 12 233 138 117 358 127 69 126 252 98 
710 289 10 42 85 67 138 25 233 127 252 366 319 358 335 
711 289 12 233 91 25 138 85 364 319 69 373 98 
712 12 25 67 117 289 233 91 373 358 69 126 98 335 
713 285 10 42 85 25 138 91 12 233 67 364 319 252 69 254 366 126 
714 25 67 42 117 289 10 91 69 358 335 319 254 98 366 
715 12 364 285 85 289 117 373 366 98 358 127 254 335 319 
716 12 10 67 117 289 25 233 85 69 254 358 319 127 126 98 
717 285 233 67 12 85 63 25 138 117 91 364 358 335 373 254 98 
718 25 117 12 289 42 85 10 138 252 69 358 127 335 319 
719 364 25 12 285 289 10 67 127 366 254 98 358 69 252 373 335 319 
720 63 138 67 42 12 285 10 85 117 364 127 252 69 366 254 98 373 126 
721 117 364 12 63 67 42 335 69 126 98 319 
722 42 25 10 233 85 364 366 98 127 252 126 358 69 335 
723 289 67 117 10 364 285 127 366 98 252 126 
724 285 233 117 91 67 364 366 69 254 252 
725 285 289 10 25 233 138 12 42 373 98 358 127 252 254 126 
726 233 138 91 285 85 63 42 364 373 335 252 358 69 126 254 98 
727 289 85 117 364 285 233 127 373 98 126 254 358 
728 25 364 117 91 138 42 366 335 98 252 69 126 
729 63 67 138 85 91 12 289 25 117 364 252 335 
730 233 364 289 85 285 67 117 127 98 319 252 373 69 366 126 254 
731 138 63 67 117 91 85 252 69 126 98 366 335 
732 12 10 67 91 25 85 358 373 254 335 319 126 
733 67 63 25 85 289 117 127 98 252 366 254 319 
734 12 289 63 138 117 67 91 42 364 252 98 335 319 
735 285 289 364 67 91 63 138 98 335 127 358 319 373 
736 233 85 117 91 364 285 289 63 10 67 138 69 358 335 366 
737 12 10 67 85 289 233 63 138 117 126 254 69 373 335 252 
738 63 25 67 42 91 85 364 69 319 373 98 358 
739 85 91 233 42 117 12 285 25 10 127 126 254 252 98 319 
740 289 233 42 117 63 25 138 364 254 252 366 98 358 127 373 335 
741 289 25 85 12 285 138 42 91 364 63 117 69 254 127 373 126 
742 285 289 117 91 25 233 85 364 63 10 67 127 252 254 98 335 319 
743 285 10 91 289 63 25 138 42 127 98 335 319 252 373 254 
744 63 25 10 138 289 91 373 127 126 358 319 
745 91 12 289 63 10 117 364 233 85 127 69 126 254 98 373 319 
746 12 285 117 25 67 138 85 91 126 358 335 127 366 254 319 
747 285 138 67 42 91 289 63 10 85 364 127 252 98 366 254 126 358 
748 67 85 91 12 10 117 289 233 254 127 252 373 366 126 
749 285 63 10 233 138 85 12 117 127 373 126 319 252 366 254 358 335 
750 63 10 138 12 67 85 117 233 126 98 254 366 358 319 
751 63 25 364 12 67 138 91 285 85 117 69 366 126 98 319 254 358 335 
752 289 117 12 63 138 285 67 85 69 335 366 98 127 254 358 
753 285 42 12 25 10 85 63 138 117 252 373 98 335 127 254 358 69 126 
754 285 233 67 138 42 63 10 364 117 373 358 252 254 127 366 
755 12 63 10 289 67 138 364 25 233 42 117 366 254 335 69 98 319 126 358 
756 67 285 117 289 63 25 127 126 98 366 335 
757 138 85 63 117 285 289 233 67 42 91 373 366 254 319 127 252 126 358 335 
758 12 233 91 364 63 25 42 254 335 252 366 358 319 
759 233 42 85 91 252 254 98 335 127 69 366 358 319 126 
760 12 364 138 233 10 67 127 126 98 335 319 
761 63 25 364 285 91 126 98 358 319 127 
762 233 91 364 285 63 10 67 138 85 69 358 335 319 252 127 126 
763 25 285 289 63 42 91 364 69 366 127 373 98 358 319 
764 233 42 85 12 285 364 289 25 67 91 69 373 366 126 358 127 335 
765 285 289 25 233 12 85 117 91 364 67 42 252 373 126 319 127 254 98 
766 285 233 138 364 289 42 117 91 252 126 98 127 254 373 
767 67 138 233 10 117 12 63 254 366 
768 289 25 233 42 63 10 67 117 285 12 91 127 252 373 366 254 98 319 126 
769 67 138 42 91 233 364 10 85 252 366 98 373 126 254 358 319 
770 10 63 117 285 138 127 98 126 335 366 
771 12 233 91 285 25 67 117 63 10 364 358 252 69 126 254 
772 233 10 67 285 289 138 25 85 91 98 358 319 
773 42 285 233 67 12 63 85 98 252 373 126 358 
774 233 85 117 285 10 91 364 127 252 373 126 358 319 335 
775 285 138 85 91 233 67 42 117 373 126 335 127 69 98 319 252 254 358 
776 25 10 138 364 285 63 67 42 91 366 126 358 335 69 373 319 
777 10 138 85 289 285 252 126 373 254 127 366 335 
778 285 289 233 85 91 12 10 335 98 319 
779 63 25 10 42 117 364 12 285 233 85 254 98 335 69 373 366 126 358 
780 12 285 138 42 85 10 67 69 254 358 319 127 252 373 366 
781 12 289 138 85 117 42 91 364 366 98 69 254 
782 285 63 25 10 117 289 366 254 98 127 69 335 358 319 
783 10 42 117 63 91 366 126 254 98 319 252 127 
784 12 42 233 10 138 91 126 319 127 252 366 254 
785 289 25 10 138 85 91 233 42 364 117 252 254 98 69 373 366 358 335 
786 63 42 85 91 364 233 10 69 98 319 127 254 
787 285 10 67 85 12 69 126 254 252 335 
788 25 10 364 285 289 67 42 85 233 127 252 254 69 373 335 358 319 
789 289 63 117 364 12 91 252 319 69 126 358 335 
790 63 233 85 117 285 10 91 67 42 373 366 69 358 
791 12 10 85 91 289 63 25 67 285 42 364 69 254 98 127 126 319 
792 63 138 117 233 285 25 358 335 127 69 366 126 319 252 98 
793 285 91 12 25 233 10 67 85 289 252 69 366 126 319 
794 10 138 117 91 12 63 42 85 285 25 127 373 366 126 
795 289 91 364 12 138 42 85 117 63 25 67 373 319 127 335 69 366 254 
796 25 42 85 12 63 138 117 91 285 233 10 67 127 366 358 319 126 335 
797 25 10 85 117 63 138 69 126 335 366 127 98 358 
798 138 42 117 63 10 98 366 126 319 
799 233 63 364 10 42 69 126 98 254 335 127 373 366 358 
800 12 25 233 10 289 91 285 373 366 126 127 252 358 98 
801 63 85 285 25 233 117 289 10 138 364 69 373 126 335 319 
802 63 10 42 85 364 67 285 233 138 127 335 319 252 373 98 358 
803 12 63 10 42 91 289 25 366 335 254 252 358 
804 12 285 289 117 364 127 366 358 319 252 126 
805 12 67 91 138 42 364 127 252 98 335 69 
806 25 138 63 233 289 373 254 127 252 126 319 
807 285 25 10 85 364 63 233 138 117 91 127 373 366 335 319 98 
808 85 12 285 63 91 233 10 42 127 254 335 252 69 98 373 
809 42 364 285 25 12 233 10 138 127 69 335 319 373 358 366 126 
810 63 67 364 285 10 85 91 127 252 366 335 
811 12 10 233 42 364 67 127 69 358 319 373 98 126 335 
812 10 85 12 285 42 138 366 335 127 373 
813 85 117 12 285 10 63 127 252 69 373 254 98 358 335 
814 289 233 91 285 10 85 12 25 252 373 366 319 358 
815 42 364 285 25 69 366 98 358 319 127 
816 12 233 10 67 42 117 91 289 364 98 252 69 373 126 319 254 335 
817 289 25 12 285 42 85 364 127 252 335 69 319 126 358 
818 289 10 364 233 138 127 366 254 319 69 335 252 358 
819 12 85 285 42 63 25 233 10 138 91 366 127 252 69 254 98 335 358 
820 85 285 233 10 91 127 373 126 98 366 319 
821 10 138 91 12 285 25 233 364 69 319 252 373 366 98 
822 138 42 85 91 12 289 233 10 67 69 366 126 254 98 358 127 373 
823 91 364 289 63 25 10 233 85 252 319 373 366 69 
824 12 10 138 289 91 67 85 364 69 254 358 127 373 366 98 
825 289 25 67 285 42 85 373 366 254 126 335 358 319 
826 285 233 42 25 10 138 373 335 127 69 366 126 
827 67 138 42 364 12 289 63 91 233 126 127 252 254 373 
828 289 42 85 364 12 285 117 63 233 67 138 69 254 358 319 127 373 98 
829 63 10 67 85 289 117 25 364 69 127 254 252 126 98 358 
830 63 42 117 364 12 25 138 285 233 126 127 69 358 254 319 
831 63 233 138 85 117 25 67 91 254 335 127 69 
832 12 285 289 67 42 63 233 69 126 366 254 98 319 
833 285 233 117 10 67 98 319 69 366 254 252 373 
834 12 63 233 67 117 289 42 91 10 98 252 69 335 127 373 
835 138 285 63 25 233 42 117 364 373 254 252 366 126 98 319 
836 285 91 138 233 252 69 373 358 366 254 98 
837 10 138 85 285 91 252 126 335 127 69 254 358 319 98 
838 12 25 117 364 91 63 10 138 69 335 252 366 358 373 
839 10 67 117 63 138 91 252 319 127 98 335 69 366 358 
840 12 285 63 138 42 364 233 10 91 127 252 366 319 69 373 126 
841 233 67 138 85 91 285 42 63 366 358 127 69 373 126 335 319 98 
842 289 138 117 63 85 12 285 233 10 91 366 126 319 252 254 98 358 
843 12 63 85 364 67 138 42 289 69 373 126 98 358 319 
844 117 364 285 289 138 63 25 233 12 91 358 69 373 319 126 
845 12 285 233 67 91 364 25 138 85 117 254 358 335 98 
846 12 10 63 25 233 85 285 289 67 117 364 252 69 373 254 358 319 366 126 
847 85 117 138 91 364 285 289 233 252 126 254 98 
848 285 233 91 364 289 25 42 67 85 117 252 126 69 98 254 335 
849 67 138 117 12 233 85 364 285 289 42 91 126 254 319 373 98 252 366 358 
850 91 12 63 138 252 366 335 
851 285 289 85 91 10 63 233 42 252 373 254 335 319 127 126 
852 12 42 91 364 289 10 127 373 252 366 98 335 319 
853 289 25 67 85 364 117 285 233 138 254 98 319 252 373 126 335 
854 285 289 10 85 117 364 42 91 373 126 358 319 127 366 69 335 
855 25 233 67 138 117 12 289 364 127 252 366 126 254 373 358 
856 63 42 91 12 25 233 67 138 69 373 335 366 254 358 319 252 126 
857 233 138 91 285 25 42 85 289 63 10 67 69 358 252 126 335 373 
858 289 63 42 67 138 85 364 10 127 373 69 366 254 126 98 
859 285 63 25 233 289 42 67 12 85 117 319 127 373 126 254 69 366 98 
860 117 289 10 42 85 285 233 67 138 91 364 366 69 319 252 335 
861 12 67 42 138 85 117 285 127 69 126 252 366 335 
862 12 364 138 42 117 285 289 25 69 366 254 358 335 373 126 319 127 252 
863 25 138 91 364 12 10 67 289 233 117 127 69 319 366 98 358 254 
864 63 42 91 289 364 233 138 319 366 254 98 127 252 373 
865 85 117 289 63 91 373 335 127 252 366 358 319 
866 138 42 91 67 63 233 85 117 127 319 373 126 254 98 358 69 
867 289 67 138 85 42 117 91 285 10 364 69 373 358 127 252 366 254 
868 12 10 67 85 364 42 25 117 127 98 254 335 69 
869 63 10 67 42 85 91 12 285 289 252 366 98 127 358 335 319 
870 289 138 42 85 10 117 364 285 233 67 91 252 69 366 254 98 127 126 335 319 358 
871 289 233 67 138 117 285 25 10 85 91 42 12 252 366 254 373 126 
872 12 10 42 67 364 252 366 126 358 98 127 69 335 
873 285 63 364 12 10 138 25 67 42 358 69 126 335 319 373 98 
874 233 285 364 85 335 127 254 358 
875 285 138 117 67 364 10 85 91 127 98 358 252 373 366 254 
876 285 138 91 63 85 117 289 67 364 127 373 254 252 69 98 358 366 
877 285 42 25 117 289 10 138 252 69 319 373 254 
878 285 25 233 138 85 117 289 67 127 254 319 252 69 366 358 
879 85 67 285 63 138 91 69 373 319 366 98 126 
880 12 10 85 91 289 67 138 364 285 63 127 252 69 126 254 
881 12 63 285 289 233 10 138 85 117 127 126 254 319 98 366 
882 63 117 67 138 252 358 335 319 127 69 
883 289 233 10 285 63 138 42 117 364 69 98 127 252 358 126 
884 25 138 117 12 10 364 63 42 85 366 358 335 319 127 
885 289 67 138 42 91 12 285 10 117 364 25 233 85 254 319 127 126 98 335 
886 289 25 138 364 67 85 252 69 254 335 319 127 98 373 
887 63 85 117 91 12 233 42 285 25 364 127 373 366 319 254 335 252 126 
888 233 10 91 63 25 364 85 12 127 373 335 252 366 126 254 319 98 
889 67 42 12 25 10 138 117 364 63 233 91 373 366 126 98 127 252 
890 138 12 117 285 233 364 127 366 254 98 69 126 319 335 
891 285 91 12 289 233 138 10 42 85 117 364 366 373 98 335 252 69 254 358 319 
892 12 285 10 138 42 25 233 117 364 127 252 366 254 
893 12 285 63 364 289 25 233 67 85 373 
894 25 233 67 117 10 42 12 285 63 364 252 127 366 98 319 373 126 
895 85 364 25 10 67 117 252 373 126 254 98 358 69 335 
896 63 25 67 42 364 138 117 12 285 289 91 252 373 366 358 69 98 
897 67 12 10 138 117 289 25 42 98 373 254 69 358 
898 289 117 91 12 233 285 42 364 252 373 254 98 358 127 319 
899 10 285 233 117 91 12 67 138 42 85 364 69 126 319 252 373 358 
900 289 233 85 42 63 25 138 91 252 69 373 335 366 98 319 
901 63 10 364 67 42 85 127 373 98 358 335 
902 285 63 138 42 289 233 10 85 364 252 127 126 98 69 366 
903 12 67 85 289 63 233 117 285 10 138 126 252 373 
904 12 63 25 91 364 285 117 233 10 138 98 358 127 252 126 254 
905 285 233 63 85 67 138 117 127 366 254 98 358 319 
906 63 67 138 42 85 117 364 12 289 25 285 366 254 358 335 319 127 
907 63 12 233 117 42 364 254 98 358 252 319 127 373 
908 10 364 12 138 42 25 233 366 127 69 373 
909 67 85 63 42 364 12 285 25 117 91 252 366 98 127 69 254 
910 289 63 138 42 10 85 364 12 117 91 69 373 126 319 252 358 
911 63 10 25 138 42 85 289 117 91 364 69 126 319 252 366 254 98 127 373 335 
912 289 42 364 25 233 138 91 10 85 12 69 319 373 366 98 335 254 
913 117 91 233 285 138 42 364 252 69 254 335 319 
914 91 364 138 85 63 10 67 117 373 366 98 358 319 254 
915 63 67 42 12 85 285 289 25 138 91 127 254 358 319 
916 285 289 25 42 63 67 364 233 85 319 127 252 373 366 254 126 
917 67 42 289 85 285 63 233 252 335 319 373 
918 138 91 285 289 63 10 12 67 69 335 319 127 366 254 252 373 126 
919 233 10 138 42 289 67 85 285 25 373 98 252 69 366 126 319 
920 12 289 67 364 233 42 91 25 10 127 366 98 373 254 335 319 69 358 
921 10 67 117 285 63 289 25 85 126 98 373 319 
922 12 85 91 289 42 364 285 127 373 366 358 69 126 254 98 
923 10 67 85 12 138 117 42 366 319 69 254 335 127 373 126 98 358 
924 63 10 25 42 85 289 233 91 366 127 252 254 358 319 
925 10 67 42 364 285 289 138 12 63 233 117 69 366 98 335 319 
926 233 138 42 364 25 117 63 85 69 358 127 319 373 366 
927 117 63 25 233 10 67 364 285 289 138 42 91 373 98 358 366 319 
928 289 85 285 42 67 138 91 69 127 254 319 335 
929 12 10 91 285 25 67 117 364 289 138 373 126 98 319 254 358 
930 233 25 42 117 12 289 63 138 91 252 69 366 126 254 98 335 
931 285 289 10 67 91 138 233 42 117 69 366 358 98 335 
932 289 63 10 364 12 285 233 85 91 69 254 98 335 252 126 319 127 373 
933 233 138 117 91 12 85 127 254 358 319 252 69 98 
934 285 138 42 91 10 85 117 252 98 319 127 69 126 358 
935 233 42 289 138 85 364 126 319 98 366 
936 233 42 117 12 25 138 67 364 98 335 319 373 358 252 
937 10 117 12 285 67 42 85 364 127 373 358 252 98 
938 25 233 42 67 85 117 91 252 126 98 69 373 366 319 
939 10 364 67 42 289 117 127 252 373 126 335 358 
940 25 67 285 289 85 10 117 366 252 373 
941 285 289 233 85 91 12 117 69 373 366 254 358 319 
942 289 63 67 85 364 91 117 126 373 254 98 335 366 358 319 
943 25 117 67 364 63 138 127 252 366 126 335 69 98 319 
944 285 289 10 117 12 138 91 364 67 254 126 358 252 366 
945 117 91 12 285 289 25 358 319 252 373 335 69 366 254 98 
946 117 91 63 233 138 85 42 364 69 373 126 254 98 335 252 
947 233 67 285 63 25 12 138 85 117 91 358 319 69 373 126 254 
948 12 285 85 91 233 67 42 364 127 252 69 366 373 358 
949 289 63 285 91 67 85 319 127 252 366 126 
950 117 91 12 25 10 138 42 85 364 126 254 358 335 
951 67 42 117 12 233 364 319 373 366 254 98 358 335 
952 25 67 285 289 63 10 138 85 252 373 366 98 358 254 319 
953 233 10 85 364 12 63 25 67 138 91 98 373 366 335 127 252 69 254 
954 285 117 289 233 10 91 42 69 373 366 127 126 254 98 
955 285 25 233 138 117 364 63 10 289 91 319 252 366 127 126 98 358 
956 85 91 289 233 10 67 138 364 285 63 117 69 358 252 373 366 127 126 335 319 
957 289 138 117 285 67 85 91 42 373 366 254 358 335 
958 67 285 364 12 85 117 127 358 252 366 98 
959 10 85 117 12 285 67 42 127 373 366 126 358 69 252 254 
960 285 10 91 25 63 138 85 127 366 254 98 252 358 69 
961 289 25 233 67 138 42 364 12 285 63 10 117 335 319 252 98 358 
962 289 85 364 285 25 138 127 126 254 98 335 319 373 358 
963 289 63 138 85 364 67 69 366 98 335 254 
964 289 10 117 138 42 85 373 98 127 69 366 358 335 319 
965 12 10 138 42 91 85 117 252 98 127 373 366 126 
966 233 91 117 12 285 25 138 127 252 254 335 319 
967 289 138 233 67 117 91 364 285 63 10 12 252 366 319 373 254 98 
968 63 42 285 67 91 12 117 126 254 98 335 252 373 358 
969 12 63 10 117 91 25 138 42 364 285 85 126 127 69 98 
970 63 91 364 12 289 117 373 98 319 127 254 252 126 
971 67 138 91 364 289 85 63 25 233 117 127 98 252 358 
972 10 138 85 233 67 117 285 25 91 252 254 366 373 126 
973 285 289 117 12 25 85 138 364 127 69 126 254 335 319 358 
974 285 289 67 12 25 42 91 364 63 10 138 358 335 252 366 254 98 319 69 
975 67 12 289 285 25 138 85 117 69 358 373 254 319 
976 117 12 233 138 91 285 63 25 366 126 254 319 69 335 373 
977 12 233 42 285 25 127 252 98 69 126 335 373 
978 233 85 12 285 289 63 67 138 364 117 127 252 366 69 254 335 126 98 358 
979 289 67 364 63 25 85 252 69 358 319 98 335 
980 12 63 285 10 85 335 69 98 319 366 126 
981 12 233 91 63 67 138 364 252 69 373 126 254 98 319 
982 25 233 10 138 42 12 289 67 373 98 319 252 366 335 126 
983 289 63 10 67 117 233 42 69 319 126 335 366 
984 10 233 289 127 98 335 252 366 319 
985 91 233 10 364 127 373 126 254 366 358 335 69 98 
986 10 67 63 25 12 233 138 42 85 127 366 335 69 358 319 373 98 
987 63 25 233 42 285 85 364 12 289 10 67 91 252 254 69 127 
988 233 12 285 289 63 10 67 127 126 335 319 366 98 
989 12 63 67 285 289 233 10 364 42 69 319 127 373 254 98 358 335 
990 42 91 364 63 10 285 289 67 126 254 366 98 
991 285 63 138 289 67 12 98 358 335 319 252 366 126 254 127 
992 285 289 63 85 67 25 138 117 364 98 127 252 69 126 
993 42 285 289 63 10 138 117 233 67 12 127 335 252 126 254 
994 12 233 42 364 63 25 85 117 285 289 138 127 366 126 254 98 319 252 
995 289 63 138 42 117 12 67 91 364 373 254 319 252 126 98 335 
996 12 289 138 10 285 67 85 127 252 98 319 366 126 254 
997 63 25 10 42 91 233 364 254 98 69 373 366 
998 289 91 63 233 85 12 138 366 373 254 335 127 252 126 
999 233 138 85 12 67 117 25 10 364 69 254 373 358 335 
