0 255 44 327 81 76 226 268 31 2 366 112 351 39 9 49 248 371 72 17 363 263 219 5 
1 327 371 219 268 72 31 351 44 9 363 49 366 17 39 226 248 
2 366 327 351 363 248 49 17 39 44 31 
3 327 363 39 17 351 49 112 44 248 76 306 2 31 5 68 
4 255 327 248 31 371 17 49 2 219 351 112 263 5 363 
5 219 5 9 351 366 248 31 68 76 49 327 371 17 112 306 363 
6 371 17 255 5 351 68 306 268 2 366 31 327 226 363 219 
7 263 5 371 363 72 31 68 255 219 17 226 39 9 112 
8 248 226 366 255 306 9 371 81 31 49 363 219 263 5 76 
9 248 5 9 219 81 39 72 112 255 363 49 31 327 68 371 2 306 226 
10 255 39 44 68 76 112 263 248 268 17 81 31 9 219 351 
11 371 76 219 226 268 17 2 327 5 306 49 248 263 31 39 366 112 
12 255 363 2 351 226 39 72 68 76 263 31 248 17 
13 327 17 112 306 366 351 263 268 31 248 371 39 81 76 9 255 2 363 
14 263 219 226 39 306 2 248 366 49 268 112 351 31 5 68 
15 72 31 263 268 81 363 248 44 255 17 9 76 327 
16 306 351 371 49 226 248 72 39 31 81 68 366 76 268 5 263 255 
17 248 366 2 68 327 226 76 17 255 5 39 
18 49 263 363 2 44 268 81 366 248 371 351 226 17 72 112 
19 81 306 2 9 263 76 5 112 248 17 49 219 327 44 
20 263 248 363 68 306 255 17 268 44 351 49 112 
21 9 72 226 39 31 44 5 
22 327 306 17 363 39 49 81 366 44 72 9 255 76 263 
23 76 248 327 366 306 49 81 371 363 255 72 351 5 17 263 
24 226 81 112 2 268 363 219 263 76 68 9 
25 327 263 17 44 226 9 366 76 72 306 219 68 49 2 
26 268 81 2 9 371 72 31 39 248 17 68 327 255 351 306 263 49 5 
27 366 263 17 363 351 81 371 31 248 226 44 112 49 9 306 
28 248 49 351 255 327 44 112 76 5 68 263 39 2 9 
29 248 226 31 219 72 263 76 39 306 81 44 255 268 112 366 
30 263 5 68 306 366 363 248 9 72 76 49 255 327 44 81 2 
31 255 72 49 306 44 371 76 2 81 17 
32 81 68 268 363 306 248 371 2 5 17 366 112 327 49 219 72 44 255 
33 248 366 351 2 9 327 68 306 226 255 76 39 5 112 263 49 
34 306 76 5 44 363 39 9 226 2 327 49 248 17 371 81 255 
35 81 76 68 49 5 327 9 363 371 
36 31 81 76 2 44 68 39 263 306 366 371 112 9 72 
37 72 255 31 219 366 9 112 306 371 263 81 76 327 248 49 5 68 44 
38 327 268 31 226 2 306 39 81 76 363 44 68 219 49 263 248 5 
39 366 81 39 248 72 112 255 31 226 44 306 2 5 
40 17 44 351 268 248 306 49 68 219 39 2 327 76 366 255 9 
41 366 39 351 76 363 263 226 68 371 72 81 306 
42 363 44 5 226 81 112 17 76 327 248 306 72 49 68 268 255 371 366 
43 255 268 219 112 363 2 327 306 49 9 72 248 366 76 5 39 371 
44 327 44 72 9 351 363 306 81 76 226 255 371 39 31 17 112 263 
45 327 226 68 81 5 76 2 9 44 
46 112 5 81 351 49 2 371 76 268 44 248 39 263 9 306 72 363 
47 268 263 219 17 363 306 366 327 76 226 9 371 112 44 68 
48 255 49 268 248 17 327 81 76 366 5 72 31 263 306 226 68 371 112 363 39 
49 371 5 112 68 263 81 72 31 306 248 2 
50 255 366 9 263 363 31 248 371 219 44 306 5 81 268 17 327 68 
51 248 112 44 306 39 263 255 9 72 351 2 
52 72 219 268 112 68 76 9 363 81 49 39 366 263 44 
53 72 5 371 226 263 68 366 327 2 255 31 219 
54 255 363 306 72 31 327 366 49 44 112 76 39 68 226 371 
55 327 17 81 351 44 112 49 263 31 5 72 2 255 363 76 
56 327 72 366 219 39 248 306 226 263 9 112 
57 31 306 72 255 219 49 9 68 268 363 76 371 263 17 44 
58 255 226 68 371 72 17 9 366 248 112 76 268 2 39 327 
59 255 5 268 219 263 17 327 81 366 76 31 72 49 44 248 306 
60 31 9 226 263 112 327 268 255 68 219 39 44 248 351 72 363 81 76 371 
61 263 226 31 81 268 39 363 248 351 255 44 5 371 219 2 9 366 
62 255 327 248 39 219 351 366 226 17 49 2 263 306 112 363 72 5 268 
63 306 68 219 112 255 363 81 39 72 366 31 9 
64 255 68 72 268 306 363 327 81 49 17 44 31 112 226 2 
65 39 371 268 366 2 248 327 72 5 68 255 81 351 44 263 
66 31 44 248 2 17 81 363 263 219 5 371 49 72 112 255 327 
67 366 112 248 226 49 268 68 351 44 9 2 72 263 81 5 219 255 
68 68 248 268 351 44 226 306 366 72 363 327 9 
69 263 68 72 351 76 363 248 371 226 255 327 5 49 
70 306 366 268 327 5 263 81 31 248 112 219 72 39 
71 248 39 68 49 2 112 351 76 5 306 72 17 44 371 327 
72 366 255 327 17 112 76 268 9 31 226 306 68 
73 255 31 9 219 248 44 268 366 112 363 263 371 351 226 68 17 
74 17 268 371 81 49 306 112 5 263 248 219 72 39 366 327 76 
75 248 81 72 263 371 112 44 17 76 226 255 351 49 
76 351 39 68 366 248 49 2 76 263 81 44 17 31 
77 363 31 226 49 219 44 76 2 72 81 351 255 248 
78 72 44 219 306 366 68 39 5 327 9 248 363 17 
79 306 81 219 44 327 31 2 17 366 255 9 371 112 226 248 
80 263 363 5 72 44 327 366 248 17 81 49 39 9 31 
81 255 81 31 39 363 2 306 72 68 49 248 219 371 327 226 268 112 263 
82 226 327 351 31 219 255 72 263 363 268 49 39 44 5 9 17 
83 39 81 31 248 351 2 112 9 371 268 306 76 5 219 49 
84 81 76 44 363 366 17 49 371 219 263 255 72 226 2 
85 327 44 9 371 366 268 81 255 219 17 31 39 248 49 226 263 112 
86 219 17 39 306 226 2 68 351 248 255 327 9 363 
87 327 363 268 5 366 248 44 68 72 351 31 
88 263 17 81 72 255 68 268 248 327 366 49 363 351 
89 31 268 39 2 371 363 76 263 327 248 306 81 112 
90 31 351 2 17 363 268 68 81 49 226 371 
91 255 72 2 112 68 31 226 248 351 44 327 5 76 366 9 306 
92 219 68 363 327 76 226 5 49 2 248 255 306 351 72 44 
93 31 351 49 2 226 219 17 263 371 306 366 44 9 
94 81 351 263 44 68 363 76 49 5 306 219 31 17 
95 112 366 72 226 76 306 255 17 263 44 68 5 81 2 39 
96 327 248 5 112 306 81 44 68 219 268 371 366 17 263 226 39 
97 5 306 263 76 248 351 363 17 49 226 44 327 219 366 31 
98 255 76 72 268 49 363 81 9 219 17 351 2 44 
99 248 44 226 39 268 112 366 72 351 68 263 9 371 76 49 
100 31 268 9 72 351 39 327 371 76 255 112 81 366 
101 2 112 39 363 248 76 219 327 31 49 263 306 366 17 
102 366 76 44 263 81 327 226 268 112 5 72 219 49 9 
103 255 5 9 219 226 327 306 39 263 371 68 
104 268 81 351 76 68 248 49 226 366 363 44 72 255 263 9 
105 219 226 263 363 49 268 9 371 351 2 39 248 31 76 
106 327 112 17 255 351 219 72 81 9 226 31 39 49 68 371 363 
107 219 49 31 2 5 366 351 44 81 327 268 17 76 248 255 263 72 
108 248 371 31 49 263 268 219 351 306 5 39 226 9 327 
109 248 5 39 68 72 81 263 44 327 17 31 2 76 9 
110 219 76 366 81 226 306 255 363 351 327 5 9 
111 68 49 226 5 9 31 2 351 39 219 327 
112 255 219 327 49 5 371 268 2 9 44 248 17 112 
113 255 226 2 72 17 31 9 219 81 49 248 306 112 327 68 
114 255 31 44 268 366 112 2 226 327 68 72 17 9 351 49 5 
115 31 363 17 263 219 44 351 39 371 
116 81 306 76 363 255 268 327 371 68 112 49 5 9 
117 366 39 219 68 49 2 44 81 226 363 248 31 268 255 327 5 263 
118 112 306 366 72 351 44 327 17 39 31 68 49 255 248 81 
119 255 363 351 76 81 31 44 68 263 268 112 
120 263 17 351 371 9 68 366 72 31 44 39 
121 363 76 226 39 263 268 17 68 306 255 44 49 
122 248 366 72 255 112 351 31 219 226 371 363 68 9 
123 263 351 327 226 44 219 72 268 248 2 39 5 68 
124 81 112 49 219 371 17 351 255 263 76 327 268 306 68 2 39 
125 255 327 363 366 5 72 351 248 112 306 81 226 44 9 31 
126 219 17 263 2 81 76 371 363 351 112 68 
127 255 44 306 366 371 49 2 9 327 363 5 17 
128 371 366 2 363 17 306 49 263 44 68 72 268 5 
129 248 306 219 255 371 112 31 226 76 2 263 81 17 268 
130 255 248 5 2 31 263 371 351 327 363 72 39 226 9 112 366 49 68 219 
131 255 72 9 371 81 219 327 263 17 351 2 363 49 226 5 
132 255 351 68 263 306 366 17 219 31 39 76 248 5 9 327 363 226 
133 255 72 76 226 306 39 351 263 81 31 248 9 366 17 
134 255 327 263 2 76 226 44 248 366 72 49 
135 327 72 112 44 366 306 5 9 31 351 39 68 
136 248 9 219 2 39 68 49 366 112 17 81 76 327 371 
137 255 327 263 268 39 112 31 76 363 2 248 219 226 371 
138 327 2 248 112 226 72 219 31 9 268 39 68 306 44 76 
139 72 68 366 268 5 263 248 81 219 9 49 
140 255 306 31 226 2 248 9 72 76 263 351 366 363 327 268 44 219 
141 255 219 5 363 327 248 68 226 49 371 2 17 268 263 
142 255 39 44 81 351 5 219 9 363 72 31 226 371 76 366 17 
143 81 268 363 68 366 371 248 72 76 351 
144 255 2 268 44 219 5 306 226 248 112 351 31 
145 219 112 39 9 2 44 255 49 31 76 226 366 72 68 81 268 263 17 5 
146 255 351 5 9 363 81 327 68 17 2 226 219 268 49 
147 255 9 226 81 31 219 72 44 371 76 5 327 2 68 39 
148 68 255 2 5 72 112 327 263 49 248 306 76 9 
149 255 306 351 9 2 49 219 5 248 31 226 
150 327 226 2 363 81 268 9 39 44 306 219 17 49 31 68 112 351 366 255 
151 351 366 81 72 9 306 371 263 5 17 327 248 112 2 44 76 31 39 268 
152 255 263 371 81 351 268 306 72 112 44 68 
153 68 112 2 9 268 44 371 49 363 219 226 17 248 255 5 
154 268 2 5 371 351 263 112 76 31 39 306 81 226 17 255 
155 351 81 68 327 363 248 306 49 72 268 44 17 366 112 5 
156 255 31 363 112 44 68 76 2 219 366 351 9 81 49 
157 9 255 327 306 351 263 112 72 44 81 5 219 363 268 248 
158 219 255 112 371 248 17 49 44 327 263 366 
159 366 327 263 255 351 72 112 31 268 248 306 81 363 76 5 
160 255 351 248 219 17 2 112 5 371 31 
161 49 248 72 81 44 219 17 363 351 2 76 112 327 268 39 226 
162 306 81 263 68 363 366 255 351 2 17 112 76 219 226 371 9 
163 72 39 327 371 76 31 255 9 81 268 68 5 366 49 219 112 226 
164 268 9 327 351 219 49 255 371 39 263 248 44 
165 17 68 327 5 248 226 363 72 366 
166 363 68 76 2 366 72 351 31 44 248 255 81 263 306 268 
167 366 9 268 31 255 39 44 248 76 112 363 306 72 
168 248 68 351 268 263 76 219 255 366 49 2 39 363 327 
169 351 248 306 263 268 81 219 371 31 39 5 72 
170 248 72 81 366 39 68 351 2 17 31 306 44 226 
171 327 263 112 81 39 226 9 306 31 219 2 5 
172 248 31 9 112 226 68 2 72 17 49 255 44 327 76 5 351 
173 263 248 17 81 31 72 351 226 371 219 112 2 39 49 
174 327 112 5 226 219 351 268 44 255 263 366 31 39 
175 248 76 9 363 39 351 366 81 44 226 72 255 31 17 327 49 2 268 
176 72 2 81 5 219 327 248 371 268 68 366 255 31 351 49 9 
177 351 9 68 306 5 268 248 76 31 112 263 219 39 363 
178 255 112 363 39 248 44 226 68 17 76 306 366 31 
179 255 363 39 371 306 31 366 68 72 351 112 2 9 
180 268 327 351 371 112 219 17 81 76 255 49 39 5 
181 112 2 39 9 72 219 49 306 17 371 327 
182 363 2 39 5 226 44 68 263 306 366 9 248 112 268 
183 72 31 219 17 226 44 76 5 371 366 2 263 39 
184 351 39 81 44 5 112 371 76 49 2 255 72 9 68 306 366 219 363 
185 248 306 366 226 31 371 76 17 68 268 255 112 2 44 219 9 
186 363 219 268 2 248 263 9 17 255 72 
187 255 72 268 366 44 81 351 76 2 219 17 363 306 39 5 
188 68 268 17 81 9 366 31 327 363 
189 226 219 44 255 81 39 263 2 268 68 76 72 17 351 
190 248 68 263 371 5 327 2 268 363 44 17 76 351 226 366 
191 44 5 263 351 2 371 72 219 76 363 306 226 327 68 17 268 9 112 
192 363 72 268 255 226 9 76 248 49 5 371 112 39 366 
193 306 112 9 76 268 31 226 248 219 255 327 263 72 363 2 39 5 
194 226 44 263 366 2 268 327 5 219 9 49 363 
195 268 327 81 5 366 17 351 31 226 44 248 112 68 255 9 
196 351 39 81 76 44 219 72 226 31 2 9 306 112 5 371 
197 306 17 268 68 112 263 5 72 76 366 255 226 44 248 81 9 371 219 2 
198 255 39 49 226 306 68 112 5 76 366 363 31 9 371 81 351 263 248 44 
199 263 255 306 76 363 72 49 31 2 248 112 366 17 219 351 9 81 226 268 68 
200 255 76 49 268 17 39 112 31 81 44 68 363 9 248 226 306 371 5 
201 2 76 112 306 81 17 68 351 44 263 363 72 371 248 5 
202 226 44 306 2 81 219 268 39 31 5 327 72 351 255 
203 255 363 76 39 17 5 68 226 44 371 366 31 219 2 263 72 
204 306 363 327 112 226 68 72 5 
205 44 371 219 31 263 306 351 112 268 39 366 248 9 81 49 
206 248 371 81 112 363 327 351 39 2 366 72 263 268 9 17 5 219 49 
207 17 2 327 76 268 39 44 68 49 219 363 306 112 351 263 
208 255 112 2 44 5 248 351 268 327 39 363 81 
209 68 366 72 5 112 17 327 248 81 268 39 31 219 255 
210 327 72 31 255 306 371 76 248 2 268 263 81 219 226 49 
211 248 268 44 366 17 112 49 363 371 219 2 
212 31 306 219 49 2 5 76 72 112 17 327 363 366 351 263 44 
213 351 49 9 44 112 248 306 268 2 17 327 
214 255 17 31 81 351 363 226 268 76 263 44 39 9 306 112 
215 255 76 31 72 81 2 39 351 9 371 366 268 363 
216 72 226 306 17 39 5 219 81 255 327 268 248 9 366 76 68 
217 366 5 351 68 39 9 81 263 363 248 72 17 49 44 76 
218 72 306 76 17 2 9 371 39 81 363 248 327 5 268 
219 263 226 44 219 366 76 72 351 9 68 112 248 363 31 268 
220 68 366 17 263 31 226 306 219 268 363 255 72 2 
221 366 248 17 68 363 268 351 226 9 371 44 76 255 5 219 
222 327 248 112 31 44 39 68 371 351 255 2 5 363 306 76 
223 263 72 248 219 327 255 49 5 351 31 226 68 76 39 9 371 366 2 81 
224 255 366 112 306 219 9 268 72 39 2 68 
225 327 351 68 371 366 112 39 226 2 306 31 268 5 263 
226 72 219 76 81 2 306 5 9 351 44 327 255 268 263 371 68 112 49 
227 49 5 112 371 219 31 306 2 81 44 351 268 72 17 263 
228 255 248 31 366 263 306 371 44 112 2 49 81 327 363 39 68 5 
229 363 268 327 9 39 306 351 263 219 81 255 112 226 76 
230 371 268 327 39 5 68 17 31 226 44 
231 268 226 76 44 2 68 17 31 5 366 9 112 
232 219 351 81 112 9 371 72 327 248 363 306 39 68 31 
233 248 2 44 49 17 351 68 39 363 219 72 255 371 366 76 226 
234 31 327 72 112 366 81 9 306 2 5 226 351 371 49 255 17 39 263 
235 255 351 76 2 81 306 371 268 39 363 112 226 263 327 49 
236 363 351 68 219 366 17 39 327 5 72 76 263 226 9 112 2 268 255 
237 49 268 5 351 44 68 371 9 112 31 219 306 2 
238 248 219 9 2 44 39 366 255 72 81 112 268 363 68 
239 2 44 9 49 5 263 366 363 76 306 17 39 31 255 
240 112 39 263 49 2 219 5 248 363 68 81 31 327 17 226 9 
241 248 49 366 31 39 81 76 44 72 363 327 226 306 2 268 
242 31 219 76 248 268 351 49 39 44 9 371 112 
243 81 255 72 268 327 68 219 17 351 76 248 39 2 5 
244 17 68 255 81 49 9 327 2 268 76 363 219 72 
245 371 366 9 31 268 68 72 5 248 351 81 44 
246 255 363 72 351 2 268 39 5 68 366 248 371 219 76 226 327 263 31 9 
247 263 31 226 306 49 268 44 327 68 351 366 39 219 363 
248 268 306 219 17 76 2 9 351 39 248 327 371 44 81 
249 255 263 351 248 268 371 366 327 72 17 76 112 306 81 44 5 9 
250 255 81 306 49 9 72 327 39 76 263 366 371 351 31 268 363 
251 255 268 81 31 39 44 363 17 327 219 112 248 371 76 49 226 2 
252 255 363 17 112 76 366 9 268 263 39 5 68 72 
253 76 2 39 219 5 351 72 9 44 263 268 363 306 112 
254 306 248 76 363 5 9 68 219 49 44 72 268 351 263 371 17 226 
255 255 363 268 112 219 17 351 327 9 68 248 366 371 72 49 2 
256 263 268 226 44 306 5 363 112 351 31 68 17 371 
257 112 2 219 5 39 68 72 226 366 351 76 31 44 248 306 17 255 263 
258 81 351 9 112 76 39 31 263 248 371 327 363 2 
259 226 263 9 72 112 76 5 363 39 371 17 306 219 327 366 268 
260 76 44 49 9 112 72 81 39 306 68 31 371 226 366 5 263 2 
261 255 5 39 363 9 72 112 263 371 44 17 76 366 
262 248 68 5 363 226 72 81 44 76 351 306 371 49 263 327 31 
263 306 219 366 248 17 5 49 226 81 76 371 268 72 31 39 363 
264 263 219 112 31 44 226 255 5 17 81 268 2 366 9 76 39 
265 255 363 226 5 248 306 17 81 263 72 2 39 44 327 
266 255 327 112 226 39 68 219 351 363 81 17 268 5 248 9 371 2 
267 17 112 39 306 9 68 72 44 263 366 248 81 5 351 226 327 
268 248 306 31 219 327 5 371 49 363 81 2 39 366 72 226 268 9 263 112 255 
269 363 366 268 226 5 263 17 31 44 112 49 371 
270 255 351 31 219 72 39 306 49 81 76 226 263 268 363 371 112 327 68 248 
271 255 81 226 2 5 49 371 31 366 39 44 68 219 248 17 76 
272 219 112 31 49 255 76 327 72 268 39 263 306 366 81 351 5 
273 9 351 327 49 226 44 76 31 2 268 112 39 219 
274 255 363 226 68 248 351 81 219 366 49 112 306 17 76 
275 268 306 72 17 44 9 68 366 255 351 49 112 248 371 2 363 
276 263 268 68 248 306 219 81 39 371 
277 219 5 76 2 327 371 226 81 31 
278 219 255 2 306 9 248 366 17 39 72 112 363 
279 366 39 68 255 351 5 72 219 112 2 226 363 268 76 
280 17 226 351 9 371 76 112 68 255 31 39 49 263 2 5 
281 263 268 31 366 112 76 17 72 49 255 5 9 
282 81 263 49 5 76 44 39 371 68 226 366 31 
283 112 263 268 39 31 255 5 371 81 44 306 366 17 351 219 72 76 
284 72 76 5 81 351 112 9 17 255 68 263 49 363 2 248 366 327 
285 255 5 268 68 248 371 49 327 2 9 81 31 219 363 
286 248 9 306 366 49 44 68 255 226 2 219 112 268 72 31 371 81 327 363 
287 248 44 263 371 49 2 268 76 68 17 351 5 
288 255 371 219 351 9 39 68 112 2 44 306 49 366 226 363 5 
289 327 219 81 76 306 17 112 49 248 263 5 351 
290 363 2 263 327 112 76 366 268 17 81 219 351 72 255 9 
291 255 39 327 351 68 268 363 17 2 5 306 
292 327 371 219 17 5 363 72 9 39 31 49 255 76 2 68 366 112 226 
293 363 268 327 248 351 76 2 39 81 112 72 68 44 5 219 
294 255 72 112 44 248 327 49 31 5 219 306 9 17 39 263 68 
295 363 371 219 72 268 68 306 263 2 17 9 
296 72 226 268 68 5 255 363 351 76 112 2 327 366 81 263 371 
297 255 363 2 5 9 371 31 81 248 226 327 263 306 17 268 219 68 351 112 44 
298 255 327 363 72 17 2 68 248 81 9 219 39 366 263 5 371 
299 371 351 2 5 81 268 31 39 306 327 363 76 44 112 
300 255 363 248 112 226 72 9 268 5 44 371 263 2 17 76 39 81 68 
301 263 112 255 268 9 351 226 248 2 327 306 219 72 76 
302 351 2 248 17 327 5 363 371 112 76 49 226 
303 263 363 268 39 5 68 112 49 17 76 81 226 2 306 371 31 9 
304 39 255 371 76 49 2 5 219 351 68 306 366 263 268 
305 306 366 39 72 31 9 68 219 44 5 371 263 
306 81 39 31 72 49 327 68 263 17 366 44 248 112 2 9 306 
307 255 363 366 327 226 9 72 17 76 39 5 68 306 263 44 
308 219 248 112 49 9 17 81 76 268 327 363 2 306 263 5 68 
309 255 248 81 39 49 68 363 371 351 31 327 76 226 112 219 2 366 
310 76 31 351 263 363 268 219 72 39 44 9 306 112 226 49 371 2 17 68 
311 76 306 366 268 49 68 327 17 5 248 81 31 255 44 371 363 351 72 219 263 
312 255 219 268 9 39 366 76 327 371 2 
313 363 255 306 371 68 366 351 226 44 76 248 327 
314 363 9 72 17 81 2 248 351 31 255 371 226 39 5 
315 219 2 248 351 268 39 327 366 76 68 
316 226 39 17 2 81 248 49 9 68 112 44 
317 255 351 9 327 76 39 44 68 248 306 366 226 268 112 363 49 5 371 263 
318 49 2 68 366 263 371 81 112 327 72 268 306 76 44 
319 255 49 327 31 5 68 9 17 81 226 219 366 363 76 351 268 39 44 
320 255 72 263 327 248 49 68 17 351 76 2 44 306 81 363 
321 327 81 31 268 76 255 5 248 226 9 39 
322 255 17 351 76 306 219 31 371 327 49 39 268 72 2 263 226 
323 39 49 2 81 226 9 306 112 255 248 31 268 72 327 
324 306 68 72 9 371 76 112 268 39 327 263 81 31 
325 112 49 72 76 39 371 351 9 219 366 44 363 
326 39 219 76 44 68 2 17 351 226 112 268 327 49 31 248 
327 2 39 9 31 255 248 76 17 366 363 81 268 68 112 351 219 72 263 327 
328 219 363 263 31 327 351 268 81 68 76 2 49 226 44 
329 327 363 72 31 81 255 371 366 39 351 44 5 9 68 76 226 17 
330 363 5 371 44 268 68 2 9 366 112 31 263 351 76 327 
331 5 371 76 327 226 268 248 351 2 363 31 39 112 44 68 219 366 
332 112 44 81 76 226 68 306 363 49 268 219 263 9 
333 255 327 371 68 248 306 17 112 72 44 9 366 351 268 363 49 31 263 2 
334 76 219 306 263 327 9 371 72 31 248 255 268 
335 17 31 5 76 49 268 351 219 81 371 9 366 363 306 263 
336 306 81 39 68 363 31 263 255 76 2 5 72 327 371 366 
337 49 263 17 351 31 44 39 371 219 2 72 226 327 112 
338 255 363 31 263 39 351 44 68 248 49 112 268 
339 327 363 351 255 219 112 268 306 371 366 226 
340 327 248 366 226 263 76 371 72 112 351 306 2 363 31 39 17 
341 306 72 226 363 366 112 371 81 248 255 39 49 351 219 263 2 44 
342 9 327 76 306 255 49 68 2 226 72 17 5 371 363 31 268 81 
343 248 351 371 255 226 327 366 263 5 68 363 72 306 76 31 
344 72 363 5 263 39 68 9 81 49 44 306 17 112 255 371 
345 327 371 366 76 39 5 9 17 2 219 81 226 351 363 49 112 
346 255 366 39 327 306 226 9 112 44 5 68 219 49 371 2 248 72 
347 255 306 351 248 17 5 76 44 268 31 39 112 68 49 219 81 
348 9 255 112 327 366 49 17 219 31 72 2 268 5 
349 219 327 248 49 5 263 68 255 31 371 39 306 81 76 268 
350 5 9 248 2 306 112 263 49 363 68 371 72 327 17 31 44 
351 306 76 363 219 9 248 366 49 268 39 81 371 112 255 44 5 68 
352 327 31 68 248 49 263 366 2 39 5 72 81 9 363 
353 226 5 327 268 255 17 112 44 306 248 351 371 
354 268 81 39 363 112 68 263 226 72 2 9 
355 112 39 366 17 5 248 306 219 363 263 76 226 2 44 72 
356 68 248 76 9 363 72 5 2 351 39 306 263 17 81 226 
357 255 72 17 44 371 226 263 363 39 351 112 5 81 76 219 366 268 248 2 
358 255 31 81 39 5 366 68 306 371 49 2 76 17 226 
359 255 49 226 219 112 351 31 44 366 248 81 76 268 363 371 
360 255 39 68 371 17 81 31 219 366 112 76 72 363 268 
361 327 366 44 219 81 112 351 72 49 2 226 263 
362 306 81 68 49 5 366 226 76 363 268 17 31 112 
363 44 68 248 31 81 366 17 72 39 351 268 327 5 
364 49 81 366 351 327 68 72 5 306 17 112 263 226 371 76 9 31 
365 44 112 39 306 351 17 2 327 5 68 76 
366 219 5 72 39 49 2 44 327 255 366 268 9 226 363 306 
367 306 76 49 226 5 255 68 112 363 17 351 248 72 9 
368 327 263 371 112 2 248 366 49 219 31 5 81 306 363 351 226 
369 49 44 366 219 81 112 226 2 263 76 9 248 327 371 5 
370 255 39 76 371 226 5 263 327 72 31 268 363 351 49 
371 255 226 39 351 263 248 327 112 2 219 76 49 17 
372 255 327 68 306 76 81 72 268 366 219 49 9 
373 17 76 72 81 112 9 363 371 366 306 263 255 39 327 49 219 226 2 
374 263 31 268 81 306 226 5 219 366 248 9 68 
375 327 81 76 68 17 268 5 255 72 363 31 366 9 
376 366 363 306 112 351 226 5 81 39 49 219 327 371 17 2 
377 327 268 68 351 2 81 255 39 44 226 363 112 5 263 
378 112 366 49 31 248 306 219 327 44 5 76 255 81 
379 112 2 219 76 44 81 9 371 263 366 31 5 
380 351 9 31 39 2 17 72 306 49 371 68 366 327 363 5 
381 351 68 9 306 371 76 327 81 219 112 49 39 255 363 2 5 263 72 31 
382 72 31 268 248 351 226 371 49 17 306 81 
383 112 219 81 39 255 306 268 44 49 68 2 72 9 
384 371 226 81 2 68 255 248 39 112 5 366 31 76 268 
385 72 351 226 219 363 17 2 268 44 9 248 255 327 5 112 371 
386 44 31 226 306 72 17 351 5 263 112 363 219 2 76 49 327 
387 255 44 363 2 72 112 76 49 39 5 9 306 263 268 371 366 
388 68 81 226 2 351 112 263 219 366 5 327 363 248 306 44 
389 81 366 327 363 248 263 219 49 371 72 268 2 9 112 255 
390 219 5 31 9 306 76 371 49 363 72 327 
391 49 226 371 219 76 5 363 112 81 44 263 39 31 248 
392 248 17 49 112 268 76 255 351 327 226 44 306 2 39 68 
393 219 81 268 306 351 76 68 5 9 366 248 17 31 263 39 
394 327 263 351 2 39 268 68 248 306 72 17 81 31 363 
395 49 39 81 68 263 72 363 248 44 351 9 76 
396 363 248 112 17 263 31 371 5 327 2 76 366 81 268 44 306 9 68 
397 68 2 351 76 255 366 327 9 363 17 263 371 268 
398 306 263 248 72 17 9 255 39 219 351 31 44 112 76 371 81 226 5 
399 268 2 39 49 255 76 327 112 44 68 306 226 363 371 5 
400 76 363 44 226 112 248 72 263 255 306 371 39 5 
401 371 76 39 248 72 2 5 306 17 351 112 327 68 81 31 366 268 
402 351 306 327 31 17 268 112 76 44 9 371 219 49 39 
403 31 5 306 219 363 371 351 44 327 366 39 72 9 68 17 226 255 49 2 
404 255 371 81 39 248 219 31 363 263 49 2 5 9 366 327 76 226 44 
405 17 2 9 44 306 68 327 39 371 366 226 31 5 263 
406 306 351 255 371 44 112 49 9 219 366 72 327 81 76 
407 9 248 81 226 2 17 371 112 219 263 31 76 68 5 327 363 72 
408 255 112 39 371 226 363 263 248 68 9 366 31 44 219 2 
409 363 248 81 327 306 219 351 49 226 68 371 17 44 9 31 2 255 
410 49 68 363 9 263 72 81 31 268 219 44 17 76 327 366 
411 255 72 76 363 81 68 17 327 351 263 31 219 49 2 44 
412 263 366 9 268 81 44 2 248 5 49 327 
413 219 327 76 306 49 2 268 68 366 17 255 
414 263 248 327 76 363 366 268 81 39 351 49 5 9 112 226 
415 49 17 76 327 39 44 306 371 72 112 366 31 68 255 263 363 
416 255 2 263 17 9 248 5 68 226 44 306 
417 76 72 371 366 268 31 17 81 255 112 2 248 226 219 
418 255 5 327 371 76 39 9 306 112 248 263 351 49 31 226 
419 255 72 39 44 112 2 9 306 366 81 17 263 371 351 68 
420 327 2 49 366 351 263 31 81 72 268 248 306 76 
421 81 112 9 76 39 72 31 268 44 306 226 371 366 327 351 68 
422 44 5 327 351 248 306 76 31 17 371 219 263 2 
423 263 49 9 17 44 366 81 351 76 226 371 327 248 2 
424 39 327 363 219 351 248 81 49 31 68 306 76 255 9 
425 255 248 112 268 2 263 49 39 371 351 219 76 306 226 
426 263 81 76 31 9 306 371 72 17 255 248 39 363 366 226 44 
427 39 68 49 248 351 226 255 366 371 112 81 9 327 31 
428 255 327 44 263 5 2 9 366 112 76 226 39 268 49 72 
429 306 76 49 2 112 363 68 219 327 17 31 
430 263 72 268 366 351 2 226 248 31 49 76 363 44 68 
431 39 72 327 351 9 31 268 17 44 68 306 263 226 363 81 371 
432 255 363 371 2 219 31 39 72 226 81 263 49 248 76 306 366 17 44 268 
433 255 44 76 17 68 327 351 306 371 31 268 248 72 263 363 
434 366 39 68 363 351 219 9 327 5 263 371 306 76 31 112 2 
435 306 81 363 371 255 112 366 351 31 44 9 327 2 17 76 226 248 
436 5 363 219 248 2 44 327 226 9 31 268 112 306 49 
437 263 366 351 49 226 363 72 5 9 31 2 306 17 112 76 371 248 255 
438 363 219 9 68 39 44 17 112 351 255 76 31 226 
439 219 9 248 49 363 371 268 72 81 44 31 226 
440 268 351 327 366 76 255 363 2 248 31 5 68 9 219 81 49 
441 366 68 371 363 306 255 327 49 263 9 
442 306 76 39 268 17 81 248 112 366 363 31 2 219 351 327 255 68 371 
443 306 226 5 39 68 81 268 327 72 2 363 255 263 
444 68 112 49 268 219 81 263 306 2 17 226 366 72 351 39 5 363 31 
445 351 76 2 49 371 255 39 363 68 44 112 248 
446 255 68 263 39 371 31 17 268 327 219 72 81 351 248 306 44 
447 327 49 68 263 31 72 81 76 2 17 255 306 371 112 351 363 268 
448 226 2 268 44 248 68 371 72 255 5 351 
449 17 268 366 371 327 263 9 112 76 226 39 219 2 
450 112 2 306 39 366 68 31 248 371 49 9 
451 76 351 248 327 72 226 68 306 17 268 5 
452 81 49 219 31 44 371 351 76 268 5 248 255 2 327 9 112 68 
453 112 31 255 17 9 248 366 81 49 39 72 5 351 226 76 
454 248 219 366 72 226 5 306 39 31 2 351 17 363 9 68 
455 268 68 248 31 39 72 49 76 226 363 2 17 5 219 366 81 351 
456 44 255 263 5 366 248 306 226 49 76 327 68 363 112 351 371 219 2 
457 31 5 219 255 2 81 39 363 306 112 371 327 72 
458 327 112 9 68 49 306 226 363 17 255 5 248 351 268 76 366 2 44 263 371 81 
459 17 31 226 44 351 9 371 5 363 2 
460 31 2 263 49 5 306 371 17 327 39 9 219 81 44 68 366 72 76 363 
461 306 9 68 371 81 2 44 5 363 248 366 268 
462 255 327 39 226 5 366 68 306 219 363 112 44 
463 255 263 366 112 371 76 44 351 306 226 268 9 39 363 81 219 
464 263 306 268 248 39 68 44 5 219 49 226 363 112 31 72 
465 9 327 363 2 306 49 76 248 39 5 219 366 255 68 112 31 268 
466 72 17 2 44 263 5 68 81 219 255 39 49 327 268 
467 31 351 268 248 327 39 363 366 112 76 255 44 263 17 5 306 371 
468 366 72 327 44 219 39 81 263 76 268 371 49 31 226 2 68 
469 327 363 17 366 351 49 9 112 2 371 268 263 39 68 
470 81 44 49 366 327 31 72 112 363 371 39 306 
471 306 263 68 366 112 39 31 44 371 363 2 17 
472 76 306 268 219 351 366 72 327 248 68 81 9 
473 219 5 81 112 49 263 226 39 44 68 17 306 327 2 366 72 351 76 
474 255 76 9 248 44 263 72 351 31 81 68 306 268 226 363 219 
475 366 72 17 226 255 44 371 31 327 2 39 351 363 68 81 
476 5 363 371 226 327 72 81 49 9 268 
477 81 76 44 306 366 263 327 363 5 49 112 226 
478 17 49 5 9 268 76 39 306 371 44 68 351 248 226 31 366 327 
479 49 39 5 9 366 255 363 263 351 2 226 371 219 306 112 76 72 31 
480 327 268 9 255 306 363 351 44 5 219 49 2 68 72 17 263 
481 81 255 31 2 68 351 112 268 371 366 72 44 9 17 248 
482 255 219 9 72 76 327 31 226 2 44 17 351 268 248 81 68 
483 226 351 49 268 112 72 306 263 248 327 2 363 
484 9 327 39 49 219 44 363 5 72 17 255 
485 306 366 268 248 351 72 81 68 327 5 219 363 2 31 44 
486 263 248 366 31 327 255 5 219 72 17 81 306 351 268 363 
487 226 268 31 327 68 306 366 112 5 
488 255 371 44 363 366 306 49 2 17 5 9 39 226 68 327 
489 2 327 76 49 366 351 263 363 72 255 39 371 81 9 17 
490 248 68 31 72 44 2 327 17 81 9 263 351 76 306 268 5 
491 72 112 268 9 17 49 371 219 
492 255 351 226 44 366 219 72 31 81 327 268 39 76 263 5 
493 255 72 39 17 263 327 68 112 351 81 2 5 366 306 226 49 
494 31 268 49 255 306 219 366 72 76 263 81 2 351 226 44 39 327 371 
495 351 5 81 68 31 255 76 219 268 72 263 306 49 226 9 
496 112 31 226 39 17 371 44 268 81 351 2 5 72 363 49 9 255 
497 219 366 31 248 17 2 327 81 9 112 44 371 226 68 49 5 351 39 
498 81 39 371 351 76 44 49 219 72 248 366 31 
499 255 327 363 263 306 72 17 81 5 76 112 226 2 9 371 268 68 
500 371 219 39 9 248 49 5 366 68 306 2 363 
501 327 219 2 81 112 255 72 44 39 363 226 268 5 
502 76 17 9 2 351 263 255 49 31 363 226 39 366 327 81 
503 17 68 72 248 9 5 81 44 112 76 
504 17 363 306 351 2 366 226 68 72 219 255 
505 363 371 248 268 263 351 72 17 9 68 327 366 76 226 39 255 2 49 31 306 112 
506 9 44 268 39 76 31 363 366 255 
507 366 72 226 5 363 327 268 219 255 112 76 263 351 9 248 31 2 
508 2 366 268 9 363 219 76 39 351 306 72 31 371 5 68 17 263 81 112 
509 351 76 371 49 39 5 263 255 306 366 327 248 44 363 268 31 9 
510 327 17 49 68 5 9 226 72 112 263 306 268 
511 255 371 5 306 76 68 268 219 351 49 363 263 9 
512 363 17 226 72 9 2 76 351 49 31 248 5 44 112 
513 255 327 219 81 5 72 39 371 248 49 263 351 31 112 68 366 
514 255 76 2 68 363 248 366 72 31 268 327 39 9 81 49 351 44 226 17 112 
515 255 363 31 17 351 306 68 263 226 219 76 81 366 2 5 327 
516 263 306 17 76 31 255 39 366 351 327 44 9 81 2 
517 263 39 2 112 327 219 44 76 366 363 
518 363 39 9 306 226 2 371 31 44 248 72 
519 2 81 68 219 351 263 255 248 44 112 31 226 72 49 327 
520 44 263 112 31 371 76 268 39 9 363 72 49 5 327 2 
521 268 248 81 49 9 44 306 17 31 219 255 
522 17 44 327 81 248 371 76 268 39 263 351 2 31 
523 49 248 226 2 363 31 44 351 327 255 366 39 81 263 306 
524 327 363 68 366 5 76 306 351 226 39 371 219 44 
525 327 366 268 39 363 72 49 112 2 9 248 371 219 255 31 
526 255 371 363 327 72 226 5 366 68 351 31 219 268 
527 366 351 263 255 72 226 306 2 31 248 9 5 219 39 
528 219 268 44 72 366 363 306 9 248 255 112 5 81 39 68 
529 327 31 219 2 39 81 351 248 5 76 49 
530 255 112 49 31 44 76 226 2 268 366 17 351 39 306 327 9 
531 248 49 226 39 44 5 9 68 371 255 306 363 327 17 31 112 
532 327 31 263 363 112 268 226 2 351 5 366 17 76 9 68 
533 263 72 226 371 112 44 306 39 76 327 366 49 68 9 
534 81 226 9 371 49 268 68 5 363 44 263 76 255 72 17 248 
535 72 351 327 219 44 81 255 2 306 371 9 112 76 68 248 263 5 366 
536 255 2 81 31 17 112 263 226 219 5 44 9 306 72 327 
537 263 112 268 219 49 226 248 44 9 255 363 81 17 31 2 76 371 
538 255 72 226 351 9 49 306 17 44 366 81 112 268 371 31 263 248 76 
539 2 351 44 371 219 255 68 9 248 49 72 81 263 
540 219 17 366 5 81 112 44 351 39 263 2 363 76 31 226 327 
541 248 351 2 76 219 112 363 44 9 327 49 31 226 306 68 72 5 
542 306 255 226 327 68 31 9 49 371 72 351 76 263 366 363 
543 327 81 351 17 2 268 44 371 76 219 263 31 363 5 49 
544 255 306 351 76 31 327 2 371 44 39 81 112 263 268 
545 44 268 219 72 255 68 76 49 2 351 248 112 5 
546 263 366 72 351 363 255 5 9 17 31 39 49 371 268 44 81 306 2 
547 327 263 81 371 112 351 363 219 255 268 68 
548 255 363 112 49 81 76 17 2 371 68 351 31 44 327 219 9 248 
549 371 327 39 263 351 76 268 68 219 366 112 81 44 49 363 
550 363 76 49 248 366 351 263 5 268 306 81 2 
551 255 351 268 68 39 9 81 76 49 366 112 248 327 31 363 2 72 226 
552 248 371 351 39 255 366 2 44 226 363 263 17 219 306 327 49 5 
553 226 68 366 17 72 9 76 263 112 2 39 81 31 255 
554 268 255 226 2 248 76 31 44 363 9 263 72 17 112 
555 39 363 17 31 226 49 268 366 72 371 219 327 255 44 76 263 9 306 
556 17 327 49 81 255 39 112 44 76 366 263 5 9 
557 2 112 9 371 306 363 31 44 81 255 263 226 39 68 5 248 76 
558 327 363 39 31 366 76 17 351 9 44 
559 255 2 371 351 363 306 327 81 17 49 248 226 68 31 
560 255 263 248 363 81 226 5 68 72 17 112 39 44 306 219 371 49 2 9 
561 366 268 49 248 76 112 39 44 363 31 2 68 371 255 263 9 72 
562 17 351 363 2 248 255 306 31 327 
563 17 248 31 44 76 226 81 112 9 255 366 263 
564 81 226 363 306 371 255 72 49 31 366 9 327 
565 39 112 49 31 363 81 226 2 68 248 366 255 17 44 306 9 351 268 
566 371 31 226 327 76 49 248 81 39 44 2 268 17 263 9 366 351 68 
567 327 81 2 226 112 306 31 44 248 363 72 263 5 268 351 
568 327 5 371 44 351 31 2 248 255 72 263 49 
569 76 49 268 39 219 371 263 351 112 327 5 366 72 226 
570 17 226 248 371 9 351 76 49 68 263 268 306 255 5 
571 76 112 226 371 351 39 248 72 81 2 268 9 363 366 306 31 
572 363 327 306 81 226 219 248 68 255 112 49 31 366 371 351 9 44 
573 263 2 81 112 255 44 9 68 31 219 371 268 5 366 
574 2 371 327 49 81 366 248 112 68 9 219 306 17 226 268 
575 112 17 68 219 363 366 81 351 76 2 5 248 327 39 
576 248 351 363 371 39 306 219 112 44 72 17 2 327 76 5 
577 72 2 371 81 76 248 268 31 44 5 366 263 112 226 327 17 255 363 68 39 
578 219 363 76 268 31 39 81 9 68 371 226 2 263 366 351 
579 363 31 44 68 351 268 255 9 248 72 2 219 366 81 226 263 
580 255 31 2 5 17 68 72 39 248 327 371 81 351 268 76 
581 366 68 268 9 76 2 263 248 226 306 39 44 81 363 
582 81 5 219 72 76 248 371 263 17 39 363 327 306 
583 76 248 371 31 81 72 255 39 44 363 219 49 268 263 226 17 351 2 
584 39 263 248 49 371 255 366 363 17 76 219 81 72 112 351 68 31 
585 49 351 306 219 72 17 248 371 2 268 76 
586 371 255 351 31 226 248 306 219 363 2 327 39 68 268 44 
587 363 81 263 68 248 17 112 49 31 9 327 268 72 351 
588 306 31 39 17 268 327 363 49 76 5 226 81 248 72 112 
589 255 49 39 306 351 219 76 2 17 268 31 5 68 248 363 44 371 327 
590 263 31 17 226 2 72 306 49 371 363 112 9 68 
591 31 5 68 327 351 248 268 17 9 219 255 39 
592 44 9 371 49 351 112 226 327 255 31 363 248 219 39 268 
593 248 371 366 76 268 49 2 306 81 9 68 351 5 39 17 363 
594 219 2 255 371 31 248 81 9 76 363 263 
595 72 112 351 39 248 363 255 327 268 5 9 366 76 306 81 
596 255 327 2 49 68 72 31 371 76 263 268 363 112 351 226 5 306 
597 9 112 5 248 81 39 306 366 351 49 226 263 68 
598 226 2 17 112 76 268 68 248 371 81 31 327 44 306 5 
599 49 68 226 327 72 255 263 112 2 5 44 
600 248 263 327 366 306 219 5 112 2 44 371 39 72 49 363 
601 306 351 5 366 327 68 76 17 49 263 268 255 226 371 72 39 
602 17 31 2 68 9 49 112 5 44 263 268 366 
603 17 5 226 39 68 31 9 219 351 268 363 371 255 248 112 49 366 306 72 327 
604 255 366 219 49 39 44 112 76 9 68 17 363 306 226 268 
605 327 263 76 49 226 5 363 366 72 81 39 31 2 
606 226 363 306 2 17 81 268 44 9 255 219 263 31 
607 255 31 363 81 5 17 351 112 2 44 366 327 68 49 39 
608 363 219 5 255 68 2 49 327 72 44 39 112 31 366 268 
609 327 5 248 366 306 219 17 112 9 76 39 263 371 31 2 268 
610 248 351 49 2 68 366 263 268 39 371 5 226 17 81 327 44 76 9 
611 17 81 9 72 351 5 363 306 226 76 371 255 112 39 327 
612 263 366 17 255 68 81 371 39 44 351 112 268 327 
613 255 39 219 351 72 2 363 306 327 81 9 44 371 31 5 68 263 248 17 268 
614 327 112 371 44 68 226 255 49 363 17 31 268 5 
615 219 72 366 268 68 327 39 5 248 263 49 44 17 226 31 9 
616 255 112 9 306 219 17 226 351 366 81 327 2 
617 44 371 366 72 49 219 5 327 263 268 226 9 81 112 
618 255 39 76 366 72 327 2 268 5 17 112 351 306 226 
619 248 31 17 76 44 9 351 327 68 366 263 363 371 2 
620 363 112 366 76 44 263 31 226 72 81 351 268 306 
621 255 68 306 226 351 327 263 31 44 72 2 366 248 371 76 
622 72 31 44 306 351 327 268 49 363 9 219 68 
623 72 31 44 371 363 219 49 68 263 226 327 306 351 76 255 
624 327 366 81 68 363 351 72 306 371 263 9 112 49 39 
625 366 17 363 72 255 68 327 44 268 351 371 263 31 39 
626 81 44 351 371 226 9 366 255 263 219 39 68 
627 371 72 219 226 68 327 351 44 306 81 248 76 9 363 17 2 
628 219 371 2 39 5 351 31 248 17 306 226 268 263 
629 255 327 351 44 219 49 5 112 39 9 81 366 68 
630 255 351 268 76 68 31 39 44 366 9 81 2 226 363 306 
631 226 371 81 44 306 366 9 255 327 112 248 219 
632 76 248 226 17 371 219 44 72 49 31 268 5 9 263 351 
633 371 2 248 17 226 363 219 72 31 81 351 76 255 268 44 366 68 327 
634 255 366 351 5 81 2 9 248 306 68 76 
635 255 351 76 31 248 371 306 81 5 9 68 263 39 226 44 49 2 
636 2 44 68 226 263 248 76 363 306 351 219 17 
637 327 81 68 2 5 39 44 17 49 76 363 72 112 371 366 306 
638 263 39 68 327 44 366 31 5 268 248 306 49 226 363 72 2 17 112 351 
639 371 2 263 363 76 268 351 72 81 226 
640 263 248 2 371 49 17 
641 255 366 112 371 76 263 68 31 
642 351 327 226 5 81 9 2 268 72 76 49 306 39 219 263 17 363 68 
643 255 81 39 44 5 31 351 366 268 9 248 306 219 49 17 263 363 68 
644 255 263 306 112 49 44 72 39 219 17 31 5 363 9 76 
645 255 371 366 5 9 219 76 363 112 351 72 17 268 81 248 44 306 
646 255 263 371 17 2 306 72 9 327 31 226 39 76 5 68 366 
647 327 363 371 44 76 255 366 31 9 219 17 351 
648 255 44 5 49 366 327 363 81 2 76 112 31 351 39 268 
649 268 248 81 39 306 327 371 255 5 219 31 
650 263 49 327 76 248 351 9 363 219 366 2 268 68 
651 49 39 363 371 72 226 9 17 5 306 112 
652 255 31 366 68 2 268 17 81 219 39 72 76 327 44 49 248 363 306 112 5 
653 306 72 112 371 351 268 31 39 363 68 81 327 9 
654 255 363 17 31 268 81 248 5 68 306 219 49 44 2 366 351 
655 306 81 112 2 68 17 226 351 72 9 49 363 31 263 268 219 
656 351 255 306 248 263 31 327 68 81 39 44 219 226 49 363 17 
657 219 351 226 17 76 44 371 366 72 112 81 255 31 39 363 49 
658 351 248 268 31 17 44 219 76 255 81 68 72 226 366 327 
659 255 363 68 17 2 226 327 268 39 248 351 72 5 49 31 219 81 366 
660 366 5 49 351 255 263 327 248 76 226 112 17 72 363 
661 2 219 112 68 44 255 72 268 5 363 49 17 327 351 366 
662 263 226 371 39 363 17 31 9 81 49 219 72 366 248 2 268 
663 31 219 366 72 226 363 81 39 68 112 2 9 
664 255 81 112 5 363 371 76 49 31 263 72 17 39 
665 255 363 39 17 263 5 366 248 44 2 31 68 371 
666 255 327 219 31 2 39 351 9 49 306 72 263 76 5 
667 366 112 226 327 371 351 49 306 219 268 9 39 
668 255 219 112 76 17 327 5 81 363 2 44 49 351 226 366 268 248 39 
669 255 351 327 76 306 363 219 49 39 31 68 2 366 17 263 44 
670 72 255 5 363 248 263 9 68 219 366 268 2 371 351 76 
671 351 263 9 76 371 112 366 31 268 39 248 72 49 327 68 363 17 
672 17 72 248 366 81 363 255 351 219 9 76 31 327 226 268 39 
673 371 17 112 9 226 39 306 72 351 49 2 5 363 255 268 327 263 
674 255 76 268 371 2 72 226 219 68 363 49 31 44 112 17 
675 363 112 255 366 49 2 9 306 351 72 17 371 327 39 
676 363 31 268 5 39 17 219 49 226 68 371 76 255 9 
677 44 366 39 9 31 49 2 263 363 268 371 5 72 219 351 76 327 
678 366 226 2 5 351 49 263 39 81 255 9 248 17 
679 255 219 366 2 39 248 327 76 306 226 371 49 31 268 9 44 72 351 363 
680 9 219 306 351 72 17 31 366 226 112 
681 81 255 363 49 72 306 371 31 366 351 39 226 9 17 2 5 
682 263 248 226 39 112 327 9 351 255 44 5 72 17 
683 371 81 255 5 112 366 76 44 68 17 248 39 
684 306 72 44 2 263 351 226 68 49 81 9 112 31 39 
685 255 226 2 112 76 363 351 68 306 72 327 81 219 17 49 31 44 
686 327 68 248 72 5 371 351 363 2 306 219 81 76 49 39 255 17 44 263 
687 363 76 327 351 255 72 112 263 306 31 9 17 268 
688 9 366 112 255 5 76 39 327 351 363 68 72 268 306 44 
689 9 31 248 268 2 351 76 327 371 39 
690 248 81 2 68 72 49 219 226 327 363 366 371 351 76 268 44 
691 255 112 31 17 9 248 2 306 351 371 263 226 
692 363 81 371 9 327 39 248 306 44 2 351 76 
693 263 371 81 31 268 327 49 44 366 17 112 9 351 76 226 39 68 248 363 
694 371 306 39 17 226 219 68 255 81 327 363 351 2 5 
695 371 68 351 9 226 248 2 263 76 31 268 255 72 39 
696 327 306 263 31 363 226 268 5 248 255 219 2 9 371 
697 219 76 351 44 72 255 327 268 31 363 39 366 81 112 68 
698 366 351 2 68 219 49 248 306 263 363 371 76 255 226 327 
699 327 81 219 2 363 255 39 44 112 9 248 371 49 351 31 268 
700 255 219 366 81 5 49 9 72 351 2 268 327 263 31 371 248 76 
701 72 49 9 226 39 17 76 2 268 112 306 81 68 248 263 5 366 255 363 
702 2 248 44 9 68 72 351 76 263 371 17 219 255 306 31 5 112 
703 255 363 49 268 351 366 44 5 248 263 327 31 9 
704 263 39 255 363 68 49 268 31 76 351 2 
705 9 68 263 219 112 226 17 76 306 248 5 255 327 268 371 
706 363 263 371 9 112 49 366 17 76 44 72 81 327 31 226 2 
707 5 219 366 81 31 72 44 327 9 263 2 371 112 363 17 68 
708 366 9 327 306 263 44 5 81 39 68 72 31 2 255 219 
709 351 49 219 255 371 72 9 327 2 44 226 39 112 
710 255 44 351 17 226 248 81 371 68 263 268 219 306 31 49 5 
711 263 306 366 226 44 112 31 219 2 371 72 76 363 248 
712 363 2 263 351 17 268 112 49 39 5 226 248 9 
713 49 39 112 72 2 31 248 363 226 268 81 263 255 327 219 76 9 
714 366 2 44 17 49 81 363 5 371 72 76 68 112 
715 49 2 263 81 306 44 68 72 112 327 39 248 76 371 17 351 31 226 
716 39 371 112 255 17 268 5 226 44 68 49 219 2 
717 327 363 351 226 248 49 17 306 5 263 
718 255 76 49 44 366 363 31 5 17 327 248 371 39 
719 255 112 306 81 76 363 351 248 49 2 371 268 327 263 226 39 9 72 5 
720 255 226 76 39 219 9 363 2 5 268 371 366 72 
721 219 268 39 44 306 371 226 76 327 31 68 2 255 49 366 263 
722 76 268 9 306 17 31 226 255 39 371 112 2 44 248 219 5 81 351 68 
723 255 76 363 72 44 31 327 226 2 68 49 263 
724 263 327 351 248 49 5 363 306 112 2 68 72 39 9 76 
725 81 44 263 31 363 306 219 371 268 39 
726 371 268 9 49 39 81 366 72 263 351 219 327 68 76 255 
727 9 68 44 81 306 351 17 327 49 2 
728 17 112 39 31 2 72 255 81 219 351 9 49 263 44 68 
729 306 226 263 31 351 2 371 366 363 268 44 248 81 327 9 68 
730 255 327 366 68 248 371 219 351 76 44 5 81 363 31 
731 327 9 371 44 49 31 68 2 363 366 17 255 268 
732 112 2 44 371 31 39 81 363 366 5 219 255 226 248 268 9 
733 306 9 263 255 366 2 268 68 81 363 72 49 248 219 31 
734 263 5 72 49 255 351 9 248 81 219 363 
735 366 9 371 306 255 219 112 72 351 31 49 268 44 17 
736 72 327 306 371 248 76 366 226 49 263 219 2 9 112 81 39 5 
737 81 49 366 9 2 248 255 44 72 112 268 226 351 39 
738 72 226 9 2 366 255 39 327 68 351 49 44 
739 81 351 268 327 263 39 255 363 2 49 112 306 17 
740 49 72 17 76 363 263 351 31 2 9 68 112 44 
741 81 363 306 371 5 72 17 327 9 44 255 226 76 
742 226 306 68 366 263 371 72 268 255 31 5 9 363 327 
743 226 5 112 49 31 9 39 351 72 2 76 248 306 17 68 219 
744 44 81 112 68 306 31 268 255 49 248 263 
745 2 68 263 112 327 248 268 5 39 351 44 363 
746 255 226 248 351 363 17 72 2 39 327 371 81 263 76 49 5 
747 255 263 366 351 226 363 17 49 72 112 327 268 81 
748 72 44 263 327 371 363 68 351 306 219 31 226 5 248 39 
749 263 112 5 39 363 366 68 2 255 248 9 49 17 31 226 44 219 76 
750 263 219 76 248 351 366 363 371 17 31 68 81 5 39 49 2 9 72 
751 255 49 226 371 268 68 81 76 327 72 366 351 9 363 17 306 44 
752 306 31 112 44 72 268 363 248 255 39 
753 255 306 68 327 5 39 268 248 351 363 44 263 17 76 
754 255 327 306 49 31 17 2 263 219 112 363 268 44 371 39 9 
755 255 72 17 351 49 31 366 363 39 2 9 81 76 
756 39 5 68 226 81 49 9 76 31 2 268 219 351 44 255 366 
757 17 263 363 219 255 76 226 39 112 2 371 
758 327 81 31 363 366 219 39 2 72 44 112 263 248 306 76 
759 248 72 5 81 363 49 68 306 39 366 31 371 17 76 
760 255 31 5 219 76 371 112 68 39 327 306 366 81 2 72 351 44 
761 17 81 268 327 31 49 351 371 219 366 72 68 112 
762 366 263 371 255 268 39 248 306 351 81 44 68 76 226 
763 5 2 31 81 327 44 263 366 268 
764 5 9 248 268 255 327 112 68 371 2 44 351 76 366 
765 268 363 17 366 248 226 68 306 72 76 31 371 219 39 
766 263 226 31 72 39 363 327 268 248 255 9 366 81 2 371 112 5 
767 327 81 49 255 363 306 219 268 72 263 44 
768 255 112 363 248 2 5 219 268 49 31 327 9 366 81 
769 263 255 112 44 17 39 72 5 9 248 363 68 
770 72 17 31 76 263 68 44 268 363 219 9 327 5 255 112 49 39 351 226 
771 39 112 31 226 363 306 49 268 371 351 68 81 2 5 366 72 44 
772 49 263 255 72 268 2 68 366 76 226 17 31 248 351 5 
773 248 81 226 363 49 327 44 17 5 2 68 112 268 
774 327 72 2 268 76 49 39 351 5 248 306 255 81 9 
775 263 255 219 76 371 366 81 5 68 226 248 
776 363 371 72 2 219 255 226 263 112 39 68 248 49 
777 248 49 112 76 31 2 44 351 72 39 255 268 81 68 
778 9 81 68 5 306 327 351 49 17 76 371 363 263 
779 255 76 268 306 371 49 5 248 2 226 
780 351 39 255 72 226 9 248 366 81 17 
781 219 49 9 112 248 226 327 17 2 76 
782 327 306 248 31 9 263 49 268 351 255 72 112 366 68 
783 39 327 248 9 2 68 351 306 17 371 226 31 219 
784 9 81 327 112 31 5 44 219 17 255 366 306 268 39 68 
785 248 226 263 268 17 351 72 68 112 76 219 49 
786 255 306 31 5 2 371 268 112 351 39 263 81 49 72 44 
787 371 351 31 39 81 366 49 268 9 327 306 
788 327 81 31 306 255 248 112 39 68 219 76 363 49 226 
789 248 31 363 306 68 327 371 72 263 76 17 226 81 112 268 
790 327 76 366 268 248 371 72 31 9 2 306 44 68 351 49 39 112 263 
791 219 371 263 255 81 31 72 39 76 248 17 226 306 2 
792 49 226 76 263 268 363 306 371 255 248 219 72 81 
793 31 44 81 112 5 306 49 351 39 9 263 366 363 371 72 17 68 
794 2 306 72 226 17 76 49 31 44 363 268 39 5 327 
795 268 39 248 112 255 306 371 219 72 31 351 76 49 
796 255 366 363 76 49 226 72 31 39 44 112 327 81 248 219 351 9 306 263 17 68 
797 255 327 219 44 263 366 112 5 49 268 9 81 68 39 306 351 
798 351 49 366 9 44 219 263 255 5 112 2 327 268 
799 226 17 39 68 219 44 371 306 366 72 351 31 2 
800 2 68 44 219 366 5 112 351 363 49 327 
801 17 351 306 268 9 76 112 2 248 226 327 263 366 371 31 
802 255 81 9 263 49 327 363 31 44 226 
803 268 72 31 17 306 263 2 68 248 351 255 371 39 
804 268 44 39 363 5 68 17 112 49 9 248 2 371 31 
805 112 327 44 366 351 226 263 72 306 268 9 
806 351 31 9 371 17 366 49 327 268 76 248 219 112 263 44 5 
807 255 351 226 5 81 112 268 31 9 306 327 44 76 72 68 
808 263 219 351 366 68 112 49 31 363 248 81 72 9 
809 327 226 49 5 9 2 44 68 219 81 363 268 366 
810 255 363 17 351 371 112 2 72 76 68 248 5 268 
811 306 219 72 2 39 351 44 5 371 263 9 363 
812 306 17 268 363 351 371 81 226 68 44 76 39 5 248 9 
813 371 9 17 76 2 363 72 81 255 49 31 
814 366 44 219 72 327 226 76 68 371 17 5 255 363 
815 31 9 76 226 255 268 112 39 68 263 81 248 72 2 17 351 44 
816 81 9 226 263 112 2 371 39 68 17 268 255 49 327 
817 363 268 44 5 248 263 371 2 17 306 76 255 226 39 68 
818 248 263 371 327 72 226 351 9 68 112 268 81 2 39 
819 255 363 72 81 351 248 17 366 76 112 68 327 9 
820 255 248 76 371 263 5 72 68 49 39 81 112 327 9 306 363 
821 112 72 31 76 366 81 351 49 44 219 
822 9 219 5 17 49 306 366 112 268 263 2 363 72 68 31 
823 226 263 366 49 68 371 327 112 5 9 17 81 76 44 255 248 72 351 
824 363 112 39 366 255 327 44 371 17 76 263 268 306 
825 363 76 366 31 72 226 44 306 327 17 371 81 
826 226 366 76 255 219 2 44 68 112 363 5 9 268 371 263 
827 112 248 306 2 5 9 68 263 44 76 49 219 268 226 351 327 17 
828 268 44 219 226 81 68 9 306 72 371 17 351 
829 81 268 44 17 76 112 68 49 327 263 306 351 363 9 219 
830 248 39 263 226 68 2 81 76 5 72 371 112 44 219 
831 2 363 76 49 72 17 31 327 351 371 81 112 268 226 39 
832 371 39 363 248 255 366 68 268 44 306 263 351 226 5 76 219 49 
833 371 49 351 366 17 268 39 263 226 5 9 248 2 68 81 
834 226 363 219 5 306 351 371 39 9 2 248 366 263 44 
835 226 2 81 31 263 371 363 268 366 351 76 255 39 248 
836 81 255 371 17 226 263 5 76 351 72 68 248 219 44 
837 255 68 366 219 268 5 44 76 226 363 327 306 17 112 
838 31 363 2 39 219 255 44 9 327 371 76 49 72 263 
839 263 306 2 366 112 68 248 255 31 363 17 39 44 327 5 
840 17 219 112 248 72 39 226 76 255 268 371 49 31 327 5 
841 255 76 81 44 5 248 366 68 219 263 31 306 351 371 
842 112 327 219 263 39 5 306 255 226 363 81 268 76 17 351 9 
843 76 9 363 72 226 263 351 68 112 31 268 39 
844 17 5 39 44 81 327 306 248 2 371 76 9 49 31 
845 371 81 44 226 9 17 327 76 306 351 363 
846 17 9 72 81 351 366 306 2 39 76 44 248 363 31 
847 268 327 226 248 363 351 306 219 72 263 255 39 2 9 
848 263 81 39 327 76 268 68 248 219 306 351 49 363 366 72 44 
849 371 31 44 248 49 255 112 263 39 219 226 5 
850 255 9 17 112 371 327 81 39 248 306 363 31 263 351 49 5 366 
851 306 49 371 351 5 81 44 255 2 39 31 219 17 112 9 
852 366 49 226 9 306 44 371 327 268 351 68 81 248 363 219 112 
853 226 5 39 2 31 255 327 263 219 366 72 112 
854 327 371 366 49 17 72 39 226 306 9 268 2 248 31 
855 219 263 76 68 81 363 371 72 39 351 5 306 44 
856 255 31 263 226 306 17 9 68 371 112 72 363 
857 255 81 112 68 363 263 2 44 371 226 17 49 76 268 248 5 366 31 
858 112 371 9 17 351 2 226 44 68 72 31 
859 255 363 2 76 327 248 306 226 371 219 351 68 17 81 
860 371 49 5 363 351 226 31 327 44 248 112 76 39 263 81 
861 351 366 268 371 49 81 68 31 327 72 363 255 17 2 248 39 
862 5 363 17 44 68 49 226 327 306 219 255 351 31 263 112 2 72 
863 5 31 2 72 268 255 68 363 39 9 248 306 17 49 219 
864 255 72 112 68 371 219 76 268 5 31 81 248 327 366 363 39 2 263 44 
865 219 306 49 31 81 226 255 72 363 351 268 9 17 44 2 112 
866 255 306 371 226 2 268 363 31 327 72 351 17 5 81 49 366 9 
867 363 68 17 81 371 351 255 5 2 268 327 306 72 39 248 76 112 
868 17 2 363 81 31 72 263 268 9 68 39 366 112 5 306 49 
869 72 112 44 363 248 306 371 81 39 68 219 268 17 226 351 49 76 5 
870 268 44 219 112 327 76 72 306 81 31 263 371 
871 81 255 112 76 219 9 366 263 327 351 
872 255 248 306 268 2 49 363 31 5 72 81 9 
873 255 219 44 351 263 268 5 112 2 39 371 76 366 68 
874 327 263 76 363 17 9 112 44 366 255 351 31 2 39 
875 9 351 5 366 39 72 76 17 81 31 263 268 
876 248 81 5 9 255 351 49 72 
877 255 17 81 112 72 327 44 68 351 306 
878 76 2 68 112 9 81 39 5 49 255 268 366 72 31 327 248 
879 76 49 248 255 39 81 9 68 72 31 263 5 2 351 371 219 
880 72 351 226 263 68 248 219 363 49 112 39 2 
881 68 76 39 17 363 268 44 72 371 219 49 226 
882 255 9 306 371 219 112 49 44 72 268 363 351 2 76 
883 366 49 2 44 306 248 219 72 68 263 363 226 39 9 
884 219 226 68 81 2 39 371 9 351 49 263 112 72 76 
885 263 5 371 351 226 76 9 49 44 306 39 327 17 31 112 2 366 
886 2 371 72 76 226 39 219 366 17 49 44 351 112 9 
887 31 44 219 72 366 226 268 39 255 76 371 81 49 9 17 363 248 351 
888 219 306 226 81 31 371 255 72 248 366 49 
889 49 5 81 31 9 2 366 255 306 17 351 226 
890 68 219 17 363 44 255 2 76 31 226 366 49 268 
891 39 263 17 366 306 68 363 351 9 255 248 
892 219 226 9 39 17 351 306 112 371 366 31 2 263 248 255 5 363 327 68 
893 17 81 371 351 76 31 226 219 5 44 9 68 248 72 49 
894 72 366 49 351 112 76 268 39 68 44 248 371 
895 371 268 81 76 219 2 327 9 248 17 44 68 306 5 72 49 226 112 
896 76 219 366 2 327 17 112 39 255 268 248 81 
897 371 49 39 363 263 44 306 5 72 81 255 366 17 268 9 351 76 
898 72 39 363 351 263 366 81 226 76 112 49 44 9 248 68 
899 255 5 327 363 219 49 2 371 44 72 366 226 268 39 17 
900 255 306 219 351 44 81 76 5 2 371 327 112 366 72 268 9 
901 327 306 112 76 49 371 72 255 81 2 31 68 366 17 363 5 
902 226 5 68 248 39 263 9 306 366 31 17 49 327 268 81 
903 39 44 371 5 263 363 268 327 9 81 255 
904 306 9 112 351 363 2 327 371 44 49 72 17 263 
905 371 226 268 44 366 76 248 68 306 31 363 327 219 17 9 
906 327 371 5 81 263 219 366 351 363 39 44 306 76 17 112 2 255 
907 2 31 226 248 306 219 112 327 5 366 72 363 351 44 
908 306 219 351 49 363 2 68 327 366 263 226 39 17 112 
909 248 112 31 255 2 5 17 68 39 81 9 351 327 306 76 49 44 
910 255 112 17 226 39 9 5 363 306 81 49 371 327 2 351 76 263 
911 327 72 351 255 306 248 17 2 81 49 268 
912 306 112 263 366 81 68 2 39 371 44 248 219 351 
913 17 226 39 219 81 2 306 366 268 371 9 76 
914 112 351 76 268 219 68 2 17 306 81 327 226 366 39 
915 255 371 2 248 44 306 327 81 9 219 72 17 49 226 263 5 
916 351 327 366 68 219 255 72 31 226 371 76 44 81 268 306 112 2 
917 68 72 5 39 327 9 112 263 366 81 226 306 17 
918 327 72 5 371 366 49 255 248 81 268 44 263 226 9 363 2 68 17 112 
919 81 306 39 31 9 268 327 248 371 366 17 68 263 76 226 2 44 
920 49 39 268 219 327 44 9 72 31 226 112 351 371 363 81 306 
921 49 351 248 366 31 72 363 68 39 76 371 17 
922 31 263 255 9 327 76 68 17 351 44 248 39 2 268 363 306 72 
923 371 9 5 306 366 2 39 268 44 81 112 248 351 72 49 255 
924 17 219 363 72 49 68 371 81 263 2 5 226 248 9 
925 306 31 76 219 17 226 2 9 366 112 39 68 263 255 5 268 
926 306 371 255 268 2 39 9 72 219 68 263 81 363 44 5 49 31 76 17 
927 72 49 219 112 255 226 68 306 31 263 363 248 351 268 371 39 
928 351 76 72 255 49 2 31 5 248 44 363 226 371 68 
929 366 306 49 39 363 255 81 327 112 2 351 263 
930 248 306 219 9 17 81 44 226 72 76 2 371 255 31 39 263 
931 76 5 363 2 9 81 31 44 72 248 226 327 263 17 
932 72 76 68 371 44 5 248 17 49 31 363 351 263 9 219 226 
933 363 226 255 31 248 219 81 263 9 306 76 17 
934 327 351 248 112 306 371 31 363 68 49 226 255 
935 366 31 363 226 306 39 49 327 371 17 44 5 68 112 248 
936 17 248 72 112 2 268 39 255 49 363 31 219 366 81 351 5 306 327 263 76 44 
937 81 306 2 39 255 351 44 371 31 263 248 72 
938 255 268 39 366 31 219 81 226 263 9 44 371 248 76 2 351 
939 371 366 81 76 268 39 363 31 248 68 219 327 17 263 
940 255 76 327 306 351 371 17 363 219 9 49 31 268 5 39 112 
941 255 327 263 366 81 76 226 371 306 72 31 39 112 49 268 68 219 9 363 351 
942 268 112 5 81 351 76 44 327 306 255 263 
943 76 72 255 49 371 39 68 44 31 268 363 9 
944 255 363 44 371 68 76 219 366 306 49 327 
945 363 366 76 248 327 49 9 263 39 255 44 72 219 351 2 
946 306 351 255 49 39 248 17 76 72 81 366 112 
947 263 255 351 72 17 112 31 68 39 44 371 49 306 9 248 2 
948 9 49 68 327 2 366 72 263 255 268 219 
949 81 31 39 9 351 248 112 371 72 2 5 219 327 49 268 366 255 68 
950 81 327 351 76 31 112 371 219 2 39 226 248 17 263 44 9 255 
951 255 248 351 44 76 263 31 219 112 268 371 327 363 68 2 
952 112 268 248 68 31 255 44 219 366 263 17 81 351 371 226 306 9 
953 306 351 366 31 268 363 248 255 9 72 17 81 219 49 
954 248 72 76 306 31 44 112 366 219 268 5 68 371 327 
955 371 268 263 49 68 5 306 72 81 226 363 9 112 39 
956 263 366 363 327 371 219 17 81 351 68 9 226 306 
957 371 2 68 226 255 263 219 31 9 248 306 49 351 76 5 
958 363 2 306 219 81 112 248 39 5 44 72 49 31 68 
959 39 363 76 219 366 371 255 31 226 2 112 9 248 44 68 
960 351 49 31 327 2 44 39 76 306 366 
961 219 39 306 49 44 248 351 366 2 31 255 17 327 263 371 363 
962 81 31 226 363 306 371 5 9 351 268 72 76 263 44 39 366 
963 255 306 49 371 2 9 72 268 363 39 44 248 17 76 68 351 81 
964 49 255 351 268 306 2 72 9 248 219 31 112 327 
965 306 76 366 263 351 363 2 371 72 268 9 49 226 5 17 81 
966 5 68 363 255 219 72 17 226 371 39 44 351 263 49 327 
967 366 76 226 39 9 263 327 219 81 2 
968 255 371 351 268 76 17 263 72 81 5 9 306 2 219 363 39 
969 363 49 31 306 17 81 39 68 268 219 327 263 366 226 255 72 44 112 2 
970 2 366 17 81 44 49 39 9 255 5 371 68 268 363 327 263 
971 17 76 49 219 248 255 306 81 226 9 363 263 2 39 31 351 
972 255 363 76 68 9 44 72 2 366 306 351 49 
973 363 49 2 44 68 226 306 248 31 366 327 263 255 
974 39 17 371 219 268 81 76 226 327 72 363 263 366 49 
975 17 39 81 363 49 371 306 248 72 255 2 9 366 226 5 
976 255 81 39 263 366 72 248 76 363 327 112 49 44 5 
977 255 219 306 72 351 81 248 363 31 44 5 9 
978 72 39 9 17 255 44 351 5 327 
979 363 268 68 263 306 351 76 255 5 219 72 2 39 9 366 
980 44 9 68 327 49 31 5 76 219 226 2 268 366 72 
981 248 17 76 366 39 5 81 219 351 371 306 268 44 68 
982 248 49 363 2 76 263 371 31 
983 263 31 351 17 327 44 363 371 5 
984 9 219 255 366 5 363 17 226 39 112 31 327 263 
985 76 112 2 306 363 31 39 9 351 49 268 72 17 81 366 255 68 
986 363 44 9 72 306 219 31 226 263 371 76 49 5 
987 366 327 31 363 226 268 371 39 2 351 76 44 
988 255 2 44 219 39 371 112 76 263 17 248 72 226 9 
989 255 363 76 366 327 49 39 306 44 68 72 263 351 268 371 
990 255 17 76 31 39 44 219 327 112 49 2 306 248 72 81 351 226 
991 226 371 49 2 255 263 112 44 306 68 72 366 31 5 81 351 
992 306 72 39 248 366 255 31 2 76 351 44 371 17 219 
993 219 351 44 363 268 2 31 327 306 49 17 
994 49 68 351 5 248 76 363 31 39 327 219 
995 363 255 49 9 263 219 5 306 371 366 72 268 31 248 
996 255 31 263 219 49 327 5 351 44 306 
997 226 255 49 248 2 306 39 351 31 44 112 
998 9 255 371 2 44 327 226 306 81 49 268 39 363 31 112 
999 366 44 81 255 5 306 72 226 76 268 248 49 68 
