0 171 382 195 127 331 304 376 198 264 46 186 45 222 203 202 289 235 185 214 273 
1 304 382 198 195 264 376 171 331 46 214 203 202 273 235 185 222 289 
2 382 331 71 46 359 354 304 264 300 185 202 214 222 203 289 273 
3 304 264 382 46 359 354 331 300 71 185 289 273 186 45 214 222 203 
4 331 264 46 382 359 354 304 195 327 127 186 45 222 185 273 203 235 
5 304 300 195 264 376 382 359 354 331 71 46 45 203 202 235 222 
6 264 331 304 195 171 359 186 45 214 203 202 222 289 
7 354 331 304 71 327 300 264 171 127 376 185 214 203 202 289 235 45 222 
8 382 264 198 359 331 304 300 327 171 195 71 46 186 214 203 45 222 202 185 
9 198 331 71 171 382 354 300 127 304 264 186 273 185 222 202 289 235 
10 327 300 127 198 359 354 331 304 376 171 195 264 71 185 222 214 186 202 235 
11 327 331 127 376 300 264 71 382 198 359 354 304 195 171 222 45 202 289 235 185 186 
12 327 300 195 127 198 354 304 264 71 171 359 331 185 186 289 235 222 
13 382 198 71 127 46 359 300 171 331 304 195 202 289 235 185 222 
14 300 195 327 171 359 127 198 185 186 214 222 235 
15 171 71 127 382 198 354 300 327 376 235 185 45 202 273 186 
16 171 304 359 327 354 300 71 214 289 185 
17 327 331 171 382 359 376 300 264 127 186 203 202 45 222 235 
18 198 304 327 300 264 127 376 45 222 289 186 185 202 
19 327 382 195 376 46 359 264 127 171 331 300 71 235 222 
20 354 331 46 171 198 359 327 300 264 71 186 222 
21 359 331 195 198 327 264 186 222 235 273 
22 382 354 300 264 127 46 327 331 186 45 214 202 273 222 289 
23 327 300 127 171 382 359 304 376 185 222 235 214 202 
24 327 171 359 331 71 382 198 46 264 203 289 273 214 45 222 235 
25 171 354 382 331 300 71 127 327 359 264 376 46 273 235 45 222 203 186 
26 304 376 46 198 354 71 327 222 289 203 186 202 
27 327 382 354 127 376 198 331 195 71 171 359 300 46 235 185 186 45 222 202 289 
28 331 264 127 382 198 359 300 202 186 203 235 185 222 273 
29 198 300 127 382 331 304 171 359 354 195 235 185 222 289 202 273 
30 264 171 198 376 331 45 203 185 186 214 289 222 202 235 
31 327 382 359 127 171 195 71 376 198 331 304 45 203 186 273 222 
32 359 331 300 71 376 198 382 195 264 171 186 222 235 273 45 202 
33 359 331 71 376 382 198 327 195 127 354 304 300 46 202 235 185 222 186 
34 71 198 354 195 376 327 359 331 304 300 185 186 214 203 222 202 
35 331 195 264 127 376 354 304 327 185 186 214 202 235 45 289 
36 359 354 376 195 71 127 171 198 331 304 185 214 222 202 273 235 
37 264 376 46 171 300 195 382 198 359 354 331 127 185 273 186 45 289 235 
38 198 359 331 71 127 376 354 304 171 46 45 202 273 
39 171 198 354 300 264 46 382 304 195 71 127 235 203 202 186 222 
40 198 359 195 71 304 376 46 186 202 273 203 289 45 
41 195 46 171 359 331 300 71 376 264 127 214 273 186 45 203 235 185 202 289 
42 376 198 331 46 382 185 214 202 222 203 289 273 
43 327 195 300 264 127 331 304 45 273 185 202 289 
44 198 359 264 376 195 382 304 127 45 203 185 214 222 273 186 235 
45 195 382 264 127 171 354 304 376 185 235 214 203 
46 327 354 171 331 127 376 198 359 304 264 202 186 235 
47 171 198 359 304 376 300 264 127 327 71 185 45 202 222 
48 171 331 198 327 354 304 300 195 71 185 235 186 203 214 222 
49 376 198 304 300 195 46 71 127 185 214 202 289 273 45 186 222 
50 171 354 264 331 127 214 222 289 185 186 235 203 202 
51 171 198 354 264 300 331 195 185 45 222 202 214 289 
52 304 264 198 195 127 376 354 71 185 214 222 202 235 
53 327 331 127 195 264 376 198 354 300 186 45 273 185 
54 359 331 300 71 376 304 264 171 127 185 289 273 235 186 222 
55 354 71 127 46 304 264 222 235 45 202 273 
56 304 264 327 331 46 382 127 185 289 45 202 273 235 222 
57 359 304 195 171 71 376 46 198 127 185 214 222 289 273 235 186 
58 327 198 264 171 304 195 331 376 46 214 222 186 45 289 273 185 
59 331 195 264 382 198 376 46 354 304 300 186 45 203 289 202 235 185 214 
60 354 376 171 304 382 264 46 222 186 203 289 185 45 273 
61 327 264 127 171 354 304 359 46 185 186 45 202 222 203 289 214 235 
62 171 198 127 331 264 222 273 185 214 203 235 186 45 
63 382 359 331 304 195 46 198 171 354 185 222 203 273 235 186 214 202 289 
64 195 264 127 300 198 359 376 222 235 186 214 202 
65 198 331 127 195 264 71 327 46 171 214 273 186 289 222 203 202 
66 382 354 127 46 198 331 264 71 185 45 222 289 214 
67 382 127 354 331 195 376 264 71 327 202 289 214 203 222 235 
68 359 304 376 171 354 331 300 127 46 195 264 71 327 186 235 185 214 222 289 
69 171 198 300 327 264 127 376 203 235 289 45 214 222 202 
70 304 264 71 46 382 198 331 300 376 203 186 222 273 235 
71 304 300 264 46 354 202 222 289 
72 327 198 359 331 264 71 354 304 46 185 45 186 214 203 
73 198 331 300 195 354 304 376 127 185 222 273 186 203 235 202 289 
74 171 331 376 304 195 264 71 46 214 203 45 185 186 222 
75 359 264 46 300 327 127 376 186 289 185 222 203 45 202 
76 354 300 304 264 127 331 376 214 185 186 45 289 
77 354 331 71 171 359 46 300 264 222 185 45 202 289 186 214 235 
78 71 46 359 195 198 354 331 304 127 376 214 222 186 273 185 203 235 
79 354 71 46 171 195 264 327 198 127 289 214 273 235 186 45 202 
80 171 354 304 359 331 198 195 46 222 289 273 186 45 235 214 
81 198 359 354 195 264 127 382 171 46 185 45 214 289 186 202 273 
82 327 382 354 331 71 127 359 304 264 273 202 45 214 222 289 235 
83 376 171 198 359 264 327 331 185 45 222 203 273 
84 198 71 327 382 359 354 331 264 127 376 46 45 222 203 
85 327 331 195 46 264 71 198 127 203 186 235 273 
86 359 376 171 198 354 331 195 46 264 127 214 203 289 202 235 
87 382 331 300 304 195 359 264 376 289 185 273 
88 354 46 382 198 359 71 264 185 222 186 45 214 289 203 273 235 
89 171 359 376 354 327 331 195 264 46 186 185 214 45 222 289 235 
90 171 376 71 198 331 304 186 273 203 214 202 289 
91 171 382 304 195 71 127 198 359 331 376 185 186 214 
92 46 382 195 127 327 71 222 185 45 214 273 
93 198 354 331 304 71 327 264 46 300 185 186 222 235 214 202 203 
94 331 359 354 304 71 127 376 186 203 202 185 45 289 235 
95 171 198 359 354 71 264 376 46 289 185 45 222 
96 171 359 264 127 327 71 376 198 331 304 222 273 
97 327 171 198 382 331 264 127 376 45 289 186 214 203 202 273 
98 300 264 46 198 359 327 354 331 304 195 376 45 235 214 203 185 
99 331 198 359 300 71 354 195 264 46 186 45 203 289 185 214 235 
100 331 127 359 354 300 264 185 186 222 273 45 203 202 
101 382 127 46 300 264 359 376 185 235 186 202 289 
102 304 195 71 354 331 264 382 376 185 45 203 289 
103 382 354 304 300 171 71 46 45 235 202 185 186 203 273 
104 327 354 127 376 46 198 359 264 171 382 304 195 214 185 45 222 202 235 
105 171 198 331 195 304 71 214 203 202 289 273 45 
106 327 198 359 304 71 382 331 195 186 214 185 45 222 
107 171 382 300 195 71 264 46 198 359 304 185 45 214 202 235 203 289 273 
108 300 264 171 359 354 46 327 127 214 235 45 203 289 186 222 202 
109 198 359 331 300 354 71 382 304 195 264 376 185 214 289 203 273 
110 382 127 46 376 198 331 300 264 171 186 214 222 289 273 235 185 
111 71 127 376 198 331 185 202 186 45 
112 198 376 171 331 195 71 46 359 304 264 127 185 186 203 235 45 
113 198 264 71 382 195 327 359 46 186 289 45 222 273 202 
114 198 195 376 171 359 304 300 354 327 289 273 235 45 
115 171 198 354 304 195 214 186 273 235 185 222 203 
116 198 359 304 71 46 327 264 354 331 186 45 289 185 202 273 
117 327 264 198 195 46 382 331 376 222 273 45 214 203 235 
118 327 331 171 195 382 198 359 304 264 376 46 273 222 289 
119 327 198 354 331 376 359 264 171 304 127 185 186 214 202 289 273 235 
120 327 331 382 46 171 198 300 195 264 127 202 273 235 185 45 214 203 
121 327 304 195 71 46 171 382 185 214 273 45 186 203 235 
122 354 331 304 195 71 171 382 359 127 45 214 203 273 185 186 
123 327 198 331 195 376 127 359 71 46 235 45 222 202 289 185 186 214 273 
124 46 171 354 264 382 359 195 71 127 376 202 203 235 186 45 
125 331 304 300 382 127 171 354 195 264 376 46 185 45 222 273 203 235 186 
126 198 331 264 127 171 327 71 214 203 289 185 273 
127 382 71 198 304 195 264 46 327 359 354 300 214 289 235 186 45 202 
128 327 354 198 264 376 359 214 
129 171 359 376 264 198 354 195 185 202 186 45 222 
130 264 46 382 376 198 300 327 45 289 273 222 203 235 185 
131 300 327 382 198 127 376 354 71 171 185 214 222 273 203 202 289 235 
132 71 46 198 359 304 203 185 186 202 289 235 
133 300 354 264 198 304 127 45 185 222 
134 354 327 171 331 300 198 304 264 127 376 45 289 235 202 186 
135 198 354 195 46 300 359 304 171 186 222 203 202 45 273 
136 300 71 127 198 359 376 195 186 45 202 289 185 222 235 
137 327 382 331 300 127 171 195 354 304 45 203 235 185 202 273 
138 327 331 264 46 304 195 71 45 186 214 222 202 289 273 235 
139 327 171 46 331 300 264 376 198 359 354 304 203 273 186 202 289 
140 171 198 359 304 264 354 331 71 382 203 202 222 186 235 
141 171 304 127 198 359 300 376 382 71 185 186 45 214 289 235 
142 171 327 198 300 127 46 359 195 186 214 222 273 45 289 235 
143 300 127 198 304 71 214 235 222 185 45 203 
144 359 331 195 127 376 382 304 264 71 300 186 203 202 45 289 222 235 
145 382 304 71 376 46 198 331 264 127 171 359 300 222 273 186 45 202 185 
146 359 354 331 46 327 304 376 171 382 264 185 45 222 273 186 214 235 202 289 
147 327 359 354 331 304 300 71 382 198 171 376 214 222 289 235 185 186 273 
148 171 382 331 304 46 195 71 376 202 273 235 185 186 45 203 289 
149 382 198 359 264 195 127 304 45 273 235 185 203 186 214 222 
150 327 359 304 195 71 376 198 354 331 264 171 127 46 185 214 203 202 235 
151 127 327 171 382 198 71 359 264 46 289 186 214 203 202 222 
152 327 171 304 382 331 359 264 289 203 273 222 235 
153 327 171 71 127 376 46 198 195 264 273 45 214 235 
154 359 195 71 127 171 304 264 382 354 376 214 273 202 289 185 45 
155 198 359 300 382 331 195 376 354 304 46 45 222 202 273 235 185 203 
156 354 331 46 382 359 71 127 198 264 376 185 214 273 235 
157 171 300 198 359 264 71 186 45 214 202 273 
158 327 171 359 331 300 46 382 198 354 195 71 127 186 289 273 185 214 235 45 222 202 
159 195 171 382 354 127 327 198 300 376 185 222 202 235 45 289 
160 327 382 195 198 264 304 171 214 273 235 
161 198 359 195 264 46 327 127 203 185 273 214 
162 327 171 46 198 359 71 376 354 304 264 214 203 202 289 185 186 45 222 235 
163 198 359 171 382 327 71 127 46 304 195 376 289 235 186 202 273 185 
164 327 198 127 354 71 376 382 300 195 46 186 214 203 273 222 
165 171 354 331 382 304 71 46 327 195 214 289 202 273 
166 300 327 264 46 185 222 289 235 45 214 
167 327 382 71 300 46 127 214 222 235 186 273 185 45 289 
168 359 264 382 198 300 195 327 354 171 71 222 185 273 235 186 214 
169 171 331 195 382 198 376 46 327 264 222 185 289 214 202 
170 354 304 264 171 46 382 359 127 376 203 289 214 273 235 186 202 
171 354 171 198 376 382 304 185 186 202 235 289 222 
172 327 171 331 304 46 382 198 195 376 354 203 235 186 289 273 
173 359 300 198 195 376 46 304 71 273 185 45 222 202 289 
174 359 327 171 354 300 195 127 46 185 202 235 222 273 
175 354 382 71 327 46 185 222 273 202 186 
176 382 331 127 171 354 304 300 195 264 71 203 289 235 186 202 185 45 
177 327 354 300 195 376 382 359 304 264 127 171 46 185 186 273 222 202 
178 327 359 354 171 382 198 300 264 127 222 45 214 235 185 186 203 202 
179 304 382 354 300 195 359 264 127 46 186 289 185 45 235 203 202 
180 331 127 376 304 171 359 354 300 202 185 45 203 273 235 
181 331 127 304 171 359 71 46 214 203 235 45 222 
182 376 382 354 331 195 264 71 127 359 327 304 202 289 273 186 45 222 
183 71 127 198 304 46 354 331 195 264 327 376 171 203 289 186 273 235 
184 359 331 198 300 46 195 264 376 186 45 289 273 222 235 
185 171 354 304 264 71 359 327 195 376 198 300 186 235 214 203 45 222 289 
186 327 382 304 264 171 359 71 127 376 198 331 186 203 273 289 202 
187 327 171 198 354 127 359 304 264 46 185 289 186 45 235 214 273 
188 359 264 382 331 304 300 71 327 171 127 185 45 214 235 203 
189 331 171 382 198 300 376 46 304 195 71 127 222 45 203 289 
190 71 46 331 376 171 359 300 264 127 273 235 202 222 
191 382 300 127 376 354 331 327 264 171 359 304 71 45 202 273 186 222 235 289 
192 327 171 198 359 376 382 354 195 202 289 273 185 203 
193 359 300 71 376 382 327 127 354 202 203 185 45 214 222 289 
194 382 198 304 300 71 46 359 376 331 171 127 202 222 235 
195 327 127 376 171 198 359 195 264 235 214 273 203 
196 327 382 198 300 376 71 359 304 195 264 46 45 273 185 214 202 
197 195 264 382 198 359 354 327 71 202 235 185 203 289 273 
198 331 354 46 171 127 203 185 45 289 273 235 
199 354 304 195 71 382 300 264 127 235 45 289 
200 382 359 304 46 331 171 71 376 273 186 203 185 222 202 
201 327 171 376 359 300 46 203 186 45 222 235 185 202 289 
202 198 71 354 304 195 127 171 45 202 203 185 235 
203 327 198 127 300 195 264 71 376 46 354 304 222 273 235 202 289 185 
204 359 354 195 264 127 46 198 300 222 273 185 186 202 45 214 203 
205 327 171 382 198 359 127 376 331 304 300 185 202 273 186 
206 264 71 171 376 198 354 327 186 289 185 273 
207 359 331 195 127 46 382 354 300 185 186 45 214 273 
208 327 171 198 300 264 354 195 202 289 235 186 222 273 
209 171 304 195 382 359 264 198 71 46 203 289 185 214 45 235 
210 46 382 71 127 327 354 331 195 376 203 273 235 185 186 45 214 289 
211 327 354 71 376 195 171 198 127 186 45 222 203 273 235 185 214 202 289 
212 327 171 46 195 354 304 127 203 289 235 185 186 
213 359 304 127 171 198 376 382 264 327 185 203 202 289 235 45 214 222 186 
214 327 354 300 195 264 71 382 127 45 203 235 273 
215 171 198 359 264 327 354 195 376 46 186 273 214 222 203 185 289 
216 359 264 327 127 376 382 198 171 222 289 185 214 202 273 235 
217 304 300 264 171 376 198 331 327 71 46 214 289 185 186 203 202 
218 327 46 171 354 264 376 71 45 214 289 186 185 222 
219 331 304 264 354 327 71 382 127 46 185 289 45 273 203 235 
220 327 171 382 359 71 304 195 46 185 222 273 
221 382 46 331 195 71 300 376 327 214 289 202 
222 198 331 127 171 264 327 46 359 354 304 71 376 203 185 45 289 186 202 
223 327 382 304 300 127 376 359 331 71 203 222 202 235 
224 382 198 359 354 331 264 376 214 203 289 186 222 273 235 
225 198 354 359 171 195 264 186 289 235 202 273 
226 327 382 354 264 376 304 195 71 171 331 300 222 203 235 185 186 45 202 
227 327 382 195 331 300 71 127 354 304 222 235 214 186 45 
228 264 46 359 71 376 382 195 203 202 214 289 
229 171 382 354 331 195 46 359 300 264 235 214 222 202 273 185 
230 327 171 376 300 127 359 354 185 289 186 235 
231 171 359 304 300 195 376 354 331 327 71 382 202 185 222 273 235 
232 382 354 331 264 127 198 359 327 195 171 214 203 186 45 273 
233 359 331 327 195 127 376 382 198 354 304 300 264 273 289 186 214 203 
234 171 198 304 264 71 127 376 195 382 327 235 202 186 45 214 222 273 
235 359 331 300 195 264 46 198 171 127 376 382 354 71 214 222 203 186 45 185 202 235 
236 198 359 331 264 300 171 71 46 327 195 127 45 202 289 
237 331 376 46 171 304 195 127 327 359 354 222 289 235 45 186 214 
238 359 171 382 354 327 195 376 46 222 214 289 186 202 273 235 
239 300 327 382 304 376 171 198 354 331 195 264 235 45 289 185 
240 382 331 195 71 376 46 198 359 354 304 171 214 289 186 
241 327 331 304 171 195 264 127 46 45 289 203 273 
242 327 300 376 354 304 195 264 71 382 359 127 45 222 235 
243 359 71 127 382 195 300 185 186 214 273 235 202 45 203 
244 327 354 331 198 171 359 264 46 186 203 185 235 222 273 
245 382 359 71 127 376 327 354 300 46 331 264 222 202 289 185 45 273 235 
246 327 171 198 359 71 331 264 300 127 289 185 186 45 202 235 214 203 273 
247 171 359 46 382 304 300 376 327 71 45 235 222 289 273 
248 127 382 331 304 195 171 198 359 46 202 289 273 185 186 222 235 
249 327 71 198 359 300 171 304 195 264 376 203 289 45 
250 327 198 300 46 304 195 264 127 376 185 222 273 202 289 45 
251 198 195 71 300 127 376 46 185 203 289 273 235 214 202 45 
252 354 331 171 300 71 376 264 127 186 214 222 203 202 273 
253 171 71 327 127 264 289 235 
254 171 382 195 359 304 300 327 376 46 45 214 235 186 202 
255 195 264 127 171 359 71 327 46 300 376 45 214 202 289 273 
256 354 300 359 304 264 46 331 127 185 186 222 203 273 45 
257 198 71 171 354 300 327 382 195 264 127 376 222 186 45 235 185 202 289 273 
258 359 46 327 382 354 71 235 185 186 222 
259 198 359 304 300 195 264 71 376 46 382 331 171 185 202 235 186 45 203 
260 382 354 327 331 300 198 195 71 376 186 45 185 214 203 289 235 222 202 
261 195 382 331 304 300 127 46 222 186 214 273 
262 198 382 264 71 127 376 354 300 195 214 185 203 202 186 222 
263 171 359 354 300 195 264 71 46 198 203 235 185 222 202 186 
264 327 382 195 171 198 71 376 202 235 185 289 186 214 
265 195 264 382 198 359 354 331 304 376 300 71 127 202 45 222 273 185 214 235 
266 171 354 300 382 198 127 376 46 327 202 273 222 235 185 186 203 289 
267 359 264 127 171 331 71 202 273 186 
268 304 300 195 264 127 214 203 235 186 289 
269 171 300 195 46 359 304 127 354 331 327 264 45 222 235 203 185 186 289 
270 327 382 198 359 195 71 304 171 354 127 214 235 185 186 203 222 
271 327 382 354 195 300 264 46 331 45 222 203 273 235 185 
272 127 46 327 264 376 304 186 289 185 214 203 202 
273 327 382 198 331 195 264 376 359 304 171 127 300 45 185 214 222 203 202 
274 327 171 354 71 127 376 359 46 222 203 185 202 273 
275 171 382 198 359 300 127 354 327 195 264 376 46 186 45 202 273 203 289 235 
276 354 331 127 327 304 46 171 195 273 45 222 289 186 203 
277 327 264 331 300 198 304 71 203 185 45 222 202 289 273 
278 359 304 376 171 300 264 327 331 289 
279 359 327 198 304 127 331 300 185 214 45 222 203 273 
280 327 171 359 264 300 198 186 45 273 202 289 185 
281 327 300 171 198 354 195 127 376 359 331 46 185 45 214 202 222 235 
282 359 354 127 382 304 300 264 376 331 195 185 203 273 202 289 
283 354 198 359 195 376 327 331 300 264 71 46 235 186 45 214 222 
284 171 71 331 300 127 46 289 235 185 222 203 
285 327 359 354 46 171 331 71 127 376 45 289 273 235 
286 198 354 327 171 331 264 127 376 203 235 186 202 214 289 
287 327 382 331 195 127 376 198 46 203 202 273 235 45 289 
288 304 327 331 300 264 382 198 195 203 185 45 273 214 202 289 
289 327 300 71 376 171 359 331 264 382 198 304 195 185 214 203 235 222 202 
290 382 359 376 198 354 195 46 331 202 235 289 273 185 
291 171 359 264 195 127 376 46 185 186 203 235 214 202 289 
292 171 359 331 127 327 354 300 46 186 185 45 273 214 
293 171 331 264 376 46 354 304 300 195 186 273 45 289 185 222 202 
294 198 376 171 359 300 264 354 331 304 203 214 289 235 202 
295 264 46 327 171 382 359 354 304 198 331 71 376 214 203 185 273 222 289 235 
296 382 195 46 359 354 264 304 127 376 327 45 
297 171 198 359 376 354 304 195 46 382 300 71 273 235 186 45 203 289 
298 198 304 195 376 359 354 331 264 71 45 222 203 186 
299 171 195 46 198 331 300 327 71 376 359 354 264 214 273 222 203 289 
300 198 354 127 46 331 376 359 171 304 264 185 186 214 289 202 222 203 
301 127 376 198 331 195 71 327 382 171 264 185 202 45 203 
302 264 376 382 195 327 71 46 359 331 171 45 186 289 222 235 
303 354 127 46 171 359 195 71 327 186 45 214 202 235 185 203 
304 327 198 300 195 127 376 331 264 71 203 45 186 
305 327 171 264 376 382 198 359 354 300 127 331 185 45 203 214 222 273 
306 327 359 354 127 382 71 304 300 376 185 45 235 186 222 203 
307 327 359 195 198 354 127 376 331 304 300 171 273 203 202 185 186 235 
308 327 171 71 127 359 300 264 382 195 46 222 203 185 45 289 
309 300 71 382 304 327 354 195 264 222 202 186 273 
310 198 359 376 171 382 300 195 46 186 222 214 235 203 202 
311 264 327 171 382 354 186 185 45 222 235 
312 171 300 195 359 304 327 127 376 222 203 186 202 289 235 
313 359 354 331 71 198 264 382 171 376 203 186 202 289 235 
314 198 354 304 195 264 382 359 327 300 185 289 273 235 186 222 202 45 203 
315 71 127 171 198 331 195 300 264 214 185 235 
316 171 359 300 195 71 127 264 376 382 198 354 331 304 222 203 186 45 202 289 235 
317 46 198 354 304 195 264 382 171 71 202 222 203 
318 327 354 264 171 198 376 331 300 127 45 222 202 289 186 214 273 235 
319 359 304 127 171 382 354 264 71 195 327 222 273 235 214 
320 198 71 46 382 331 300 327 376 214 222 273 186 289 45 203 
321 327 171 382 359 331 300 304 198 376 185 202 289 
322 382 198 359 331 264 127 354 376 46 171 300 202 214 289 273 185 45 235 
323 327 359 46 198 304 264 382 354 214 203 235 185 222 202 
324 359 127 376 171 331 304 300 327 198 185 203 214 222 45 202 235 
325 359 300 171 331 376 46 45 214 222 203 235 185 
326 382 359 300 264 376 354 71 202 185 186 222 235 
327 198 354 382 304 46 359 45 203 273 185 235 214 202 
328 198 376 46 331 300 264 71 127 382 195 327 289 235 185 186 222 203 273 202 
329 71 304 327 195 376 289 235 185 45 186 203 
330 382 327 171 198 359 300 264 71 354 127 185 186 214 203 45 202 289 273 
331 359 300 195 46 376 198 127 171 214 289 222 185 273 
332 327 304 195 71 376 331 300 127 382 198 359 45 222 202 289 
333 382 331 264 127 171 359 304 46 300 327 71 186 214 45 203 235 185 222 289 273 
334 359 300 171 198 304 127 376 45 289 
335 327 195 71 127 198 354 304 300 376 46 264 186 202 289 185 45 
336 382 331 198 354 300 376 327 264 171 185 45 203 235 186 289 214 273 
337 300 264 376 171 382 354 127 71 46 235 185 214 273 
338 359 327 354 376 195 71 222 203 214 289 45 235 
339 359 127 327 382 331 171 354 71 376 46 186 45 203 202 273 
340 198 354 327 171 382 304 300 71 127 185 186 202 222 289 235 
341 171 300 71 198 195 327 46 214 222 273 186 235 
342 171 331 354 195 376 304 300 186 202 273 185 235 
343 327 304 300 71 376 195 171 264 45 214 222 289 185 202 235 
344 198 382 359 354 264 46 171 304 300 186 214 45 222 203 
345 327 359 195 376 71 171 331 304 264 127 214 202 45 222 289 
346 327 300 359 71 127 331 195 222 185 273 45 214 
347 359 304 376 171 195 71 127 46 198 354 185 222 289 186 203 214 
348 327 354 300 195 46 264 127 359 71 376 273 203 186 202 235 
349 359 382 300 195 376 46 198 214 273 202 203 235 
350 327 171 359 195 71 127 354 331 300 264 186 202 235 185 45 203 289 
351 300 46 359 304 71 127 382 198 331 264 327 214 186 203 202 
352 171 331 46 327 300 71 382 198 359 264 376 185 273 186 214 222 235 
353 198 331 195 264 71 127 300 327 376 203 45 273 186 289 
354 198 300 264 171 382 327 359 195 127 46 185 214 222 186 45 273 202 289 
355 382 359 354 304 300 198 327 195 264 127 46 331 171 202 214 203 185 222 
356 171 359 354 264 382 327 195 198 331 300 71 127 203 273 202 186 
357 359 171 127 382 354 331 300 71 327 185 222 214 202 
358 304 300 195 376 46 198 264 382 354 127 289 45 214 202 186 
359 198 264 171 359 304 376 46 331 214 202 289 186 273 235 
360 327 171 382 198 376 304 300 71 202 185 45 222 203 
361 382 354 304 198 331 327 46 222 214 202 186 45 203 235 
362 382 264 171 300 198 195 289 186 45 203 273 222 235 
363 359 46 331 127 382 198 354 195 171 202 222 289 235 185 186 203 
364 171 331 71 359 304 264 46 214 222 203 185 
365 327 354 171 304 264 46 359 127 185 203 45 214 202 
366 354 331 264 171 300 127 376 198 185 214 202 45 203 289 
367 331 382 300 264 71 376 198 359 185 45 273 235 202 289 214 
368 327 300 71 127 46 198 264 376 171 186 289 235 
369 198 359 71 127 46 382 300 195 264 327 222 203 185 45 273 
370 171 382 304 264 331 300 46 327 359 195 186 289 273 235 203 45 
371 171 304 71 46 382 331 264 327 198 45 203 235 
372 195 127 376 46 198 359 331 304 327 354 300 264 171 203 273 186 235 214 289 
373 171 331 127 376 46 198 359 354 304 264 327 185 45 214 222 202 289 235 
374 304 376 46 382 359 354 171 331 300 195 71 327 222 289 185 203 45 214 273 
375 304 300 46 354 195 376 198 359 331 71 127 45 202 235 214 289 
376 171 304 71 359 331 264 127 198 354 376 185 273 235 289 
377 171 198 354 331 195 71 382 327 300 264 127 376 185 202 289 273 235 222 
378 359 71 382 198 300 171 376 46 202 203 289 
379 171 331 304 127 359 300 71 185 203 186 222 235 214 202 289 273 
380 198 376 171 359 195 264 127 382 331 186 273 203 202 
381 327 195 171 354 127 46 264 71 376 214 202 185 186 222 45 203 289 273 
382 354 195 327 382 198 359 300 331 264 376 186 203 289 273 45 214 
383 171 382 300 46 359 354 304 376 331 195 289 185 202 214 235 
384 171 382 359 195 264 376 304 127 327 331 300 71 46 289 273 185 203 214 202 
385 327 171 359 195 71 198 331 300 264 127 46 222 289 235 
386 376 171 354 304 195 289 202 235 45 214 
387 359 331 71 171 198 354 304 376 203 185 186 214 
388 327 300 171 304 264 382 198 46 185 45 289 214 273 
389 327 382 300 127 198 171 304 264 45 222 
390 195 382 198 327 359 331 304 300 202 235 186 214 289 273 
391 331 71 359 304 300 376 382 195 327 186 214 202 235 
392 327 359 354 171 198 71 127 331 304 195 264 376 46 202 185 45 203 214 222 235 
393 327 354 198 304 171 382 331 71 127 185 222 289 186 45 202 
394 195 198 46 354 45 214 202 203 235 
395 327 354 300 376 171 127 46 198 195 289 186 222 273 45 214 
396 327 198 359 304 331 171 376 354 195 264 46 186 289 45 222 235 
397 327 171 376 264 71 127 198 354 300 45 289 222 
398 382 198 46 359 304 195 264 327 331 71 127 214 185 222 202 273 235 
399 327 382 195 354 331 71 127 198 46 185 45 203 273 235 186 214 
400 171 331 300 264 71 127 198 354 304 327 195 46 203 202 186 222 
401 300 46 359 264 198 171 127 327 185 186 45 235 203 289 273 
402 198 359 71 300 264 327 203 235 185 45 214 273 
403 382 359 354 127 198 304 300 46 235 185 45 214 203 
404 359 127 198 300 195 376 304 171 71 45 235 222 273 186 203 
405 359 195 376 46 300 214 202 235 222 203 273 
406 300 376 198 359 354 331 264 71 304 195 185 45 186 
407 171 304 71 359 354 376 46 382 327 127 185 186 222 203 273 235 202 
408 382 354 198 331 264 376 327 359 304 195 71 46 214 222 289 273 235 
409 327 382 198 376 359 71 46 304 300 171 185 222 289 273 45 214 
410 198 354 264 127 195 327 46 222 202 186 203 235 289 
411 382 359 198 354 300 46 171 202 273 235 186 222 
412 300 71 127 171 359 354 382 198 195 327 46 186 289 185 203 235 45 214 202 273 
413 171 382 354 304 300 195 376 46 264 327 127 235 185 202 186 222 273 
414 171 331 71 376 359 327 354 304 300 195 203 289 185 235 186 45 222 
415 46 382 71 127 376 198 304 300 264 171 222 45 214 185 203 202 
416 171 354 304 198 327 195 264 382 214 203 222 185 186 45 202 235 
417 359 71 127 376 300 327 382 171 186 235 185 222 202 
418 171 354 331 376 46 359 71 185 45 222 186 203 235 
419 382 354 171 198 304 300 376 327 331 195 222 289 273 235 185 202 
420 327 171 198 71 354 331 304 300 382 359 46 186 45 185 202 
421 359 354 264 46 327 304 331 195 71 127 376 185 186 289 222 203 273 235 
422 300 171 71 376 382 354 304 127 45 214 185 289 
423 327 46 171 382 198 331 304 300 202 222 273 
424 354 304 359 331 46 198 300 376 45 222 235 185 214 203 202 
425 327 382 300 354 331 264 198 171 127 214 222 203 202 
426 171 127 198 354 327 304 300 264 376 185 222 202 214 203 289 273 
427 304 331 327 171 382 300 264 46 222 235 203 273 45 
428 198 359 331 300 264 171 354 327 71 376 45 289 273 185 186 202 
429 376 327 171 382 354 264 331 46 214 273 235 186 289 
430 359 195 46 382 198 327 185 186 45 222 202 289 214 203 
431 300 198 354 327 304 195 376 202 289 185 273 235 
432 304 376 327 354 331 382 198 71 186 185 214 203 235 45 
433 300 327 198 264 127 382 354 304 214 186 289 273 45 222 235 
434 331 304 195 354 300 46 222 273 235 186 214 202 
435 382 300 198 71 376 46 327 304 195 264 203 202 235 214 273 222 289 
436 331 304 300 171 354 46 382 198 71 376 45 222 289 235 185 203 
437 327 198 354 304 376 46 195 127 359 331 300 264 71 214 45 289 
438 382 198 354 331 195 71 127 376 171 46 300 185 45 289 273 214 203 202 235 
439 327 195 331 300 264 376 185 186 45 203 235 202 214 
440 376 382 198 304 327 331 300 195 71 127 214 203 289 273 
441 198 359 195 71 376 127 382 304 171 46 45 202 235 222 203 289 273 
442 171 376 382 198 304 185 289 235 273 
443 327 171 359 71 376 198 264 127 289 45 214 202 
444 354 264 171 382 71 331 127 222 289 273 235 
445 382 354 264 376 198 327 127 359 304 171 71 46 45 222 202 203 273 
446 359 331 304 127 382 327 300 71 171 198 185 203 289 214 235 186 202 
447 198 359 304 382 327 354 71 46 185 186 222 273 235 214 289 
448 359 331 171 300 195 71 127 376 198 327 264 222 273 
449 327 354 195 264 71 376 359 171 127 46 222 203 202 273 235 214 
450 327 127 46 359 304 264 198 354 171 71 214 222 289 45 203 273 
451 359 304 264 382 300 171 198 71 127 45 203 289 186 
452 327 382 198 354 71 46 300 304 195 127 186 45 289 214 
453 171 359 195 264 376 382 304 300 327 71 186 45 222 185 235 289 
454 264 376 171 331 195 71 359 214 202 289 186 273 235 45 
455 359 354 127 382 304 171 198 300 289 273 235 203 185 45 
456 171 331 71 46 382 198 359 376 327 195 214 203 235 222 202 
457 331 195 71 354 327 300 46 198 264 127 186 273 235 214 203 
458 300 195 71 354 331 198 376 214 235 45 289 
459 171 304 264 382 359 300 71 127 214 202 289 185 222 273 
460 327 304 300 71 46 331 195 264 127 376 289 45 214 186 203 
461 382 331 171 300 71 376 195 327 203 273 
462 327 382 359 331 195 171 198 304 354 300 127 376 186 214 203 202 289 185 222 235 
463 359 331 304 195 382 354 264 71 127 46 186 202 214 289 185 45 222 203 
464 171 359 331 71 327 304 195 264 376 214 235 185 45 
465 327 382 331 46 171 359 304 195 198 300 214 273 185 202 
466 354 300 376 46 171 198 359 304 382 264 327 186 45 235 203 202 273 
467 171 382 359 331 71 376 264 327 300 45 214 235 186 222 
468 198 354 331 300 71 127 264 382 171 185 273 235 214 203 186 45 202 
469 198 331 300 127 327 195 264 376 382 304 71 171 186 203 185 45 289 273 
470 264 327 171 127 46 304 45 214 186 203 273 
471 198 127 46 359 354 264 171 304 195 185 45 222 203 202 235 
472 171 127 376 331 300 359 71 46 214 202 186 203 289 273 185 222 235 
473 382 359 304 300 71 354 331 327 127 195 264 46 186 289 185 214 222 203 202 
474 171 382 300 46 198 195 71 359 304 264 127 202 289 273 235 
475 171 382 354 264 71 186 222 203 202 
476 359 264 71 354 331 195 327 382 304 185 214 222 289 186 203 235 
477 171 327 382 359 354 304 214 273 235 186 203 289 
478 382 359 171 46 327 214 222 186 203 273 235 
479 331 264 195 376 46 382 359 171 186 214 202 235 185 45 
480 327 198 46 359 354 331 71 127 376 214 203 185 186 202 273 
481 304 327 171 300 376 45 289 235 
482 304 171 382 300 186 289 
483 327 354 127 171 382 331 359 71 289 45 214 222 235 
484 382 198 127 376 300 195 359 304 327 185 203 202 289 235 186 45 273 
485 359 304 327 198 195 264 354 300 171 71 46 186 203 273 235 214 45 289 
486 264 331 376 359 300 195 71 127 203 289 45 214 235 
487 71 127 331 376 186 222 235 214 45 289 
488 171 382 359 354 46 304 327 198 71 376 186 45 202 214 273 
489 327 127 354 300 376 171 331 46 203 289 45 202 235 
490 327 198 46 354 331 127 376 171 382 264 71 273 235 222 202 289 45 
491 331 300 46 382 198 195 327 359 304 127 185 214 186 45 202 235 222 203 273 
492 171 198 300 264 304 195 71 354 289 235 185 214 202 45 
493 327 171 382 198 359 304 71 376 300 127 46 195 214 289 273 235 203 185 45 
494 331 304 264 359 300 195 71 376 382 327 46 203 235 214 289 
495 327 359 171 382 198 354 264 71 127 222 186 273 185 202 289 235 
496 382 331 359 300 195 198 354 264 127 185 186 289 203 45 
497 198 354 331 71 327 304 127 300 46 185 186 203 222 273 235 
498 382 198 331 304 127 376 327 300 264 71 46 359 202 222 203 273 
499 327 359 331 304 300 127 376 46 382 198 354 195 71 289 186 273 202 
500 300 354 264 127 46 327 376 222 185 214 202 235 
501 327 304 376 46 198 359 354 264 382 171 300 195 203 273 235 
502 198 331 71 376 382 327 304 300 171 45 214 186 203 202 289 273 
503 359 71 264 327 46 203 235 186 214 273 185 45 222 202 
504 376 327 195 198 331 304 300 264 71 127 46 214 289 186 222 203 202 
505 354 327 171 198 331 46 376 222 273 235 185 186 214 202 289 
506 198 127 359 354 71 382 327 185 214 289 235 222 45 
507 382 331 304 127 171 264 46 45 202 273 222 203 289 235 
508 327 359 195 382 198 354 331 304 71 185 222 203 289 235 202 
509 327 198 331 304 171 354 46 45 222 202 
510 331 300 382 359 304 71 171 185 214 202 186 235 203 
511 382 359 354 304 195 127 198 300 376 327 71 186 214 235 273 45 289 
512 331 264 127 376 46 382 304 195 327 186 45 222 202 289 185 214 203 273 235 
513 198 327 354 304 195 264 289 273 214 222 203 202 235 
514 382 304 46 264 127 331 300 327 202 214 203 273 235 
515 171 382 198 71 376 327 359 354 195 46 273 235 45 222 
516 198 300 195 127 359 46 185 45 289 214 203 202 235 
517 382 359 195 71 171 331 327 264 127 45 273 222 203 235 185 289 
518 198 359 300 264 382 331 171 71 376 46 327 195 222 186 202 185 45 
519 359 195 71 327 376 382 331 264 46 202 45 289 222 235 
520 382 304 127 359 354 198 331 327 202 289 186 214 222 235 
521 198 359 46 354 195 327 382 171 45 214 289 235 202 
522 382 46 171 359 354 198 195 71 185 222 202 289 273 186 235 
523 198 195 127 171 382 304 327 359 354 331 186 203 202 273 45 222 289 185 
524 354 195 327 198 304 300 171 127 214 185 186 289 235 
525 354 171 359 127 185 45 289 235 222 273 
526 304 198 331 195 71 376 185 222 273 203 289 
527 171 198 195 71 127 354 359 331 46 235 185 186 222 
528 171 354 71 127 382 331 300 264 304 195 45 202 222 235 
529 327 354 300 71 127 304 376 222 202 235 214 273 185 45 
530 376 171 382 195 359 264 46 185 186 45 222 214 289 273 
531 354 71 127 376 46 382 198 304 185 186 45 214 202 289 235 
532 327 304 127 198 331 264 171 195 186 203 202 289 273 222 
533 71 171 300 127 304 195 376 45 289 214 222 235 
534 331 300 46 198 304 71 127 376 214 289 222 203 273 185 
535 382 354 300 127 46 304 327 195 203 289 273 235 45 214 
536 327 171 382 304 71 376 359 300 354 195 127 203 235 289 186 202 
537 359 195 171 354 331 300 264 214 222 289 235 45 
538 327 331 304 71 171 382 354 195 127 198 300 264 376 46 185 222 45 202 
539 198 195 171 304 300 327 382 127 273 289 45 235 
540 264 327 171 382 198 359 354 71 185 202 235 186 214 222 203 273 
541 198 359 331 264 127 382 376 354 300 195 71 185 203 202 186 45 273 235 
542 327 354 304 300 127 46 376 185 203 202 273 235 
543 382 195 198 354 376 327 359 45 289 235 185 214 222 203 
544 327 264 46 382 198 304 195 354 331 171 71 376 185 202 186 222 203 289 45 273 235 
545 171 71 127 376 359 354 304 198 331 327 186 222 273 202 185 203 235 
546 327 304 195 198 331 300 376 186 203 185 222 273 235 45 214 289 
547 195 300 382 198 354 327 46 186 214 45 203 289 273 185 
548 354 195 264 300 376 46 382 198 331 304 127 235 185 222 202 186 
549 195 382 359 264 46 327 198 354 304 171 185 202 186 222 203 273 
550 382 359 304 354 300 331 171 376 46 214 273 235 45 289 
551 300 354 304 264 382 331 195 71 127 222 289 273 45 203 202 185 186 
552 46 198 354 71 264 222 214 273 45 289 235 
553 46 382 127 376 171 359 354 331 304 327 186 202 214 203 185 273 
554 304 195 127 198 354 331 359 273 222 202 289 
555 382 198 300 71 376 304 327 195 46 354 331 186 45 202 235 185 214 203 289 222 
556 382 354 195 71 171 304 264 46 198 186 289 273 185 45 222 235 
557 327 300 195 376 354 304 71 46 171 331 186 222 289 235 185 214 203 
558 327 359 331 264 376 127 382 171 304 300 185 186 45 214 203 273 235 
559 331 304 127 376 382 327 171 46 264 71 203 185 45 202 289 235 
560 171 264 71 359 376 46 222 202 185 214 45 273 
561 198 300 382 354 304 376 46 331 264 71 202 273 214 289 203 235 
562 382 198 46 171 195 264 354 300 376 185 214 186 45 202 289 235 
563 171 331 304 376 359 300 198 45 235 203 273 289 
564 300 327 382 198 354 304 376 264 127 273 45 214 203 202 
565 327 304 264 46 354 359 300 273 222 214 289 235 
566 171 331 304 300 195 264 354 46 222 45 235 186 214 273 
567 171 382 376 198 304 264 185 186 203 202 289 45 
568 171 198 382 376 46 359 331 195 127 45 222 235 185 289 273 
569 195 71 198 354 304 300 331 376 46 185 203 202 273 235 186 222 289 
570 195 264 171 198 304 376 359 331 327 46 186 222 203 289 273 235 185 45 
571 71 327 359 127 382 354 195 376 46 186 203 273 222 289 235 
572 327 354 331 264 382 359 376 46 222 273 
573 198 359 264 71 127 327 354 300 171 186 203 214 202 289 273 235 
574 198 376 354 331 300 264 382 359 304 195 171 45 203 289 214 202 273 
575 327 331 304 376 46 382 198 171 222 235 45 214 202 273 
576 198 331 304 300 195 71 127 171 376 46 186 185 45 203 273 
577 327 71 127 331 46 359 195 264 45 203 214 222 273 
578 327 359 300 195 71 198 331 264 186 202 203 289 214 273 235 
579 327 198 359 331 127 382 195 171 46 289 222 45 214 202 235 
580 327 198 331 304 300 382 71 202 185 235 214 222 
581 327 171 300 195 127 71 359 264 376 289 214 202 235 
582 359 304 300 127 382 195 71 171 327 186 203 214 222 45 289 273 
583 327 354 46 331 304 71 198 195 214 222 185 203 202 45 235 
584 359 300 171 198 304 327 46 185 186 273 222 45 289 
585 327 171 331 264 127 46 359 300 376 354 71 289 214 222 203 202 
586 327 171 300 127 376 46 264 331 71 214 222 203 289 273 186 45 202 
587 300 376 327 171 382 264 71 127 45 202 222 235 
588 382 171 198 327 331 304 264 71 222 203 202 45 214 273 235 
589 71 327 382 171 359 354 331 195 214 222 202 273 185 289 203 
590 327 71 127 171 359 304 300 264 376 185 45 235 
591 382 354 195 264 71 198 171 304 327 46 273 
592 198 195 46 382 354 304 127 376 331 300 185 186 214 202 203 289 273 
593 327 171 71 359 382 198 45 214 273 222 289 235 
594 195 71 127 198 304 300 327 185 45 273 186 222 203 289 
595 382 354 171 331 195 376 46 198 359 304 186 222 235 289 273 
596 304 264 46 186 45 222 214 289 273 
597 354 127 171 198 359 300 214 185 186 45 203 273 
598 171 195 71 127 376 382 354 264 46 235 45 202 289 
599 171 382 331 304 195 264 71 300 46 185 202 222 273 235 
600 304 171 382 359 354 195 264 127 376 214 222 202 186 45 
601 382 359 71 327 331 304 171 300 195 376 45 273 214 222 203 202 235 
602 327 354 300 127 198 71 376 46 359 203 273 185 186 235 
603 127 376 354 195 71 327 304 300 46 186 202 185 222 45 214 203 235 
604 264 376 327 382 300 195 71 127 331 171 273 235 185 214 203 
605 171 304 376 46 359 331 327 185 214 186 222 45 202 235 
606 171 354 331 195 382 359 327 127 376 185 289 235 
607 359 304 264 376 382 300 71 331 327 214 273 45 
608 304 198 359 46 327 71 376 202 273 45 289 185 214 235 
609 331 304 300 171 382 198 354 71 127 359 327 195 222 273 202 235 185 45 203 
610 331 264 46 171 359 304 195 71 376 45 222 185 289 235 
611 382 71 171 359 300 264 331 327 46 273 185 186 45 203 289 222 202 
612 71 382 198 359 195 327 127 300 264 45 185 186 202 214 235 
613 327 127 46 171 304 382 264 376 186 273 289 
614 171 359 304 195 264 354 382 198 127 222 289 273 214 203 202 
615 327 198 304 359 264 46 382 354 331 300 195 71 127 376 289 185 186 45 214 222 273 235 
616 304 46 359 300 198 171 195 71 222 289 235 45 
617 382 359 264 71 327 376 46 186 203 273 
618 331 376 171 185 186 214 222 203 202 273 45 
619 304 127 376 198 354 71 327 382 331 264 202 289 45 203 214 235 
620 71 304 198 359 127 222 202 289 273 214 203 235 
621 327 382 359 300 264 127 198 71 354 331 171 289 214 273 222 235 
622 327 382 331 127 198 354 304 359 300 264 214 202 289 235 185 
623 376 359 71 127 171 198 354 331 300 289 214 202 
624 171 198 127 300 46 304 195 186 222 273 185 203 
625 71 382 376 359 354 300 235 214 222 203 273 
626 198 304 195 71 127 46 327 235 185 214 203 
627 198 71 264 327 127 46 382 354 331 289 222 203 273 186 
628 327 171 382 331 376 198 359 304 71 289 186 203 45 222 202 235 
629 327 171 198 354 71 46 304 300 195 185 222 273 186 289 235 45 214 
630 359 304 71 171 195 264 327 376 186 214 222 45 289 
631 327 198 359 354 304 71 127 300 171 202 235 186 
632 171 46 327 359 331 300 376 214 185 222 203 273 235 
633 327 171 354 195 127 46 382 359 331 376 214 203 273 
634 127 198 300 382 359 376 46 45 186 203 289 273 
635 171 382 354 331 198 300 71 327 127 46 186 45 
636 171 195 264 331 300 327 382 359 304 127 273 186 45 222 289 235 214 
637 327 354 304 198 195 376 185 45 203 186 202 235 
638 327 198 331 171 382 359 127 354 46 186 45 203 235 214 289 
639 171 382 198 354 264 46 331 71 127 376 185 186 45 203 273 214 289 235 
640 327 195 300 376 359 235 45 202 273 185 289 
641 327 300 195 127 376 382 198 71 222 203 185 186 289 235 214 
642 327 198 354 331 300 195 127 359 71 222 235 186 203 45 289 
643 359 304 327 195 354 331 127 214 222 273 235 203 202 
644 198 331 127 354 264 71 327 359 195 376 185 45 289 222 202 273 235 214 
645 195 376 300 71 382 264 127 46 186 235 185 202 214 289 
646 171 382 327 127 359 300 45 273 214 222 186 202 235 
647 327 171 300 382 331 71 127 304 186 214 273 185 45 202 
648 354 331 195 264 46 327 127 376 171 203 202 235 186 214 222 
649 171 195 127 46 354 198 359 331 304 300 327 45 222 289 273 
650 327 382 354 304 376 195 203 235 222 202 273 
651 198 359 304 46 354 300 264 195 71 45 203 202 235 185 186 
652 198 359 331 300 127 376 46 382 71 354 195 186 185 45 202 289 273 222 203 235 
653 304 195 264 127 359 300 71 198 376 185 235 203 273 289 
654 327 171 264 71 46 198 376 304 300 127 186 289 273 222 203 202 214 
655 327 171 300 46 331 304 264 127 203 186 222 202 45 273 235 
656 327 198 354 71 359 331 304 195 264 127 171 376 185 222 202 289 186 235 
657 382 331 304 195 354 171 300 71 127 45 235 214 202 222 203 
658 327 359 171 354 71 304 376 186 273 45 214 289 235 202 
659 127 382 359 354 331 46 327 195 264 376 45 214 185 202 235 
660 198 331 304 376 327 300 264 203 202 186 214 222 273 235 
661 327 71 359 264 382 198 195 46 273 214 222 203 202 
662 382 354 331 198 304 264 71 376 46 359 222 235 185 202 
663 71 171 382 198 300 195 354 127 185 214 222 273 45 203 235 
664 327 382 354 264 171 304 198 300 127 214 222 203 273 45 202 
665 300 71 376 382 331 264 45 214 203 202 273 235 
666 359 331 264 382 198 354 127 376 46 214 203 202 289 273 
667 359 300 171 198 354 304 264 127 376 45 203 289 185 214 222 202 186 235 
668 359 376 46 264 127 382 273 185 186 222 203 45 289 
669 171 382 198 264 327 331 304 354 71 376 235 45 222 289 185 186 
670 327 331 195 376 304 127 359 354 300 171 45 289 203 273 235 
671 171 359 195 127 46 382 304 71 214 203 202 289 222 235 
672 382 127 198 359 264 71 327 304 300 46 45 202 289 235 186 214 
673 327 264 376 382 331 171 198 185 273 235 45 203 
674 195 127 198 359 354 171 264 46 186 214 222 202 273 235 289 
675 382 354 304 300 195 171 71 331 289 186 214 185 45 
676 198 195 264 46 359 331 171 45 222 202 289 185 186 203 214 273 
677 198 300 264 71 327 171 359 331 46 185 186 45 203 289 235 214 222 273 
678 382 71 376 171 300 195 327 127 46 304 45 222 185 203 289 235 186 273 
679 304 46 382 195 354 331 127 376 202 273 235 185 214 289 
680 195 264 71 382 354 331 127 198 376 185 222 202 289 235 
681 264 327 359 195 198 71 289 235 202 273 214 222 203 
682 327 171 198 354 331 304 71 127 300 382 264 222 202 235 45 214 203 289 
683 327 331 304 300 46 382 198 222 185 186 202 235 214 289 273 
684 359 354 331 46 382 202 273 185 45 235 203 
685 327 354 195 127 304 46 185 45 289 186 214 273 
686 198 304 382 354 127 46 331 195 186 45 273 222 203 185 202 289 
687 198 359 127 376 382 300 264 71 171 46 203 185 186 222 273 235 
688 354 304 195 327 376 186 45 214 185 289 222 235 
689 304 195 127 359 354 331 264 171 300 327 376 46 214 289 185 202 186 222 203 
690 327 382 198 376 46 171 195 359 331 71 185 222 235 202 289 
691 171 354 46 71 127 327 382 198 214 203 273 
692 354 300 127 376 382 264 71 171 359 331 304 327 45 214 289 203 185 202 273 
693 171 382 195 46 359 331 127 376 198 354 71 185 186 202 289 273 45 222 235 
694 327 171 195 264 127 382 198 354 71 359 304 376 214 202 186 222 185 289 
695 382 127 354 304 198 264 71 376 273 185 222 289 202 
696 198 195 264 71 127 327 354 300 45 214 202 
697 171 354 71 127 382 359 195 264 46 186 45 289 235 185 202 
698 382 359 300 195 264 71 304 354 171 185 222 186 45 289 273 235 203 
699 331 71 304 127 198 354 195 376 186 214 203 45 222 202 289 273 
700 331 300 127 171 304 214 289 186 202 273 185 203 
701 354 304 198 359 376 171 327 195 264 71 203 235 185 45 222 202 289 214 273 
702 198 359 304 171 354 331 327 127 185 186 202 203 
703 171 304 376 198 331 71 46 203 289 235 
704 327 354 127 376 46 195 264 359 331 171 185 214 273 235 202 289 
705 382 198 359 300 195 264 127 376 304 327 331 46 45 235 222 202 289 
706 327 195 304 300 71 46 264 127 171 203 202 185 222 273 235 186 289 
707 359 300 127 46 382 331 304 264 171 354 273 45 202 235 185 186 222 
708 327 198 331 300 127 376 304 195 264 186 185 222 235 45 289 
709 171 376 195 382 359 71 45 185 214 202 289 186 
710 327 264 46 195 71 171 198 304 300 376 203 235 186 222 202 289 
711 354 331 264 127 46 195 71 382 198 376 171 185 45 202 289 203 235 
712 304 195 376 382 300 264 127 46 273 185 186 214 
713 382 359 354 304 300 71 195 376 185 45 202 289 273 186 222 
714 171 382 359 354 46 300 71 127 214 289 185 203 202 273 
715 46 327 300 127 198 359 354 331 376 185 203 273 186 45 289 
716 327 382 300 264 195 331 289 185 203 235 
717 171 382 354 304 264 376 359 300 127 185 203 202 273 235 289 45 214 
718 382 376 359 304 127 300 264 171 222 235 185 186 289 273 
719 198 382 304 264 331 195 202 203 289 273 235 
720 382 304 376 171 198 354 300 264 46 359 202 214 222 289 185 45 203 273 
721 359 354 382 198 264 46 331 304 300 171 127 186 202 289 185 222 203 235 
722 354 304 71 359 195 171 382 198 127 185 45 289 273 214 222 203 
723 359 354 71 214 222 289 273 235 202 185 203 
724 354 300 376 382 359 331 171 304 71 46 185 222 202 273 
725 382 195 71 171 331 376 46 304 264 186 222 45 202 185 214 203 273 
726 304 300 195 127 46 198 359 354 331 376 171 327 45 202 186 214 235 203 273 
727 171 376 327 198 331 304 300 195 127 185 186 203 45 202 273 
728 171 304 195 127 382 359 327 71 354 376 46 214 202 273 186 289 
729 171 382 264 127 198 331 195 71 327 46 354 376 235 203 289 186 222 202 
730 359 382 198 354 300 376 195 264 71 127 186 202 289 273 235 45 185 222 
731 327 171 359 198 304 354 185 186 45 203 202 235 
732 264 382 198 359 304 327 195 71 289 203 
733 171 195 264 359 71 376 354 46 186 214 273 45 185 289 235 
734 327 171 382 331 300 264 198 185 186 45 214 202 203 222 
735 171 359 71 376 327 331 304 300 195 127 222 289 45 186 203 273 
736 198 331 264 171 382 359 354 376 46 289 273 214 222 203 202 235 
737 327 331 376 46 382 354 264 359 304 195 186 45 203 214 202 
738 327 359 264 300 195 376 382 171 45 203 202 289 222 273 
739 327 171 382 304 300 46 331 264 198 45 203 186 185 222 289 
740 327 171 354 304 127 376 331 264 222 214 289 273 45 203 202 235 
741 331 71 127 171 382 198 359 327 300 376 203 202 289 186 222 273 
742 354 304 300 195 264 127 327 171 376 46 359 186 214 202 273 235 185 
743 359 71 382 304 300 264 327 376 185 289 273 235 222 203 186 214 
744 331 71 127 46 195 382 304 327 376 235 185 203 289 273 
745 171 46 354 376 198 300 327 45 289 235 203 202 
746 171 198 127 300 376 382 359 354 327 186 45 203 202 235 273 
747 327 127 359 300 264 46 382 331 195 171 185 202 289 235 45 203 
748 264 304 195 71 127 46 382 331 300 222 203 202 214 186 289 
749 359 300 327 171 304 264 127 382 331 46 214 273 185 186 45 202 235 
750 327 331 195 71 376 382 354 171 46 359 127 214 186 222 273 
751 198 300 195 304 264 214 203 289 222 202 
752 300 71 46 354 264 327 382 198 195 45 203 289 235 273 
753 327 304 264 71 382 171 46 331 185 
754 327 171 71 376 46 198 354 195 127 203 289 273 45 
755 171 354 304 195 376 198 300 127 222 273 45 214 
756 71 354 304 198 327 195 46 45 289 185 186 214 222 203 202 273 235 
757 198 354 331 304 46 71 359 264 127 214 222 235 202 203 
758 171 71 127 198 382 354 45 214 203 289 186 273 202 
759 198 359 264 171 71 185 214 222 203 273 235 
760 171 71 46 359 300 195 327 235 273 186 45 214 
761 382 354 331 71 127 376 198 304 300 171 46 203 186 222 289 214 273 
762 327 376 171 382 264 71 198 359 331 127 203 289 273 185 235 202 
763 327 382 198 359 354 300 331 71 127 186 289 45 222 202 
764 171 198 359 300 264 127 382 354 304 195 376 46 45 203 289 186 214 185 
765 354 195 376 331 264 71 327 214 289 203 202 235 186 45 222 273 
766 171 354 304 71 359 382 327 376 185 203 202 45 214 186 235 
767 327 198 354 376 300 195 264 71 45 222 203 214 235 
768 327 354 331 127 304 359 195 46 202 289 45 
769 198 46 304 195 264 71 127 331 222 289 235 185 45 273 
770 327 264 127 198 331 171 376 300 71 45 273 185 214 222 289 
771 331 46 198 354 195 264 327 71 376 214 202 289 185 186 203 
772 171 304 71 382 354 331 264 198 376 46 235 185 222 203 45 214 202 
773 300 71 376 331 327 46 354 304 127 185 186 202 235 203 289 273 
774 171 382 331 46 300 198 327 185 203 235 45 214 202 
775 327 382 198 264 359 331 300 71 376 46 214 273 
776 327 382 304 359 264 185 214 273 186 45 222 235 
777 195 71 376 359 304 300 264 327 45 222 203 214 
778 354 127 198 376 171 359 195 264 289 273 185 222 202 214 
779 327 127 46 171 198 195 264 304 45 222 203 202 273 185 186 
780 331 264 376 171 300 46 327 202 45 222 273 185 214 
781 382 195 127 46 198 359 354 300 71 186 222 235 203 273 45 214 
782 359 331 300 382 71 376 304 195 235 289 186 214 202 
783 327 359 195 46 382 331 304 203 289 214 
784 171 359 300 195 376 304 71 127 185 45 214 289 222 203 
785 198 354 300 264 71 382 376 171 359 304 327 235 289 186 222 202 
786 171 71 376 354 195 186 214 45 203 235 
787 171 198 304 300 376 46 382 331 354 327 71 127 222 186 202 273 235 45 
788 382 376 46 171 264 359 354 331 300 127 185 289 45 214 235 203 273 
789 354 264 327 198 304 300 359 127 214 222 202 186 289 273 
790 198 359 331 304 300 127 382 195 376 185 222 186 273 
791 46 354 331 300 171 195 327 186 202 
792 198 359 331 46 382 300 71 127 273 185 186 45 222 202 214 
793 264 71 195 382 304 376 235 45 202 185 
794 198 304 127 359 331 264 300 71 376 46 185 214 222 202 289 273 235 
795 195 382 71 376 198 354 222 273 203 289 186 202 
796 327 354 300 382 198 376 171 331 304 185 202 289 235 203 45 222 
797 264 327 198 359 382 354 127 202 45 273 185 186 235 
798 327 198 71 376 171 359 264 354 304 222 289 45 214 235 186 
799 171 304 382 198 300 71 127 46 195 214 203 202 289 185 
800 198 359 304 195 264 46 354 331 327 71 127 185 186 214 222 273 203 45 202 
801 171 71 331 304 300 195 264 327 376 46 185 273 235 214 222 203 289 
802 171 198 195 264 376 327 331 304 300 359 354 46 222 185 289 235 186 45 214 203 
803 327 171 354 382 300 195 71 185 214 203 202 45 273 235 
804 171 354 331 304 300 264 127 376 359 71 198 185 45 214 202 186 
805 171 331 376 382 198 359 304 71 327 202 273 289 
806 382 198 304 127 171 264 46 359 354 331 195 71 376 186 222 273 214 235 
807 198 331 171 327 300 195 376 127 46 186 202 214 203 222 
808 382 304 359 264 327 354 127 185 214 202 45 222 273 235 
809 327 198 359 127 354 331 71 376 186 45 289 273 235 
810 264 46 171 304 71 127 327 382 359 300 202 203 273 222 289 
811 171 46 195 359 376 185 222 289 45 273 235 
812 171 198 331 304 264 71 376 46 202 203 235 186 45 214 222 273 
813 198 304 264 382 331 195 127 171 300 327 71 185 45 289 222 202 273 
814 327 382 195 71 46 198 127 376 45 202 235 185 214 222 
815 127 46 359 354 304 382 198 327 331 273 235 203 185 45 
816 198 354 300 195 376 382 359 327 273 235 289 
817 382 304 171 198 327 354 71 45 222 185 214 235 
818 327 359 195 264 71 127 198 171 235 45 222 
819 198 71 300 171 359 327 185 235 202 186 45 222 289 
820 71 376 198 359 331 300 354 171 195 127 327 222 203 45 214 
821 198 304 195 127 46 71 359 327 264 222 203 235 185 214 273 202 
822 171 198 264 359 327 127 376 46 354 195 214 203 273 186 45 289 
823 71 46 327 382 198 359 331 304 171 354 300 264 222 186 
824 300 376 46 354 331 71 304 45 203 289 273 222 186 235 
825 171 264 331 195 71 127 359 185 289 222 214 203 273 
826 331 46 327 198 127 382 304 195 264 185 222 273 186 45 203 235 
827 171 354 264 331 127 46 304 203 289 273 235 
828 327 304 300 127 376 46 203 289 273 185 214 202 235 186 
829 327 304 71 376 354 331 46 198 195 289 45 214 273 202 
830 327 171 264 127 382 359 300 198 354 376 289 235 203 202 273 45 
831 198 331 382 354 359 300 71 185 45 222 235 186 202 
832 359 71 327 171 198 354 331 127 186 45 235 214 273 
833 304 327 198 359 354 264 127 171 331 195 71 203 202 289 273 214 235 
834 327 300 127 46 171 304 195 71 45 214 289 203 235 
835 198 331 382 300 46 185 45 203 202 235 214 289 
836 304 46 171 354 195 127 359 71 376 203 273 289 202 
837 382 198 359 331 46 195 327 71 214 202 273 235 203 222 
838 171 382 331 264 127 359 354 376 185 235 45 214 222 202 
839 198 354 127 376 331 71 202 289 185 186 45 222 
840 382 71 376 354 264 127 327 331 195 222 
841 171 127 354 304 327 359 331 46 185 45 203 289 186 273 235 
842 304 300 376 382 195 264 171 354 331 327 127 214 289 222 273 203 235 
843 327 382 331 71 127 359 46 45 202 203 235 186 222 
844 304 300 127 171 359 71 327 376 382 331 203 289 186 202 
845 331 376 46 382 359 354 264 327 127 186 214 
846 327 354 300 127 264 198 185 214 222 203 289 
847 331 264 376 382 354 198 304 46 185 186 214 203 45 235 222 289 
848 198 300 195 127 376 331 304 171 359 354 46 45 214 235 202 273 
849 359 331 327 195 127 222 273 185 186 203 202 
850 376 331 359 354 195 127 185 214 222 202 289 235 
851 382 331 127 376 327 304 264 300 195 185 186 273 235 203 
852 71 327 382 304 127 376 46 198 195 45 185 214 203 202 235 
853 171 71 127 198 304 264 359 331 300 195 186 203 202 222 214 235 
854 354 304 195 300 127 171 327 264 186 203 202 235 185 214 222 
855 300 171 382 359 354 304 195 71 202 45 222 185 186 289 273 
856 171 198 376 195 382 354 300 127 203 186 235 185 45 214 273 
857 354 331 304 300 198 359 327 195 71 45 222 235 214 202 273 
858 327 359 304 195 376 46 300 264 71 185 222 202 235 186 273 
859 382 354 71 376 331 300 195 46 214 186 45 202 273 222 203 289 
860 359 304 171 382 331 198 300 264 222 273 
861 171 382 359 264 71 354 331 127 46 304 300 376 273 235 45 214 186 222 203 
862 171 354 331 127 46 264 382 198 304 185 214 45 273 186 203 202 235 
863 331 171 382 300 127 327 273 235 203 214 
864 382 264 46 300 71 127 289 235 45 203 202 
865 327 171 382 354 304 127 376 331 300 195 71 203 185 45 214 289 273 202 
866 304 300 327 354 264 127 359 195 171 71 376 46 186 185 45 203 289 235 
867 198 354 304 300 264 382 331 71 46 327 214 202 289 186 203 
868 327 198 195 127 171 382 354 331 376 186 203 289 202 235 
869 327 359 331 195 264 71 376 300 127 235 185 45 186 214 222 
870 171 198 359 195 264 71 127 46 300 376 273 235 289 
871 331 198 304 300 195 45 203 222 289 
872 382 198 331 71 304 300 354 195 127 376 289 273 235 45 214 222 203 
873 198 354 331 195 71 327 300 376 46 264 186 203 289 45 273 235 185 202 
874 171 354 331 127 327 195 376 304 71 222 202 273 185 289 
875 327 382 198 195 354 300 264 127 46 222 203 289 186 202 273 45 
876 198 359 304 264 127 71 214 273 203 289 
877 195 327 198 354 264 376 46 359 331 300 214 203 273 186 289 
878 171 359 331 46 382 354 327 195 127 304 376 186 203 202 289 
879 354 195 198 264 376 382 304 203 185 45 202 273 235 
880 382 198 300 195 376 354 304 327 127 359 171 186 45 203 
881 127 171 264 46 359 222 289 186 45 214 235 
882 198 354 171 382 359 46 331 71 127 45 289 214 222 185 273 235 
883 382 127 376 171 359 331 195 71 327 185 186 214 202 203 273 45 289 235 
884 327 171 382 198 304 127 264 376 46 186 202 289 273 45 222 
885 127 71 171 195 264 46 45 214 203 289 186 222 273 202 
886 171 198 331 71 46 382 300 195 264 376 354 127 186 222 203 235 214 
887 264 127 382 300 327 198 331 304 289 185 222 273 202 
888 46 327 359 195 171 304 300 127 45 203 202 273 185 186 214 
889 171 359 195 71 376 46 382 327 214 222 45 203 273 185 
890 304 127 171 359 382 331 202 185 45 289 235 
891 171 300 376 304 195 264 198 327 127 214 185 222 203 273 
892 327 171 127 198 359 354 331 304 71 46 382 195 264 45 214 222 203 202 289 235 273 
893 171 354 304 71 359 376 46 331 327 264 45 202 235 186 203 289 273 
894 382 304 376 171 198 331 71 327 46 186 289 202 273 214 235 
895 171 331 304 71 376 354 264 214 185 202 222 273 235 
896 331 304 46 127 198 359 289 273 222 186 45 
897 198 304 127 46 382 195 264 71 171 327 186 289 202 185 45 222 235 
898 195 127 359 331 304 300 46 382 171 264 185 45 222 273 289 
899 327 382 198 354 304 264 331 71 171 127 203 273 202 235 185 45 222 289 
900 359 354 195 198 327 300 71 382 127 185 214 203 289 186 45 222 202 273 
901 327 359 300 195 71 331 304 264 382 186 45 214 202 289 185 203 
902 327 382 195 127 46 198 359 376 171 264 202 273 186 203 289 235 
903 382 354 304 71 300 264 376 46 222 289 273 186 214 
904 327 359 304 264 382 198 171 127 354 300 214 203 202 289 185 186 45 222 273 
905 171 382 198 300 195 264 359 354 304 327 71 376 235 203 202 289 
906 327 198 304 382 354 331 300 376 359 264 46 214 222 202 203 
907 327 171 354 198 195 382 300 71 376 235 186 222 185 203 
908 195 264 198 331 304 71 382 171 46 202 289 222 273 186 
909 359 195 46 71 198 354 327 214 222 202 185 289 
910 382 359 354 71 376 198 304 195 127 185 214 203 273 289 
911 198 195 382 264 376 300 71 127 203 289 273 45 185 
912 198 354 71 331 300 382 304 264 127 185 45 222 203 202 273 214 289 
913 382 354 264 71 300 376 222 289 
914 327 359 354 264 198 376 71 202 289 222 185 273 
915 359 71 171 354 327 382 304 264 127 376 46 186 222 289 214 202 185 45 
916 198 300 331 304 264 71 382 359 195 186 203 202 185 45 222 289 235 
917 331 195 382 359 304 354 300 273 45 222 202 235 
918 327 264 304 127 171 359 300 273 214 289 235 185 45 203 
919 331 195 264 127 382 300 171 71 304 327 185 222 289 273 45 
920 382 304 300 327 127 359 376 46 202 289 45 222 203 273 235 
921 327 264 198 354 331 304 195 71 171 214 222 202 289 273 186 203 
922 359 354 264 71 127 331 304 171 186 185 203 289 235 
923 304 300 46 382 359 354 264 71 127 327 289 186 214 202 
924 171 359 264 354 195 198 46 186 45 203 273 289 235 
925 327 71 46 171 304 127 376 382 300 203 186 289 222 202 235 
926 71 127 376 171 198 304 264 327 185 203 289 235 186 222 
927 304 195 327 382 264 127 376 198 186 273 203 214 222 202 235 
928 382 71 171 198 354 300 195 264 46 304 376 185 202 214 273 186 
929 198 359 354 127 46 327 331 300 264 71 376 185 222 202 186 45 289 
930 331 46 382 300 195 264 127 71 376 185 186 214 203 273 235 
931 171 300 195 354 264 127 359 186 45 273 214 222 202 289 235 
932 327 376 359 300 195 71 382 171 46 222 203 186 
933 327 198 127 354 331 304 195 71 376 46 202 222 235 
934 171 327 382 359 331 127 46 304 376 222 202 185 186 203 235 
935 198 300 376 71 327 359 331 304 171 46 186 45 214 273 235 185 203 
936 327 171 382 264 376 354 331 195 198 304 71 186 202 45 214 273 
937 382 264 71 198 300 327 376 185 45 273 186 
938 327 171 198 359 304 46 195 331 264 127 185 214 235 45 203 289 273 222 
939 331 71 327 198 359 354 46 264 45 214 203 186 273 
940 359 195 264 71 300 327 46 382 198 304 376 185 186 222 273 214 203 235 
941 195 300 376 171 304 327 264 71 46 289 235 185 186 273 
942 382 304 354 376 46 289 185 273 235 203 202 
943 198 331 127 382 327 171 359 376 202 273 45 214 289 203 
944 359 304 195 46 382 331 264 171 185 202 273 186 45 214 203 
945 382 198 354 127 171 264 214 289 45 235 185 203 273 
946 327 195 264 71 382 359 354 304 300 46 222 273 203 289 186 
947 382 359 304 71 127 331 327 264 354 171 300 195 376 214 202 273 185 186 203 235 
948 382 331 359 354 304 300 195 71 376 222 202 273 45 214 203 235 
949 198 382 359 354 300 195 71 376 327 331 264 46 289 235 214 185 186 222 203 202 
950 359 327 171 300 195 186 214 222 235 185 202 
951 171 300 127 195 71 214 273 185 222 45 202 289 
952 382 331 304 171 198 127 359 71 376 203 202 235 273 
953 198 71 327 171 382 264 331 304 127 185 186 45 222 203 235 202 
954 354 382 359 300 264 71 185 273 186 222 202 235 289 
955 171 359 331 382 300 195 71 127 327 304 202 289 203 
956 304 264 127 376 46 171 382 354 300 327 222 185 186 45 202 235 
957 327 171 382 198 300 71 376 359 354 127 46 186 214 203 273 289 185 
958 327 198 264 71 359 376 382 300 45 202 235 214 289 
959 331 300 198 359 354 171 304 376 46 185 186 202 45 214 273 203 289 
960 354 327 331 195 71 376 46 359 264 214 45 222 203 202 273 289 
961 359 71 46 171 382 331 304 195 264 376 327 185 222 203 289 45 
962 331 300 46 354 359 171 127 214 222 203 185 202 289 
963 327 198 304 359 46 186 45 222 203 289 185 273 235 
964 127 359 327 171 382 331 300 376 46 203 273 185 45 214 202 289 186 
965 382 354 264 359 300 289 185 222 45 203 202 
966 198 127 46 359 354 300 71 382 304 264 376 222 202 186 185 273 
967 171 46 198 304 300 127 376 382 71 327 186 202 222 273 235 
968 354 304 71 359 327 331 300 264 171 127 376 186 222 202 185 203 273 214 235 
969 327 198 359 376 46 195 71 382 354 127 203 202 289 45 222 235 
970 382 198 264 71 327 222 289 186 45 273 202 
971 195 264 127 171 354 304 203 235 185 
972 127 46 171 359 264 185 214 222 203 273 202 186 
973 327 198 359 331 264 300 127 304 71 202 289 185 214 222 235 
974 327 382 359 331 376 46 354 304 300 195 264 186 222 203 202 45 273 235 185 
975 198 354 171 359 331 195 264 127 376 46 186 214 203 289 
976 382 331 376 304 195 71 171 186 214 203 235 45 222 
977 382 331 195 127 376 198 71 46 300 171 273 203 45 214 289 
978 327 359 331 71 354 304 195 127 376 382 289 222 185 45 214 
979 171 382 198 331 46 127 376 214 202 273 45 235 185 
980 327 71 304 195 376 171 382 354 331 300 46 185 202 235 
981 171 382 198 359 304 195 327 300 376 127 214 185 235 186 222 289 
982 46 171 382 304 300 127 198 327 195 71 186 202 289 273 203 214 
983 382 327 359 46 304 127 185 186 202 273 235 
984 198 331 264 71 359 171 127 354 202 214 222 203 186 289 
985 382 198 300 327 354 331 304 71 289 186 202 273 
986 327 195 264 359 300 46 186 222 202 289 
987 327 382 198 46 264 186 214 273 45 289 
988 304 376 382 331 195 198 354 300 71 214 185 186 222 45 203 289 273 
989 300 127 359 304 331 186 45 214 222 273 185 235 203 289 
990 327 198 354 171 359 127 46 264 376 185 214 202 235 186 45 
991 300 359 354 331 46 171 198 327 195 186 214 203 273 45 289 235 
992 304 46 171 198 300 327 354 195 264 45 202 235 214 289 
993 382 198 331 359 304 300 71 46 222 203 289 45 214 273 235 
994 382 376 46 171 304 300 71 327 222 273 235 203 289 185 214 202 
995 46 354 171 198 359 327 300 264 71 186 203 289 45 214 222 202 
996 198 359 354 304 46 264 71 127 331 300 186 214 273 45 185 
997 354 300 195 376 327 71 264 214 289 203 185 45 
998 304 382 71 127 198 300 376 185 214 222 273 45 186 289 
999 327 71 382 304 171 198 331 195 185 203 186 45 214 235 
