0 0.0 0.0 13933 1.0 29
1 0.0 0.0 14325 1.0 79
2 0.0 0.0 16536 1.0 74
3 0.0 0.0 3305 1.0 82
4 0.0 0.0 11151 0.0 10
5 0.0 0.0 5202 0.0 87
6 0.0 0.0 4936 1.0 53
7 0.0 0.0 8702 1.0 44
8 0.0 0.0 5908 0.0 97
9 0.0 0.0 4173 0.0 71
10 0.0 0.0 10897 0.0 3
11 0.0 0.0 15635 1.0 3
12 0.0 0.0 11230 0.0 32
13 0.0 0.0 789 1.0 58
14 0.0 0.0 8933 0.0 63
15 0.0 0.0 4198 0.0 32
16 0.0 0.0 13539 0.0 68
17 0.0 0.0 8286 0.0 38
18 0.0 0.0 991 1.0 41
19 0.0 0.0 8981 0.0 88
20 0.0 0.0 20023 1.0 28
21 0.0 0.0 5340 0.0 81
22 0.0 0.0 17117 1.0 57
23 0.0 0.0 2118 0.0 27
24 0.0 0.0 1249 1.0 63
25 0.0 0.0 10541 1.0 48
26 0.0 0.0 9067 0.0 80
27 0.0 0.0 17232 1.0 92
28 0.0 0.0 16224 0.0 80
29 0.0 0.0 19946 1.0 69
30 0.0 0.0 16874 0.0 4
31 0.0 0.0 12348 1.0 45
32 0.0 0.0 10709 1.0 17
33 0.0 0.0 754 1.0 80
34 0.0 0.0 4977 1.0 8
35 0.0 0.0 15626 1.0 48
36 0.0 0.0 13021 1.0 75
37 0.0 0.0 9014 0.0 30
38 0.0 0.0 19203 0.0 25
39 0.0 0.0 15219 0.0 23
40 0.0 0.0 1946 1.0 11
41 0.0 0.0 8126 1.0 14
42 0.0 0.0 10915 1.0 91
43 0.0 0.0 3623 1.0 68
44 0.0 0.0 8790 1.0 44
45 0.0 0.0 15864 1.0 62
46 0.0 0.0 6879 0.0 39
47 0.0 0.0 1273 0.0 19
48 0.0 0.0 11798 1.0 35
49 0.0 0.0 14091 0.0 73
