0 10.734684 59.918533 152968 1.0
1 10.770207 59.918335 41622 1.0
2 10.916677 59.828537 99189 1.0
3 10.757065 59.922375 147811 0.852
4 10.737758 59.907757 218145 1.0
5 10.731369 59.913425 134500 0.0
6 10.711818 60.009346 171976 1.0
7 10.691021 60.002586 86927 1.0
8 10.775229 59.917477 46383 0.0
9 10.762682 59.924206 148981 1.0
10 10.759096 59.924465 147648 1.0
11 10.751962 59.923508 214472 1.0
12 10.765345 59.93843 1034 1.0
13 10.639972 60.031143 171300 1.0
14 10.758678 59.92345 147656 1.0
15 10.757452 59.919167 147702 1.0
16 10.759346 59.923504 304220 1.0
17 10.741643 59.912773 50329 1.0
18 10.731152 59.913696 134500 1.0
19 10.846473 59.86365 96451 1.0
20 10.687952 59.903595 77032 1.0
21 10.766357 59.936703 148150 1.0
22 10.765368 59.935997 148522 1.0
23 10.764456 59.934723 147970 1.0
24 10.739028 59.912766 138268 1.0
25 10.741194 59.911972 138241 1.0
26 10.76095 59.894455 54118 1.0
27 10.741323 59.91375 3196 1.0
28 10.741578 59.91534 10616 1.0
29 10.678377 59.92173 19947 1.0
30 10.683354 59.920364 48131 0.0
31 10.739384 59.912323 157838 1.0
32 10.740333 59.912052 138380 0.0
33 10.716043 59.916306 147201 0.0
34 10.632134 59.99056 154831 1.0
35 10.759223 59.928116 279134 1.0
36 10.759226 59.928047 279144 1.0
37 10.755577 59.92342 184 1.0
38 10.746474 59.910618 168026 1.0
39 10.684556 59.920002 48093 1.0
40 10.663713 60.03623 134377 1.0
41 10.742343 59.908775 22655 0.0
42 10.769404 59.908348 168047 1.0
43 10.77946 59.908203 12138 1.0
44 10.776719 59.965424 23311 1.0
45 10.759935 59.928467 279077 1.0
46 10.671658 59.941814 128740 1.0
47 10.549547 60.051426 67036 1.0
48 10.738652 59.910526 158513 0.0
49 10.768079 59.933056 280156 0.0
50 10.655292 60.076504 217808 1.0
51 10.740072 59.92597 119880 1.0
52 10.761916 59.93416 27559 1.0
53 10.786099 59.94428 302410 1.0
54 10.759035 59.926064 147533 1.0
55 10.806266 59.961544 97378 1.0
56 10.742366 59.913048 52967 1.0
57 10.658409 60.024933 60101 1.0
58 10.781094 59.9119 296077 1.0
59 10.767571 59.906185 116388 1.0
60 10.773829 59.939465 284647 1.0
61 10.689491 60.05081 218051 1.0
62 10.764445 59.934307 147965 1.0
63 10.742049 59.913845 305725 0.0
64 10.907619 59.89158 215594 1.0
65 10.717649 59.928783 114010 1.0
66 10.728184 59.920563 110816 1.0
67 10.730386 59.91127 316611 1.0
68 10.685737 59.918766 48300 1.0
69 10.749395 60.07877 63524 1.0
70 10.690525 59.913963 169827 1.0
71 10.727982 59.92043 110815 1.0
72 10.720296 59.916763 147450 0.0
73 10.745901 59.910004 53699 0.0
74 10.880271 59.979317 239805 1.0
75 10.728962 59.921017 110862 1.0
76 10.761282 59.92155 148750 1.0
77 10.756986 59.927315 9 1.0
78 10.730426 59.919113 277440 1.0
79 10.760342 59.912262 3705 1.0
80 10.757765 59.913517 6737 1.0
81 10.759446 59.921116 147503 0.045
82 10.707752 59.925407 280929 1.0
83 10.815147 59.97074 252866 0.0
84 10.856671 59.87265 97248 1.0
85 10.780242 59.929596 124049 1.0
86 10.734819 59.917862 152975 1.0
87 10.747869 59.912727 245891 1.0
88 10.757257 59.92053 147793 1.0
89 10.732754 59.944054 241626 1.0
90 10.729635 59.911022 36816 1.0
91 10.794435 59.834164 244494 1.0
92 10.761353 59.910595 157979 1.0
93 10.703509 59.942783 219626 1.0
94 10.755459 59.912228 260280 1.0
95 10.746877 59.90977 25750 1.0
96 10.734023 59.932816 277335 1.0
97 10.740459 59.916668 64750 1.0
98 10.873594 59.953587 293376 1.0
99 10.793247 59.930897 309110 0.0
100 10.770494 59.935535 167757 1.0
101 10.737383 59.918583 153265 0.0
102 10.88046 59.850872 44673 1.0
103 10.740412 59.918083 153317 1.0
104 10.740452 59.917953 325161 1.0
105 10.709113 59.919306 234737 0.5
106 10.748234 59.912903 250073 1.0
107 10.718236 59.928185 138582 1.0
108 10.725548 59.90978 49187 1.0
109 10.786457 59.880352 35128 1.0
110 10.72824 59.92034 110901 1.0
111 10.731578 59.92731 138040 1.0
112 10.739856 59.923412 278752 1.0
113 10.7589 59.927155 304163 1.0
114 10.766897 59.911427 208143 0.0
115 10.75744 59.91867 147611 1.0
116 10.745901 59.910004 53699 0.0
117 10.732827 59.914246 189398 1.0
118 10.7377 59.915676 246170 1.0
119 10.752296 59.937435 279982 1.0
120 10.747458 59.911644 6821 1.0
121 10.734162 59.91394 245395 1.0
122 10.742593 59.914246 305724 0.0
123 10.735835 59.911625 144036 1.0
124 10.734869 59.913918 134724 1.0
125 10.739669 59.92462 152784 1.0
126 10.704665 59.918406 272183 0.4
127 10.732779 59.91368 245396 1.0
128 10.733205 59.914314 245384 1.0
129 10.716494 59.929504 113859 1.0
130 10.766112 59.949657 88810 1.0
131 10.72647 59.922993 138689 1.0
132 10.643743 59.94845 274404 1.0
133 10.728874 59.914192 28243 1.0
134 10.718286 59.92794 138543 0.0
135 10.634925 59.917183 281951 1.0
136 10.792537 59.923546 187855 0.0
137 10.711304 59.929344 48830 1.0
138 10.731607 59.923077 111045 1.0
139 10.719539 59.91483 271938 1.0
140 10.717223 59.929043 114011 1.0
141 10.709368 59.912907 164918 1.0
142 10.739778 59.92401 278829 1.0
143 10.774237 59.94716 80401 1.0
144 10.733818 59.95013 4181 1.0
145 10.736221 59.91425 116874 0.0
146 10.734256 59.93268 277336 1.0
147 10.716395 59.916576 274934 1.0
148 10.741323 59.91375 3196 1.0
149 10.729796 59.914364 256055 1.0
150 10.730244 59.914837 97838 1.0
151 10.723535 59.907967 117720 1.0
152 10.714131 59.947086 214322 0.0
153 10.69431 59.950808 139567 0.723
154 10.73994 59.91503 246173 1.0
155 10.727118 59.921364 110824 1.0
156 10.773207 59.915295 11635 1.0
157 10.634675 59.91747 178371 1.0
158 10.715856 59.92711 28362 1.0
159 10.741407 59.914288 246043 1.0
160 10.741445 59.913246 245997 1.0
161 10.738121 59.916542 209147 1.0
162 10.707019 59.912872 276411 1.0
163 10.762999 59.924614 164679 1.0
164 10.666486 59.96444 198839 1.0
165 10.718687 59.919277 147021 0.0
166 10.714696 59.916725 274941 1.0
167 10.714696 59.916725 274941 1.0
168 10.716694 59.916576 153534 1.0
169 10.751671 59.93763 46493 0.0
170 10.728981 59.941296 1867 1.0
171 10.752895 59.90268 194797 0.0
172 10.752551 59.92814 242412 0.0
173 10.728824 59.927162 45298 1.0
174 10.759249 59.92002 147693 1.0
175 10.731112 59.926285 133838 1.0
176 10.741251 59.9119 52961 0.0
177 10.771547 59.91421 11665 1.0
178 10.691744 59.909855 166559 0.0
179 10.743719 59.918217 145252 1.0
180 10.740619 59.923737 278887 1.0
181 10.751358 59.928215 119811 1.0
182 10.765637 59.938828 230378 0.0
183 10.74894 59.914257 11859 1.0
184 10.685838 59.906704 167860 1.0
185 10.752662 59.938095 50322 1.0
186 10.751951 59.916214 259351 1.0
187 10.77723 59.9101 280733 0.0
188 10.70256 59.92388 49351 1.0
189 10.735147 59.920074 153475 0.0
190 10.703959 59.942516 219720 1.0
191 10.739854 59.924232 1253 0.0
192 10.751939 59.914165 112295 1.0
193 10.741727 59.913036 245865 1.0
194 10.739081 59.92294 245010 0.0
195 10.704657 59.9184 272058 1.0
196 10.705807 59.919975 7997 1.0
197 10.800575 59.897076 74944 1.0
198 10.859846 59.8432 96327 1.0
199 10.757544 59.92113 147730 1.0
200 10.75707 59.92229 147788 0.133
201 10.741323 59.91375 3196 1.0
202 10.741323 59.91375 3196 1.0
203 10.735162 59.937912 196790 1.0
204 10.75241 59.91211 192296 1.0
205 10.753239 59.904713 184922 1.0
206 10.757489 59.93075 279248 0.0
207 10.647367 59.928745 113425 1.0
208 10.7417 59.913788 305728 1.0
209 10.866238 59.927256 151379 0.667
210 10.712823 59.929924 113723 1.0
211 10.714293 59.929756 123333 1.0
212 10.759194 59.923576 55540 1.0
213 10.751926 59.910774 294291 1.0
214 10.722706 59.908154 98338 1.0
215 10.650903 59.926624 180266 1.0
216 10.73868 59.9164 191026 1.0
217 10.756212 59.927208 75807 0.255
218 10.754605 59.937725 279834 0.423
219 10.716958 59.92833 138542 1.0
220 10.768276 59.908585 293534 0.0
221 10.751698 59.922504 121474 0.0
222 10.728719 59.910587 279504 1.0
223 10.732299 59.91358 315047 1.0
224 10.732289 59.91344 315039 1.0
225 10.733537 59.91294 144564 1.0
226 10.757585 59.90812 314133 1.0
227 10.763083 59.911343 35609 1.0
228 10.76434 59.91287 295588 1.0
229 10.772222 59.907616 3726 1.0
230 10.763617 59.921127 39896 1.0
231 10.751885 59.910686 294290 1.0
232 10.751024 59.910927 294292 1.0
233 10.740211 59.923744 278774 0.184
234 10.758236 59.90883 239454 1.0
235 10.728074 59.94764 155716 1.0
236 10.936223 59.966606 59326 1.0
237 10.766136 59.912464 3703 1.0
238 10.7668 59.948685 90673 1.0
239 10.763265 59.90955 181043 1.0
240 10.75433 59.9175 154229 1.0
241 10.761236 59.92602 112912 1.0
242 10.865564 59.927143 151384 1.0
243 10.730596 59.925457 110906 1.0
244 10.77161 59.907764 168051 1.0
245 10.767784 59.948975 287261 1.0
246 10.742035 59.914677 314992 1.0
247 10.775729 59.926403 160256 1.0
248 10.761196 59.934395 312935 1.0
249 10.750515 59.913177 244842 1.0
250 10.751023 59.923515 9993 1.0
251 10.751559 59.92196 214496 0.0
252 10.78293 59.908062 247499 1.0
253 10.735548 59.91282 144738 1.0
254 10.682554 59.92063 48144 0.0
255 10.742385 59.910797 261846 0.0
256 10.736629 59.913383 144744 1.0
257 10.66965 59.98594 154821 1.0
258 10.66965 59.98594 154821 1.0
259 10.66965 59.98594 154821 1.0
260 10.66965 59.98594 154821 1.0
261 10.632134 59.99056 154831 1.0
262 10.632134 59.99056 154831 1.0
263 10.63134 59.990517 154832 1.0
264 10.632134 59.99056 154831 1.0
265 10.761456 59.912907 168107 1.0
266 10.761456 59.912907 168107 1.0
267 10.761456 59.912907 168107 1.0
268 10.770207 59.918335 41622 1.0
269 10.760794 59.91283 276962 1.0
270 10.760794 59.91283 276962 1.0
271 10.760794 59.91283 276962 1.0
272 10.760794 59.91283 276962 1.0
273 10.75702 59.93098 256604 0.0
274 10.75702 59.93098 256604 0.0
275 10.75702 59.93098 256604 0.0
276 10.75702 59.93098 256604 0.0
277 10.770207 59.918335 41622 1.0
278 10.770207 59.918335 41622 1.0
279 10.770079 59.917828 41747 1.0
280 10.770079 59.917828 41747 1.0
281 10.724323 59.95344 126720 1.0
282 10.723604 59.959984 144451 1.0
283 10.724086 59.9596 73761 1.0
284 10.723604 59.959984 144451 1.0
285 10.75702 59.93098 256604 0.0
286 10.724559 59.953365 126742 1.0
287 10.724406 59.953239 240501 0.758
288 10.724296 59.953392 126721 1.0
289 10.811976 59.95308 72965 1.0
290 10.81192 59.95356 41225 1.0
291 10.81192 59.95356 41225 1.0
292 10.81192 59.95356 41225 1.0
293 10.723604 59.959984 144451 1.0
294 10.811976 59.95308 72965 1.0
295 10.81192 59.95356 41225 1.0
296 10.81192 59.95356 41225 1.0
297 10.814503 59.970467 97438 1.0
298 10.815052 59.970562 252866 1.0
299 10.815147 59.97074 252866 0.0
300 10.668421 59.997864 199315 1.0
301 10.81192 59.95356 41225 1.0
302 10.81192 59.95356 41225 1.0
303 10.81192 59.95356 41225 1.0
304 10.814843 59.970894 72678 1.0
305 10.668082 59.99823 106687 1.0
306 10.668421 59.997864 199315 1.0
307 10.668421 59.997864 199315 1.0
308 10.668627 59.99816 199319 1.0
309 10.668421 59.997864 199315 1.0
310 10.668121 59.997913 199313 1.0
311 10.668222 59.998264 106686 1.0
312 10.668272 59.997875 199314 1.0
313 10.663157 60.01751 182996 1.0
314 10.663157 60.01751 182996 1.0
315 10.663334 60.01742 182995 1.0
316 10.663157 60.01751 182996 1.0
317 10.668627 59.99816 199319 1.0
318 10.668121 59.997913 199313 1.0
319 10.668421 59.997864 199315 1.0
320 10.663157 60.01751 182996 1.0
321 10.663157 60.01751 182996 1.0
322 10.663334 60.01742 182995 1.0
323 10.663121 60.017853 87977 1.0
324 10.663342 60.017918 87978 1.0
