0 13.305798 52.448166 77120 1.0
1 13.313203 52.491196 98952 0.0
2 13.305122 52.51232 142917 1.0
3 13.431589 52.466736 501182 1.0
4 13.401169 52.547497 15186 1.0
5 13.299076 52.511185 142899 1.0
6 13.497479 52.508694 302048 0.0
7 13.391451 52.512222 502543 0.0
8 13.353097 52.54997 383885 0.0
9 13.41498 52.50395 50995 0.0
10 13.600941 52.479244 57223 0.0
11 13.352908 52.549995 179679 1.0
12 13.520069 52.513744 471192 1.0
13 13.285393 52.508213 14715 1.0
14 13.467172 52.552998 346601 1.0
15 13.314473 52.57103 8736 1.0
16 13.508263 52.49967 341518 1.0
17 13.42927 52.533127 13968 1.0
18 13.376805 52.51236 125196 1.0
19 13.381107 52.504845 477158 1.0
20 13.376515 52.51038 380705 0.0
21 13.376314 52.51137 408934 1.0
22 13.44417 52.560593 17153 0.0
23 13.214172 52.439407 166516 1.0
24 13.468698 52.528717 491915 1.0
25 13.51016 52.45661 246681 1.0
26 13.444664 52.48512 125810 1.0
27 13.469262 52.528103 342133 1.0
28 13.408053 52.536995 247108 1.0
29 13.444443 52.483635 222028 1.0
30 13.347915 52.549168 11637 1.0
31 13.430913 52.49782 131706 1.0
32 13.470217 52.511333 296870 1.0
33 13.387918 52.517914 484173 1.0
34 13.509491 52.453663 216943 1.0
35 13.511445 52.45466 377459 1.0
36 13.438965 52.49687 52240 1.0
37 13.509722 52.453968 372462 0.0
38 13.429377 52.55642 284206 1.0
39 13.410755 52.552383 12571 1.0
40 13.418421 52.493885 126339 1.0
41 13.418273 52.493664 114035 1.0
42 13.429559 52.532986 13998 1.0
43 13.414556 52.49312 113464 1.0
44 13.28364 52.589504 463535 0.0
45 13.429559 52.532986 13998 1.0
46 13.278027 52.588398 138059 1.0
47 13.501319 52.626957 188145 1.0
48 13.493859 52.500797 170836 1.0
49 13.493315 52.501614 332589 1.0
50 13.451221 52.51268 44211 1.0
51 13.493859 52.500797 170836 1.0
52 13.428681 52.486702 123760 1.0
53 13.320117 52.471592 8096 0.0
54 13.417729 52.493008 114032 1.0
55 13.323302 52.491528 39838 1.0
56 13.285061 52.58995 244538 1.0
57 13.285954 52.589863 245586 1.0
58 13.363557 52.526436 16579 1.0
59 13.434147 52.536945 23077 1.0
60 13.419715 52.49554 126344 1.0
61 13.43296 52.512844 395759 0.0
62 13.440261 52.515854 14795 1.0
63 13.432953 52.480106 53515 1.0
64 13.302021 52.50671 434384 1.0
65 13.303873 52.501995 1586 1.0
66 13.306456 52.505665 135751 1.0
67 13.305804 52.509705 5499 1.0
68 13.28754 52.589935 63183 1.0
69 13.282804 52.589306 132607 1.0
70 13.28712 52.59013 244546 1.0
71 13.285801 52.58985 367332 1.0
72 13.362906 52.49955 502874 1.0
73 13.363369 52.4996 224658 1.0
74 13.494683 52.514328 33599 0.0
75 13.362489 52.498943 149584 1.0
76 13.345147 52.48249 156164 1.0
77 13.644728 52.378765 448760 0.0
78 13.424397 52.4869 469098 1.0
79 13.409588 52.538452 445565 1.0
80 13.438155 52.500397 150961 1.0
81 13.241125 52.442844 405716 0.0
82 13.39217 52.49851 197074 1.0
83 13.439214 52.499702 52235 1.0
84 13.450862 52.522438 24222 1.0
85 13.453575 52.523125 24223 1.0
86 13.386305 52.5316 502440 1.0
87 13.42853 52.498676 329595 1.0
88 13.432633 52.4694 313471 1.0
89 13.431652 52.467922 160110 1.0
90 13.399117 52.508194 226244 1.0
91 13.394208 52.507915 149605 0.0
92 13.427101 52.487274 123762 1.0
93 13.429486 52.486286 424994 0.0
94 13.314797 52.518 9674 1.0
95 13.428726 52.486557 382947 1.0
96 13.297944 52.501057 977 0.0
97 13.29919 52.500656 976 0.0
98 13.310194 52.50655 416356 0.0
99 13.291163 52.506634 5923 0.0
100 13.462272 52.51319 8248 1.0
101 13.299139 52.506832 4766 1.0
102 13.432415 52.470142 164702 0.0
103 13.430383 52.469112 291581 1.0
104 13.393386 52.512802 160261 1.0
105 13.323408 52.517048 426885 1.0
106 13.385181 52.470955 242765 1.0
107 13.3865 52.49057 5779 1.0
108 13.313861 52.506527 300405 1.0
109 13.294465 52.513428 7529 1.0
110 13.296652 52.501316 7108 1.0
111 13.297944 52.501057 977 0.0
112 13.171373 52.482647 490299 1.0
113 13.575049 52.446465 54968 0.0
114 13.664894 52.41096 310653 1.0
115 13.389957 52.564827 15463 1.0
116 13.419451 52.496376 225929 1.0
117 13.574935 52.538357 481706 1.0
118 13.144901 52.45266 41270 0.0
119 13.373981 52.509483 499914 1.0
120 13.331503 52.463837 9878 0.0
121 13.203632 52.537476 29702 1.0
122 13.395598 52.50674 477202 1.0
123 13.307181 52.517315 416393 1.0
124 13.577275 52.446686 115892 1.0
125 13.436876 52.51703 400967 1.0
126 13.576339 52.44601 246884 1.0
127 13.576087 52.447456 41212 1.0
128 13.437863 52.536 14088 1.0
129 13.433556 52.53609 440512 1.0
130 13.442963 52.499138 49340 0.0
131 13.419068 52.49449 388098 1.0
132 13.392191 52.490547 187900 1.0
133 13.206591 52.53848 31043 1.0
134 13.20262 52.537918 28527 0.0
135 13.203932 52.537 31522 1.0
136 13.417649 52.51342 333968 1.0
137 13.419982 52.50225 149797 1.0
138 13.417271 52.50054 28262 1.0
139 13.416905 52.51187 13653 1.0
140 13.314364 52.506325 416350 1.0
141 13.348799 52.52465 478134 1.0
142 13.434424 52.535675 14071 0.0
143 13.440405 52.50063 465749 1.0
144 13.42952 52.467655 140356 1.0
145 13.4316 52.501396 142657 0.0
146 13.430186 52.467747 468643 1.0
147 13.427673 52.468113 140357 0.0
148 13.231811 52.585716 499104 1.0
149 13.430524 52.468433 140357 1.0
150 13.421548 52.509678 95331 1.0
151 13.429317 52.500854 142656 1.0
152 13.382695 52.411095 15934 0.0
153 13.311743 52.571724 104265 1.0
154 13.413208 52.512608 13641 1.0
155 13.420056 52.550735 295438 1.0
156 13.380491 52.46576 304040 1.0
157 13.388333 52.52053 478866 1.0
158 13.432038 52.501976 472059 0.0
159 13.385968 52.46609 304066 0.296
160 13.199477 52.535522 480103 1.0
161 13.238603 52.54258 136486 1.0
162 13.385357 52.455906 153132 1.0
163 13.422524 52.54466 43304 1.0
164 13.520299 52.461014 243473 1.0
165 13.408416 52.488884 16899 1.0
166 13.25934 52.431355 236343 1.0
167 13.430876 52.534473 23066 1.0
168 13.3764 52.52853 498757 1.0
169 13.304928 52.411026 270393 0.0
170 13.239647 52.542866 136486 0.0
171 13.238343 52.54473 53791 0.0
172 13.404749 52.48866 417205 0.0
173 13.240019 52.543346 272085 1.0
174 13.240626 52.54312 139637 1.0
175 13.240626 52.54312 139637 1.0
176 13.415271 52.543743 177258 1.0
177 13.46102 52.51108 59051 1.0
178 13.468147 52.515835 155869 1.0
179 13.328673 52.458794 237822 1.0
180 13.463598 52.514828 240124 1.0
181 13.443942 52.479736 313638 0.0
182 13.250403 52.539036 325336 1.0
183 13.346226 52.553486 463558 1.0
184 13.430999 52.53424 14000 1.0
185 13.386177 52.55847 15369 1.0
186 13.36286 52.56537 80464 1.0
187 13.409465 52.504 248167 1.0
188 13.412498 52.532784 141132 1.0
189 13.561505 52.50564 120638 1.0
190 13.461518 52.512115 8249 1.0
191 13.46102 52.51108 59051 1.0
192 13.381174 52.465637 304131 1.0
193 13.383544 52.465794 245826 1.0
194 13.422424 52.476906 280643 1.0
195 13.203632 52.537476 29702 1.0
196 13.390524 52.545765 171627 1.0
197 13.411497 52.48951 244401 0.0
198 13.385644 52.55886 231265 1.0
199 13.386195 52.55871 15371 1.0
200 13.424382 52.528893 100647 0.0
201 13.439214 52.499702 52235 1.0
202 13.425728 52.52986 270345 1.0
203 13.424651 52.528126 169941 1.0
204 13.156855 52.53337 273633 0.0
205 13.469665 52.614292 243408 1.0
206 13.475461 52.514004 283099 1.0
207 13.157519 52.53315 161020 1.0
208 13.320982 52.458004 243556 0.0
209 13.31918 52.45761 295121 1.0
210 13.459698 52.49463 498214 0.0
211 13.321924 52.456528 135882 1.0
212 13.307277 52.50888 80076 1.0
213 13.449795 52.521584 14537 1.0
214 13.439214 52.499702 52235 1.0
215 13.423597 52.500088 40728 0.0
216 13.424993 52.4813 128323 1.0
217 13.424868 52.481663 7921 0.0
218 13.328157 52.48019 4576 1.0
219 13.329798 52.46615 227430 1.0
220 13.31918 52.45761 295121 1.0
221 13.322567 52.45872 261267 1.0
222 13.31918 52.45761 295121 1.0
223 13.319562 52.45731 149667 1.0
224 13.398055 52.483444 177864 1.0
225 13.201297 52.54774 25218 0.0
226 13.489452 52.46389 288091 1.0
227 13.20169 52.54698 31958 1.0
228 13.431144 52.536957 13980 1.0
229 13.232092 52.539856 442590 0.0
230 13.424868 52.481663 7921 0.0
231 13.430317 52.53724 13981 1.0
232 13.313886 52.46431 5734 1.0
233 13.50404 52.509525 18260 0.0
234 13.265663 52.536816 80788 0.0
235 13.271036 52.536514 80780 0.0
236 13.385959 52.516975 346459 1.0
237 13.569628 52.563152 39370 1.0
238 13.397416 52.42389 19467 1.0
239 13.624474 52.44813 38248 1.0
240 13.293783 52.461937 45479 1.0
241 13.372726 52.44597 330058 1.0
242 13.287604 52.452885 329296 1.0
243 13.289735 52.45294 96346 0.0
244 13.42487 52.481876 145377 1.0
245 13.129197 52.528275 278333 1.0
246 13.459069 52.52048 130862 1.0
247 13.432165 52.497295 329151 1.0
248 13.389332 52.458683 202297 0.0
249 13.361862 52.5494 9551 1.0
250 13.423035 52.499043 329569 1.0
251 13.387393 52.51019 11154 1.0
252 13.402846 52.520115 327404 0.0
253 13.402846 52.520115 327404 0.0
254 13.402726 52.52423 297996 1.0
255 13.402525 52.519066 355953 0.0
256 13.461049 52.550568 103963 1.0
257 13.270081 52.45027 196448 1.0
258 13.462594 52.549698 23302 0.0
259 13.462703 52.54972 144535 1.0
260 13.571886 52.53738 64650 1.0
261 13.39255 52.524364 33562 1.0
262 13.554515 52.5137 123772 1.0
263 13.428671 52.47191 45636 1.0
264 13.406002 52.552746 12566 1.0
265 13.274097 52.46062 61954 0.0
266 13.431712 52.48955 280797 1.0
267 13.514515 52.505314 360595 1.0
268 13.51776 52.509888 18381 1.0
269 13.427407 52.47479 128338 1.0
270 13.295505 52.497932 149132 1.0
271 13.512393 52.507233 360609 1.0
272 13.361846 52.553078 144427 1.0
273 13.406291 52.54745 408789 1.0
274 13.383755 52.530746 310536 0.0
275 13.383484 52.530674 488837 1.0
276 13.427959 52.488342 313633 1.0
277 13.382183 52.531273 411095 1.0
278 13.451084 52.508297 284981 1.0
279 13.425583 52.489407 280353 1.0
280 13.324045 52.486702 82501 1.0
281 13.326244 52.48645 38255 1.0
282 13.310315 52.431076 118726 1.0
283 13.488842 52.467037 52595 1.0
284 13.512494 52.507965 360610 1.0
285 13.206894 52.56209 60280 1.0
286 13.37365 52.50637 395271 1.0
287 13.467411 52.553944 135670 0.462
288 13.430876 52.533123 426993 1.0
289 13.430384 52.533314 426990 1.0
290 13.474073 52.5664 291748 1.0
291 13.431502 52.532074 14016 1.0
292 13.424283 52.539555 439253 1.0
293 13.17157 52.520123 28929 1.0
294 13.431479 52.552177 23290 0.0
295 13.379498 52.5235 11433 1.0
296 13.324413 52.428467 421591 1.0
297 13.434932 52.461304 27456 1.0
298 13.444726 52.492855 448578 1.0
299 13.422382 52.540405 288930 1.0
300 13.337314 52.503334 325017 1.0
301 13.355866 52.54306 408940 1.0
302 13.432395 52.594437 387690 1.0
303 13.43342 52.606827 340319 1.0
304 13.443397 52.484165 307053 1.0
305 13.34776 52.48899 463214 1.0
306 13.434221 52.443436 285965 1.0
307 13.305359 52.525707 52273 0.0
308 13.573865 52.44322 285687 1.0
309 13.434641 52.443188 285961 0.0
310 13.300782 52.531033 485024 1.0
311 13.451536 52.509598 223835 1.0
312 13.353258 52.49104 203201 1.0
313 13.353666 52.493446 203199 1.0
314 13.525491 52.491924 186553 0.716
315 13.353666 52.493446 203199 1.0
316 13.460307 52.43207 482055 1.0
317 13.41858 52.530193 79313 1.0
318 13.346185 52.489204 309392 1.0
319 13.343178 52.488716 465882 1.0
320 13.540996 52.43515 289413 1.0
321 13.612215 52.51179 236496 1.0
322 13.499805 52.509457 18233 1.0
323 13.577194 52.53629 103685 1.0
324 13.429278 52.484184 342075 1.0
325 13.525903 52.458813 303751 1.0
326 13.353258 52.49104 203201 1.0
327 13.428109 52.493313 234252 1.0
328 13.412749 52.548637 209823 1.0
329 13.528026 52.489742 142189 1.0
330 13.423333 52.493088 184 1.0
331 13.409836 52.54813 15183 1.0
332 13.411755 52.521767 446091 1.0
333 13.411359 52.521687 231836 1.0
334 13.612215 52.51179 236496 1.0
335 13.405018 52.54033 177205 1.0
336 13.625069 52.4538 403955 1.0
337 13.289742 52.63328 356440 1.0
338 13.433019 52.468117 160109 1.0
339 13.389775 52.434948 139935 1.0
340 13.507544 52.493946 338199 1.0
341 13.37802 52.444633 171452 0.0
342 13.379064 52.498085 48652 1.0
343 13.386909 52.531258 209372 1.0
344 13.352045 52.59695 282806 0.0
345 13.351501 52.59644 411735 1.0
346 13.413564 52.5116 329049 1.0
347 13.327786 52.428623 462778 1.0
348 13.428109 52.493313 234252 1.0
349 13.413183 52.511723 113093 0.0
350 13.428025 52.492634 17668 1.0
351 13.428061 52.492925 234253 0.571
352 13.426008 52.478733 340581 0.0
353 13.429389 52.481335 16890 1.0
354 13.425319 52.479755 128328 1.0
355 13.425525 52.48085 385421 1.0
356 13.379015 52.507 2282 1.0
357 13.425607 52.47889 189571 1.0
358 13.352045 52.59695 282806 0.0
359 13.426369 52.490124 17674 1.0
360 13.43644 52.49374 329136 1.0
361 13.356593 52.523613 436418 1.0
362 13.417767 52.49972 232607 1.0
363 13.418918 52.501385 17729 1.0
364 13.430289 52.486145 123765 0.0
365 13.430587 52.48645 313799 1.0
366 13.336992 52.52656 92540 1.0
367 13.337693 52.52667 135381 1.0
368 13.331636 52.53221 132986 1.0
369 13.379043 52.524864 434413 1.0
370 13.550966 52.534496 34520 1.0
371 13.448256 52.47757 197381 1.0
372 13.391997 52.520058 13229 1.0
373 13.386368 52.51367 11140 1.0
374 13.341425 52.526608 491701 0.0
375 13.396898 52.532467 43788 1.0
376 13.455019 52.50771 271215 0.0
377 13.39292 52.48923 11100 1.0
378 13.446256 52.549973 290279 1.0
379 13.335232 52.530586 458415 0.0
380 13.502867 52.45549 146912 0.0
381 13.327971 52.46456 115090 1.0
382 13.441904 52.46954 463627 0.0
383 13.502867 52.45549 146912 0.0
384 13.404675 52.527573 13846 1.0
385 13.406545 52.527233 13845 1.0
386 13.460891 52.510822 65252 1.0
387 13.319819 52.512867 347309 0.0
388 13.40943 52.52894 454546 1.0
389 13.39344 52.51246 160262 1.0
390 13.394327 52.491165 227976 1.0
391 13.410176 52.528046 454587 0.0
392 13.487076 52.46557 285622 1.0
393 13.38693 52.549786 427333 1.0
394 13.287015 52.43385 300205 1.0
395 13.421903 52.53549 79296 1.0
396 13.30104 52.5261 296644 0.0
397 13.448101 52.49072 313740 1.0
398 13.554692 52.55735 301225 0.0
399 13.379868 52.503464 200306 1.0
400 13.332971 52.59504 174063 1.0
401 13.422833 52.537064 79292 1.0
402 13.335679 52.47151 251625 1.0
403 13.334537 52.58736 165410 1.0
404 13.497479 52.508694 302048 0.0
405 13.439214 52.499702 52235 1.0
406 13.421457 52.495598 322434 1.0
407 13.25987 52.43044 205994 1.0
408 13.408058 52.51741 461267 1.0
409 13.452539 52.456913 31254 1.0
410 13.4642 52.509617 44218 1.0
411 13.407454 52.523838 214343 1.0
412 13.405257 52.523468 196694 1.0
413 13.382944 52.498623 465688 0.0
414 13.440287 52.48947 376445 1.0
415 13.429059 52.48428 342076 1.0
416 13.311266 52.508873 156602 0.0
417 13.436184 52.48372 267312 1.0
418 13.451989 52.5106 223836 1.0
419 13.388724 52.518684 240068 1.0
420 13.359734 52.54794 264274 1.0
421 13.451989 52.5106 223836 1.0
422 13.310301 52.493862 10766 0.0
423 13.357045 52.547684 179666 1.0
424 13.498759 52.5108 481545 1.0
425 13.570722 52.564243 39361 1.0
426 13.415206 52.544155 341988 1.0
427 13.460055 52.517292 271227 1.0
428 13.342249 52.467056 10892 1.0
429 13.434718 52.46898 134584 1.0
430 13.37872 52.54434 386767 0.0
431 13.48403 52.46324 52464 1.0
432 13.351089 52.54098 9232 0.0
433 13.349428 52.541897 404979 1.0
434 13.503185 52.421112 99790 1.0
435 13.402683 52.533478 58779 1.0
436 13.578157 52.457237 99575 1.0
437 13.578092 52.457157 167543 1.0
438 13.56748 52.5697 275619 1.0
439 13.578451 52.457817 140523 0.0
440 13.412515 52.568325 22355 1.0
441 13.496181 52.506493 302052 1.0
442 13.46049 52.49287 161326 1.0
443 13.379719 52.429504 27481 1.0
444 13.423199 52.477203 313726 1.0
445 13.389042 52.39846 31305 0.0
446 13.335914 52.521988 158305 1.0
447 13.398666 52.522995 71524 1.0
448 13.43598 52.48218 136141 0.0
449 13.322049 52.497253 4260 1.0
450 13.427593 52.490227 17675 1.0
451 13.43598 52.48218 136141 0.0
452 13.433933 52.48483 267314 1.0
453 13.304955 52.619328 130452 1.0
454 13.495591 52.504852 163212 1.0
455 13.38289 52.52311 334386 1.0
456 13.413873 52.54926 300767 1.0
457 13.424042 52.54613 65291 1.0
458 13.437097 52.533928 311472 1.0
459 13.328366 52.48686 92844 1.0
460 13.216934 52.438923 484749 1.0
461 13.371763 52.533237 205283 1.0
462 13.393872 52.426548 401148 1.0
463 13.195051 52.4304 130719 1.0
464 13.568293 52.57138 275626 0.0
465 13.3361 52.523415 155463 1.0
466 13.420271 52.533127 328033 1.0
467 13.31111 52.43298 139817 1.0
468 13.405422 52.548725 408783 1.0
469 13.446578 52.521362 14458 1.0
470 13.412969 52.546776 15177 1.0
471 13.330441 52.52382 83369 1.0
472 13.346133 52.503624 320769 1.0
473 13.346265 52.503704 320771 1.0
474 13.483186 52.49681 183594 1.0
475 13.387863 52.511463 382613 0.0
476 13.412827 52.49055 388097 0.324
477 13.283346 52.506386 492949 0.684
478 13.39978 52.522022 71516 1.0
479 13.402091 52.528965 185253 1.0
480 13.301297 52.49467 241338 1.0
481 13.342704 52.531914 461715 1.0
482 13.47753 52.501465 464887 1.0
483 13.329119 52.52124 344994 1.0
484 13.373891 52.50947 499912 1.0
485 13.433525 52.531208 14017 1.0
486 13.459277 52.51041 65260 1.0
487 13.321938 52.52106 2562 1.0
488 13.249256 52.610035 324632 1.0
489 13.423861 52.55372 15209 1.0
490 13.446649 52.49876 437395 1.0
491 13.445434 52.499256 52238 0.0
492 13.443907 52.500076 62229 0.0
493 13.442267 52.498463 17580 1.0
494 13.28665 52.584755 186086 1.0
495 13.421984 52.499027 329579 1.0
496 13.384354 52.53205 11731 0.0
497 13.323135 52.491047 359715 0.0
498 13.406543 52.498535 197939 1.0
499 13.400759 52.530334 189030 1.0
500 13.412502 52.54496 319195 1.0
501 13.37984 52.52412 277530 1.0
502 13.419536 52.543182 15166 1.0
503 13.408576 52.537724 499385 0.0
504 13.351132 52.524376 2404 1.0
505 13.402366 52.510807 13596 1.0
506 13.507607 52.49955 125756 0.0
507 13.431411 52.467106 501146 1.0
508 13.56362 52.57082 229420 1.0
509 13.448519 52.5124 426646 0.0
510 13.484297 52.4633 285628 1.0
511 13.423982 52.48985 260712 1.0
512 13.261969 52.487827 394372 1.0
513 13.439737 52.483948 162305 1.0
514 13.389668 52.52577 2341 1.0
515 13.261341 52.444695 20966 1.0
516 13.393977 52.526485 162147 1.0
517 13.392896 52.52748 310521 1.0
518 13.39354 52.5264 162148 1.0
519 13.393407 52.525993 322540 0.0
520 13.35432 52.4971 8004 1.0
521 13.403427 52.522774 193531 1.0
522 13.403474 52.519615 442705 0.0
523 13.354459 52.498238 115564 1.0
524 13.482468 52.50409 225876 1.0
525 13.473441 52.53601 17858 1.0
526 13.297907 52.510456 4763 1.0
527 13.578235 52.454315 37841 1.0
528 13.400814 52.522522 71071 1.0
529 13.390853 52.504517 330045 1.0
530 13.41428 52.550686 325245 1.0
531 13.412672 52.541386 177349 1.0
532 13.395211 52.539555 468117 1.0
533 13.394186 52.50599 325876 1.0
534 13.414556 52.49312 113464 1.0
535 13.257287 52.435043 299646 1.0
536 13.408846 52.522915 71092 0.0
537 13.474241 52.45349 195480 0.0
538 13.454704 52.507397 271199 1.0
539 13.406818 52.524864 52171 1.0
540 13.198684 52.55385 453566 1.0
541 13.271174 52.51025 3001 1.0
542 13.39083 52.504646 477127 1.0
543 13.401751 52.52199 327272 0.0
544 13.316134 52.453598 300731 1.0
545 13.421033 52.48189 139394 1.0
546 13.293554 52.4455 473053 1.0
547 13.440391 52.49659 17580 0.0
548 13.261501 52.51674 85419 1.0
549 13.405018 52.54033 177205 1.0
550 13.430727 52.49791 131707 1.0
551 13.333139 52.505913 304648 1.0
552 13.477806 52.50467 217369 1.0
553 13.327896 52.472992 266562 1.0
554 13.35544 52.597565 165664 1.0
555 13.392102 52.563854 15463 0.0
556 13.244039 52.5782 106244 1.0
557 13.405951 52.531082 12632 1.0
558 13.437622 52.50331 346748 1.0
559 13.45642 52.50183 140002 0.0
560 13.461121 52.517094 271228 1.0
561 13.395463 52.525032 329278 1.0
562 13.379608 52.522854 221648 0.0
563 13.309217 52.467064 88395 1.0
564 13.33582 52.528564 9095 1.0
565 13.35825 52.49443 325079 1.0
566 13.327902 52.473034 88430 0.0
567 13.328153 52.472996 428035 1.0
568 13.431502 52.532074 14016 1.0
569 13.341292 52.52547 496859 0.0
570 13.297343 52.495617 149112 1.0
571 13.507442 52.492348 200325 1.0
572 13.400621 52.52381 144102 1.0
573 13.458391 52.51056 65259 1.0
574 13.397901 52.524956 371860 1.0
575 13.395331 52.527817 393017 1.0
576 13.353911 52.497036 8003 1.0
577 13.353911 52.497036 8003 1.0
578 13.508793 52.574463 406059 1.0
579 13.294 52.508909 88778 0.833
580 13.412723 52.55398 175214 1.0
581 13.388354 52.43912 315965 1.0
582 13.342138 52.525528 11506 1.0
583 13.446 52.54622 346674 1.0
584 13.374756 52.50862 11780 1.0
585 13.504478 52.573086 433860 1.0
586 13.353666 52.493446 203199 1.0
587 13.384207 52.512356 250388 1.0
588 13.353666 52.493446 203199 1.0
589 13.353309 52.492004 203200 1.0
590 13.35432 52.4971 8004 1.0
591 13.353666 52.493446 203199 1.0
592 13.433302 52.470802 435080 1.0
593 13.397983 52.53507 355607 1.0
594 13.332956 52.501728 256468 1.0
595 13.328391 52.46814 135847 1.0
596 13.331155 52.503113 302137 0.0
597 13.333597 52.50421 127498 1.0
598 13.326866 52.50202 337356 0.0
599 13.331149 52.502316 302771 1.0
600 13.319855 52.50589 149331 1.0
601 13.489156 52.512127 388222 0.0
602 13.423175 52.53522 13962 1.0
603 13.29743 52.49726 488568 0.0
604 13.45644 52.507412 17401 0.0
605 13.423268 52.535316 338959 1.0
606 13.391111 52.520363 302259 1.0
607 13.455795 52.507626 199386 1.0
608 13.45517 52.51011 95771 1.0
609 13.456634 52.510838 65259 0.0
610 13.456634 52.510838 65259 0.0
611 13.32249 52.497105 2116 1.0
612 13.323888 52.49523 353449 1.0
613 13.32177 52.493023 2067 1.0
614 13.452217 52.45821 333386 1.0
615 13.324388 52.497765 353446 1.0
616 13.442464 52.501028 17547 0.5
617 13.450512 52.509228 17337 0.543
618 13.430536 52.485916 285280 1.0
619 13.431284 52.48565 313864 1.0
620 13.431284 52.48565 313864 1.0
621 13.431456 52.485733 267320 1.0
622 13.44867 52.4663 392529 1.0
623 13.318721 52.498188 4117 1.0
624 13.432448 52.48388 162313 1.0
625 13.352212 52.496796 8002 1.0
626 13.323332 52.49778 4248 1.0
627 13.323332 52.49778 4248 1.0
628 13.453033 52.503267 441934 0.811
629 13.328158 52.495 114052 0.0
630 13.425036 52.480633 16885 0.0
631 13.534797 52.43341 293250 1.0
632 13.342395 52.4346 75381 1.0
633 13.449291 52.505295 256553 0.0
634 13.333258 52.528797 356724 1.0
635 13.407777 52.517284 355924 1.0
636 13.624425 52.447693 38247 1.0
637 13.33325 52.50642 446247 1.0
638 13.35429 52.49809 491762 1.0
639 13.35449 52.49732 491765 1.0
640 13.325779 52.531715 141242 1.0
641 13.322504 52.511234 320935 1.0
642 13.326918 52.496437 4148 1.0
643 13.312592 52.51311 455829 1.0
644 13.422812 52.532867 412000 0.0
645 13.309633 52.47631 243868 1.0
646 13.394318 52.519257 443164 1.0
647 13.441768 52.482933 162306 1.0
648 13.427953 52.491993 234254 1.0
649 13.400814 52.548405 73562 1.0
650 13.301482 52.509796 7348 1.0
651 13.452199 52.50835 199378 1.0
652 13.322266 52.504784 3456 1.0
653 13.41089 52.530045 344508 1.0
654 13.319816 52.50406 227884 1.0
655 13.319816 52.50406 227884 1.0
656 13.289226 52.631935 409785 1.0
657 13.385432 52.52352 334365 1.0
658 13.28805 52.518898 129543 1.0
659 13.28805 52.518898 129543 1.0
660 13.290194 52.518368 48433 1.0
661 13.290601 52.519054 3720 0.0
662 13.286689 52.51862 4939 1.0
663 13.2864 52.51968 129538 1.0
664 13.379976 52.51656 379875 1.0
665 13.431457 52.49674 171707 1.0
666 13.307231 52.525703 2970 1.0
667 13.38016 52.516666 379877 1.0
668 13.320826 52.505157 1206 1.0
669 13.428121 52.499184 166882 1.0
670 13.404307 52.520287 355928 1.0
671 13.423985 52.477295 180650 0.0
672 13.416935 52.53534 297850 1.0
673 13.407135 52.533257 12629 1.0
674 13.422825 52.532967 13958 1.0
675 13.422536 52.532963 412003 0.0
676 13.430723 52.46847 134586 0.0
677 13.422746 52.532993 13957 1.0
678 13.431457 52.49674 171707 1.0
679 13.328606 52.47712 408828 1.0
680 13.4263 52.485283 344323 0.0
681 13.311448 52.511993 501428 1.0
682 13.431156 52.483196 132810 1.0
683 13.427078 52.485046 18843 1.0
684 13.432792 52.48511 313865 1.0
685 13.431156 52.483196 132810 1.0
686 13.343904 52.46714 169401 1.0
687 13.428415 52.484432 18845 1.0
688 13.343866 52.55515 171001 1.0
689 13.373676 52.556576 332465 0.0
690 13.479687 52.516777 327656 1.0
691 13.412951 52.533115 80162 1.0
692 13.419596 52.531273 457564 0.0
693 13.41254 52.493397 381651 1.0
694 13.39592 52.496105 436373 0.0
695 13.424089 52.532536 13940 1.0
696 13.420645 52.495384 290359 1.0
697 13.408237 52.522636 182728 1.0
698 13.420645 52.495384 290359 1.0
699 13.420826 52.495617 230202 0.339
700 13.495954 52.41558 488960 1.0
701 13.411419 52.540188 179 0.0
702 13.449 52.48515 313615 1.0
703 13.430777 52.499866 339508 1.0
704 13.453094 52.429665 466963 1.0
705 13.307961 52.506668 129558 1.0
706 13.478038 52.429684 135214 1.0
707 13.458892 52.431393 140599 0.0
708 13.3258 52.482704 360650 1.0
709 13.468175 52.427788 135066 1.0
710 13.542723 52.527584 141026 0.0
711 13.423301 52.500576 40728 1.0
712 13.544932 52.436768 290135 1.0
713 13.322229 52.484062 351648 1.0
714 13.586788 52.520622 76635 1.0
715 13.40656 52.538498 412088 0.0
716 13.587272 52.4185 170862 1.0
717 13.436664 52.470833 98836 1.0
718 13.319571 52.486523 1332 1.0
719 13.316997 52.50252 419250 1.0
720 13.411762 52.522907 446081 1.0
721 13.412094 52.523468 329269 1.0
722 13.336215 52.526726 177932 1.0
723 13.411762 52.522907 446081 1.0
724 13.288924 52.6326 346616 0.0
725 13.418338 52.529636 88490 1.0
726 13.582966 52.515057 477926 1.0
727 13.388105 52.52024 239166 1.0
728 13.431502 52.532074 14016 1.0
729 13.343168 52.50207 37900 1.0
730 13.296432 52.555237 215596 1.0
731 13.306154 52.50861 5501 1.0
732 13.291307 52.554363 215636 1.0
733 13.291605 52.553947 46239 1.0
734 13.421783 52.493343 136176 1.0
735 13.291584 52.553318 215730 1.0
736 13.338799 52.450935 300883 1.0
737 13.341384 52.45076 429210 1.0
738 13.307308 52.499348 127532 1.0
739 13.338749 52.44895 222368 1.0
740 13.400345 52.386677 445951 0.811
741 13.443907 52.500076 62229 0.0
742 13.327113 52.52755 87505 0.0
743 13.327113 52.52755 87505 0.0
744 13.327971 52.46456 115090 1.0
745 13.328215 52.465343 135854 1.0
746 13.292851 52.446327 92623 0.0
747 13.293868 52.5118 10608 1.0
748 13.347978 52.5213 286417 1.0
749 13.5548 52.501064 308859 1.0
750 13.323998 52.512024 330321 1.0
751 13.359439 52.55076 9550 1.0
752 13.368195 52.54468 11611 0.421
753 13.280787 52.587013 483544 1.0
754 13.367173 52.551334 458390 1.0
755 13.394178 52.485852 317471 0.067
756 13.33352 52.505276 397552 1.0
757 13.368452 52.544647 11608 1.0
758 13.327971 52.46456 115090 1.0
759 13.314838 52.512596 480866 1.0
760 13.377937 52.491917 209106 1.0
761 13.393939 52.49161 73423 1.0
762 13.312395 52.49926 4255 1.0
763 13.407604 52.539368 177206 1.0
764 13.561266 52.537926 32998 1.0
765 13.520026 52.525833 339635 1.0
766 13.373469 52.486504 110761 1.0
767 13.56508 52.542805 32411 1.0
768 13.401505 52.4903 73374 1.0
769 13.547188 52.43758 337664 1.0
770 13.296222 52.49972 270149 1.0
771 13.388598 52.51957 229601 1.0
772 13.356774 52.54765 9271 1.0
773 13.334581 52.550865 31758 1.0
774 13.387928 52.493484 243 1.0
775 13.333714 52.52445 9847 1.0
776 13.395677 52.53881 20481 1.0
777 13.382949 52.530827 502244 1.0
778 13.38919 52.515408 353393 1.0
779 13.270908 52.509045 459495 1.0
780 13.377124 52.508244 380739 1.0
781 13.376552 52.51054 501611 0.0
782 13.398783 52.52331 13193 1.0
783 13.379687 52.516552 79180 1.0
784 13.373548 52.507854 225269 1.0
785 13.412574 52.522495 446083 1.0
786 13.531627 52.509804 176764 1.0
787 13.410192 52.52025 424175 1.0
788 13.407913 52.521683 87491 1.0
789 13.389619 52.51138 502629 0.762
790 13.411517 52.52017 355995 0.0
791 13.383158 52.530655 502245 1.0
792 13.389906 52.511024 502538 1.0
793 13.420533 52.53861 361713 1.0
794 13.415559 52.54402 177257 1.0
795 13.412481 52.540863 500151 1.0
796 13.414311 52.540646 296941 1.0
797 13.544177 52.52583 339672 1.0
798 13.421545 52.539505 296966 1.0
799 13.530785 52.4295 262617 0.0
800 13.411964 52.54071 135478 0.0
801 13.509152 52.456837 173691 1.0
802 13.462872 52.515045 17292 1.0
803 13.509326 52.456135 172961 1.0
804 13.46359 52.514477 400562 0.0
805 13.477398 52.487648 160727 1.0
806 13.371041 52.46966 75330 1.0
807 13.353688 52.488674 10842 1.0
808 13.331324 52.503113 302137 1.0
809 13.416433 52.501667 28263 1.0
810 13.343697 52.516922 453875 1.0
811 13.323905 52.47522 11526 1.0
812 13.406003 52.54562 15175 0.0
813 13.184702 52.516235 407220 1.0
814 13.29065 52.59591 83451 1.0
815 13.606809 52.505577 386412 1.0
816 13.181556 52.511456 133603 1.0
817 13.292368 52.457172 251118 0.0
818 13.443998 52.49773 335782 1.0
819 13.360931 52.48803 40695 0.0
820 13.419351 52.514725 368992 1.0
821 13.34834 52.51464 380435 0.0
822 13.217429 52.427116 483733 1.0
823 13.346179 52.518845 3150 1.0
824 13.32768 52.5031 2809 1.0
825 13.422526 52.4336 230567 1.0
826 13.40799 52.43248 372161 1.0
827 13.526315 52.49203 179459 0.466
828 13.340356 52.470093 96413 1.0
829 13.387157 52.52595 457488 1.0
830 13.365627 52.427197 128484 1.0
831 13.443212 52.496933 99436 1.0
832 13.361973 52.488445 44364 1.0
833 13.461518 52.512115 8249 1.0
834 13.461518 52.512115 8249 1.0
835 13.382781 52.49154 43532 1.0
836 13.393733 52.489113 11101 1.0
837 13.466623 52.505424 278291 1.0
838 13.466623 52.505424 278291 1.0
839 13.385149 52.48051 239281 0.139
840 13.467732 52.468323 258699 0.0
841 13.367587 52.49092 416853 1.0
842 13.457211 52.50965 278297 1.0
843 13.357276 52.425564 406876 1.0
844 13.557014 52.546604 366576 0.0
845 13.387793 52.526363 379833 1.0
846 13.503608 52.565582 61427 1.0
847 13.356718 52.42787 98812 1.0
848 13.444832 52.474102 291589 1.0
849 13.466034 52.51828 17283 1.0
850 13.472363 52.515556 17311 1.0
851 13.463058 52.516747 271229 1.0
852 13.465167 52.516357 17289 1.0
853 13.457005 52.515934 99504 1.0
854 13.4622 52.516357 321255 1.0
855 13.456634 52.510838 65259 0.0
856 13.457811 52.512787 160285 1.0
857 13.203632 52.537476 29702 1.0
858 13.20197 52.537228 22315 0.0
859 13.460455 52.51267 409537 1.0
860 13.459362 52.512505 17408 0.0
861 13.373416 52.557434 13141 1.0
862 13.458833 52.511433 17408 1.0
863 13.473402 52.514866 17297 1.0
864 13.47416 52.51513 271101 1.0
865 13.321239 52.507347 320924 1.0
866 13.438748 52.542355 14188 1.0
867 13.435157 52.426964 151837 1.0
868 13.435157 52.426964 151837 1.0
869 13.409168 52.52869 454554 1.0
870 13.601228 52.482044 142594 1.0
871 13.19106 52.434273 107872 1.0
872 13.458123 52.529556 418730 1.0
873 13.414556 52.49312 113464 1.0
874 13.385289 52.484386 304833 1.0
875 13.4358 52.532436 320880 1.0
876 13.446021 52.52463 132566 1.0
877 13.335172 52.595215 230271 1.0
878 13.625106 52.41709 456084 1.0
879 13.322908 52.49779 4247 1.0
880 13.322908 52.49779 4247 1.0
881 13.377117 52.517193 311396 1.0
882 13.409687 52.521286 231841 0.0
883 13.398215 52.515476 13289 1.0
884 13.398536 52.518867 48474 1.0
885 13.363832 52.560658 120458 1.0
886 13.370005 52.409 120397 1.0
887 13.573609 52.411663 298068 1.0
888 13.130707 52.444393 119728 1.0
889 13.417893 52.49321 114033 1.0
890 13.419302 52.493603 28229 1.0
891 13.418722 52.49193 460053 1.0
892 13.418722 52.49193 460053 1.0
893 13.416869 52.54991 205845 1.0
894 13.381775 52.41058 124210 1.0
895 13.403779 52.55129 37009 1.0
896 13.408283 52.55158 142871 1.0
897 13.46427 52.528942 342127 1.0
898 13.355103 52.486763 495358 0.0
899 13.355406 52.48577 259285 1.0
900 13.311893 52.500423 4233 1.0
901 13.339911 52.488297 483331 1.0
902 13.347866 52.48135 227261 1.0
903 13.419302 52.493603 28229 1.0
904 13.42052 52.493282 28225 1.0
905 13.359273 52.546066 99374 1.0
906 13.359197 52.54611 99374 0.0
907 13.40295 52.537266 122494 1.0
908 13.400782 52.53709 198441 0.345
909 13.452703 52.52497 128814 1.0
910 13.39828 52.53498 95060 1.0
911 13.368185 52.544952 11613 1.0
912 13.337141 52.50508 304624 1.0
913 13.359162 52.546635 60519 0.0
914 13.35962 52.546364 60518 1.0
915 13.357633 52.545364 139133 0.0
916 13.359162 52.546635 60519 0.0
917 13.358105 52.547085 179665 1.0
918 13.358687 52.546024 457005 1.0
919 13.284703 52.58897 173641 1.0
920 13.403721 52.537197 12622 1.0
921 13.411889 52.521145 395947 1.0
922 13.411638 52.521107 396001 1.0
923 13.449812 52.52217 14528 1.0
924 13.411929 52.521122 395963 1.0
925 13.535457 52.432285 238546 1.0
926 13.535233 52.432407 238544 0.0
927 13.440261 52.515854 14795 1.0
928 13.531826 52.430847 238547 1.0
929 13.362995 52.413036 301974 1.0
930 13.363613 52.413956 53335 1.0
931 13.307116 52.456192 476460 1.0
932 13.363263 52.41333 301975 1.0
933 13.456788 52.529865 478317 1.0
934 13.404336 52.53313 49825 0.0
935 13.414375 52.54035 126784 1.0
936 13.41348 52.549706 84971 1.0
937 13.387824 52.52627 356862 1.0
938 13.388784 52.5201 239167 1.0
939 13.384397 52.52056 352312 1.0
940 13.383793 52.52326 140894 1.0
941 13.401785 52.5296 462007 0.0
942 13.382402 52.52255 388760 1.0
943 13.364053 52.414333 53332 0.0
944 13.424256 52.517834 65999 1.0
945 13.392896 52.52748 310521 1.0
946 13.563454 52.542225 34565 1.0
947 13.40222 52.531437 83820 1.0
948 13.394591 52.528717 233181 1.0
949 13.392924 52.56461 331608 1.0
950 13.40108 52.533108 58777 1.0
951 13.384431 52.52227 2893 1.0
952 13.275945 52.448475 339292 1.0
953 13.232662 52.438087 200045 1.0
954 13.563074 52.541605 34409 0.5
955 13.401584 52.532818 198639 1.0
956 13.322688 52.42909 298524 1.0
957 13.325678 52.467102 8521 1.0
958 13.570735 52.541073 474643 1.0
959 13.40625 52.535194 24299 1.0
960 13.330835 52.503864 470535 1.0
961 13.432919 52.49611 344750 1.0
962 13.528723 52.454388 192860 1.0
963 13.280776 52.58913 39961 1.0
964 13.142467 52.525047 267079 1.0
965 13.368832 52.49308 91924 0.0
966 13.367237 52.493263 96272 1.0
967 13.418852 52.50066 82253 1.0
968 13.436064 52.50089 351682 1.0
969 13.281907 52.58918 132606 1.0
970 13.415274 52.54736 36766 1.0
971 13.308027 52.508877 80045 1.0
972 13.305813 52.507896 6612 1.0
973 13.354624 52.618114 25906 0.0
974 13.271359 52.510166 3000 1.0
975 13.526686 52.485546 18606 1.0
976 13.351652 52.550327 332473 0.0
977 13.379077 52.60065 157332 1.0
978 13.650732 52.389984 224882 1.0
979 13.379533 52.509365 258876 1.0
980 13.388181 52.52253 322860 0.0
981 13.399816 52.532814 58776 1.0
982 13.376986 52.509315 499880 1.0
983 13.415196 52.547516 225610 1.0
984 13.413159 52.546005 300763 1.0
985 13.721244 52.439014 140332 0.0
986 13.440866 52.51755 23040 1.0
987 13.421625 52.43395 27663 1.0
988 13.219171 52.537563 323691 1.0
989 13.466725 52.505375 278292 1.0
990 13.303715 52.499817 461272 0.0
991 13.338707 52.4569 397575 1.0
992 13.376387 52.59815 158683 1.0
993 13.433779 52.48993 241386 1.0
994 13.442267 52.498463 17580 1.0
995 13.320491 52.485836 981 1.0
996 13.560648 52.505722 185151 1.0
997 13.326255 52.50948 425276 0.0
998 13.588659 52.512337 193321 1.0
999 13.295722 52.5159 421765 1.0
1000 13.428265 52.568264 209805 1.0
1001 13.579581 52.497334 81731 1.0
1002 13.721807 52.419353 59508 1.0
1003 13.266961 52.59241 62773 1.0
1004 13.37276 52.507355 43780 1.0
1005 13.425559 52.49923 166891 1.0
1006 13.441979 52.500893 223842 1.0
1007 13.42065 52.496155 50232 1.0
1008 13.429723 52.49826 226603 1.0
1009 13.305933 52.50859 192570 1.0
1010 13.361149 52.486332 398457 1.0
1011 13.342147 52.517365 469052 1.0
1012 13.293853 52.443867 64202 1.0
1013 13.421292 52.545177 36760 0.0
1014 13.578833 52.55097 39049 1.0
1015 13.417992 52.54311 146231 1.0
1016 13.523295 52.496773 138424 1.0
1017 13.422817 52.541496 12656 0.0
1018 13.426185 52.543056 256960 1.0
1019 13.463753 52.493843 273842 1.0
1020 13.463355 52.49403 338827 1.0
1021 13.46522 52.493015 75270 1.0
1022 13.464436 52.493286 75269 1.0
1023 13.359654 52.486465 12131 0.0
1024 13.345477 52.484688 8260 1.0
1025 13.498274 52.51191 100792 1.0
1026 13.498274 52.51191 100792 1.0
1027 13.496799 52.51189 39912 1.0
1028 13.496984 52.51167 177989 0.0
1029 13.496101 52.511875 311640 1.0
1030 13.496799 52.51189 39912 1.0
1031 13.342497 52.502216 453066 0.0
1032 13.324283 52.46052 261273 1.0
1033 13.397018 52.52707 13179 0.0
1034 13.376992 52.50904 380322 0.0
1035 13.492213 52.637207 244382 1.0
1036 13.492182 52.636265 243450 0.0
1037 13.324476 52.511326 257764 1.0
1038 13.315524 52.44714 300657 1.0
1039 13.290867 52.4973 415053 1.0
1040 13.415614 52.432705 19425 1.0
1041 13.296576 52.52961 21266 1.0
1042 13.457972 52.593307 16962 0.0
1043 13.325979 52.52161 344008 1.0
1044 13.321938 52.52106 2562 1.0
1045 13.385341 52.466164 502476 1.0
1046 13.45543 52.51755 281706 1.0
1047 13.281864 52.44802 368882 1.0
1048 13.454388 52.50293 441932 0.888
1049 13.4316 52.501396 142657 0.0
1050 13.548138 52.465595 41839 1.0
1051 13.404949 52.52035 328161 0.0
1052 13.325905 52.514572 322800 1.0
1053 13.410622 52.518517 424302 1.0
1054 13.410939 52.519024 424864 1.0
1055 13.485838 52.50384 332540 1.0
1056 13.537357 52.431507 280259 0.0
1057 13.39344 52.51246 160262 1.0
1058 13.425607 52.47889 189571 1.0
1059 13.455713 52.47386 390780 1.0
1060 13.441849 52.46853 392574 1.0
1061 13.429695 52.500675 277254 1.0
1062 13.309128 52.50029 121428 1.0
1063 13.546991 52.464054 143757 1.0
1064 13.430081 52.499317 166885 1.0
1065 13.206542 52.430508 644 1.0
1066 13.384473 52.45886 264306 1.0
1067 13.436874 52.47955 313830 1.0
1068 13.44309 52.470573 313319 0.0
1069 13.425507 52.480724 128317 1.0
1070 13.435661 52.480606 230496 1.0
1071 13.425718 52.479088 189561 1.0
1072 13.425677 52.4792 83996 1.0
1073 13.38553 52.447384 129773 1.0
1074 13.386445 52.443295 192941 1.0
1075 13.385161 52.44851 305024 1.0
1076 13.384859 52.44871 427465 1.0
1077 13.384341 52.454567 458201 1.0
1078 13.384761 52.45278 222580 1.0
1079 13.383463 52.457054 500603 1.0
1080 13.38382 52.456158 352392 1.0
1081 13.206964 52.5383 30709 1.0
1082 13.438417 52.451954 471516 0.0
1083 13.214516 52.439479 166516 0.429
1084 13.206407 52.53781 30708 1.0
1085 13.459479 52.549946 433600 1.0
1086 13.388576 52.519733 229600 1.0
1087 13.386445 52.443295 192941 1.0
1088 13.278539 52.44882 300030 1.0
1089 13.192993 52.52409 12913 1.0
1090 13.470675 52.530907 36557 1.0
1091 13.322247 52.521114 2564 1.0
1092 13.447599 52.45898 53401 0.0
1093 13.447598 52.46913 146550 0.0
1094 13.323446 52.52341 168236 1.0
1095 13.432333 52.443714 267039 0.0
1096 13.336821 52.504265 460499 1.0
1097 13.275945 52.448475 339292 1.0
1098 13.486498 52.424545 310903 1.0
1099 13.576998 52.54997 39032 1.0
1100 13.191416 52.53584 74811 1.0
1101 13.424499 52.48667 504182 0.0
1102 13.413194 52.54767 43299 0.0
1103 13.44118 52.50093 17557 1.0
1104 13.43873 52.477215 192840 1.0
1105 13.456965 52.44211 140127 1.0
1106 13.436723 52.467 131668 1.0
1107 13.435329 52.491158 17706 1.0
1108 13.188085 52.537373 145274 1.0
1109 13.411963 52.568043 329201 1.0
1110 13.40524 52.56988 246997 1.0
1111 13.412653 52.563076 272438 1.0
1112 13.412088 52.566196 320539 1.0
1113 13.403792 52.580925 21506 0.0
1114 13.404145 52.581776 295394 1.0
1115 13.42472 52.474903 7937 1.0
1116 13.409214 52.571026 63671 1.0
1117 13.387874 52.440388 360976 1.0
1118 13.451515 52.52614 36386 1.0
1119 13.419776 52.460026 441828 1.0
1120 13.409797 52.45502 30936 1.0
1121 13.419332 52.433548 329430 1.0
1122 13.409704 52.57068 268007 1.0
1123 13.426203 52.46575 100007 1.0
1124 13.439062 52.488873 191996 1.0
1125 13.450899 52.47367 27418 1.0
1126 13.32186 52.456995 55850 0.5
1127 13.403069 52.583786 22916 1.0
1128 13.348852 52.55215 171019 1.0
1129 13.445206 52.46214 108774 0.0
1130 13.458779 52.44025 57991 1.0
1131 13.449475 52.479137 162319 1.0
1132 13.375878 52.455734 303713 1.0
1133 13.414346 52.57161 421264 1.0
1134 13.246397 52.56185 50126 1.0
1135 13.417708 52.571285 127281 1.0
1136 13.413651 52.572002 235028 0.0
1137 13.429634 52.49816 226603 0.0
1138 13.410412 52.5508 37019 1.0
1139 13.390604 52.557487 266708 1.0
1140 13.439643 52.477566 426851 1.0
1141 13.29916 52.42228 250811 1.0
1142 13.305221 52.41787 74601 1.0
1143 13.457911 52.49086 189377 1.0
1144 13.397187 52.386677 30578 1.0
1145 13.492014 52.512012 170842 1.0
1146 13.467291 52.504898 278293 1.0
1147 13.456634 52.510838 65259 0.0
1148 13.347838 52.49755 11865 1.0
1149 13.303974 52.426716 299358 1.0
1150 13.442747 52.467796 53492 1.0
1151 13.441494 52.46944 503819 1.0
1152 13.442058 52.469543 393264 1.0
1153 13.408739 52.537655 247107 1.0
1154 13.541919 52.51798 53590 1.0
1155 13.285184 52.506435 330237 1.0
1156 13.336525 52.618374 169089 1.0
1157 13.409588 52.538452 445565 1.0
1158 13.373725 52.51777 227459 0.323
1159 13.41343 52.549538 84970 0.0
1160 13.52471 52.45516 354869 1.0
1161 13.382382 52.49377 219885 1.0
1162 13.42417 52.544067 192477 1.0
1163 13.425107 52.494434 17672 1.0
1164 13.432653 52.46515 425005 1.0
1165 13.465167 52.516357 17289 1.0
1166 13.383735 52.55127 179726 1.0
1167 13.450556 52.478985 470929 1.0
1168 13.432491 52.51864 14434 1.0
1169 13.441161 52.472378 321802 1.0
1170 13.441063 52.47288 362778 1.0
1171 13.495712 52.512596 176306 1.0
1172 13.466613 52.514713 271103 1.0
1173 13.281476 52.58934 39958 1.0
1174 13.495471 52.51381 176296 1.0
1175 13.507938 52.52795 176908 1.0
1176 13.432194 52.48809 281776 0.0
1177 13.286743 52.583908 50145 1.0
1178 13.422662 52.5446 43305 1.0
1179 13.514757 52.505333 360593 1.0
1180 13.418009 52.49333 114034 1.0
1181 13.425036 52.480633 16885 0.0
1182 13.432953 52.480106 53515 1.0
1183 13.456597 52.490307 177138 1.0
1184 13.457687 52.490433 189375 1.0
1185 13.428922 52.491367 280090 1.0
1186 13.539303 52.42139 427635 1.0
1187 13.476727 52.504932 217368 1.0
1188 13.473773 52.503902 344570 0.0
1189 13.320365 52.48182 4533 0.0
1190 13.27512 52.536713 182638 1.0
1191 13.420352 52.54202 15211 1.0
1192 13.339705 52.450634 444528 1.0
1193 13.393549 52.526226 424479 1.0
1194 13.296652 52.50146 1582 1.0
1195 13.593749 52.529636 336572 1.0
1196 13.38236 52.51644 79182 1.0
1197 13.35743 52.542313 177915 1.0
1198 13.35743 52.542313 177915 1.0
1199 13.260418 52.501053 83716 1.0
1200 13.357545 52.541252 177907 1.0
1201 13.576262 52.457882 137376 1.0
1202 13.57882 52.458225 140522 0.0
1203 13.578126 52.458603 137373 1.0
1204 13.576307 52.458454 140521 0.0
1205 13.401046 52.520782 124377 1.0
1206 13.526437 52.456013 175457 1.0
1207 13.379132 52.528984 11442 1.0
1208 13.298413 52.48574 252046 0.0
1209 13.405602 52.547005 63602 1.0
1210 13.594262 52.448902 93631 0.708
1211 13.224146 52.57483 294058 1.0
1212 13.487449 52.465878 285621 1.0
1213 13.578343 52.458523 137372 0.0
1214 13.379608 52.522854 221648 0.0
1215 13.578126 52.458603 137373 1.0
1216 13.578451 52.457817 140523 0.0
1217 13.285908 52.53718 70163 0.0
1218 13.482429 52.503414 465008 1.0
1219 13.417173 52.540382 320896 1.0
1220 13.41972 52.512337 191954 1.0
1221 13.419894 52.53963 360622 1.0
1222 13.417173 52.540382 320896 1.0
1223 13.414749 52.540756 439259 1.0
1224 13.416622 52.540474 438839 1.0
1225 13.511547 52.462982 355046 1.0
1226 13.51277 52.462543 147839 1.0
1227 13.475461 52.514004 283099 1.0
1228 13.497806 52.54383 106849 1.0
1229 13.500993 52.548534 260003 0.0
1230 13.474328 52.5142 427318 1.0
1231 13.330932 52.531277 399573 1.0
1232 13.397512 52.580044 21401 1.0
1233 13.320369 52.48224 8265 1.0
1234 13.320349 52.481133 8269 1.0
1235 13.307093 52.505745 500798 0.0
1236 13.308263 52.51015 5850 1.0
1237 13.491406 52.543526 179242 1.0
1238 13.489202 52.54186 498307 1.0
1239 13.493395 52.54483 57622 1.0
1240 13.492308 52.544006 34690 1.0
1241 13.415529 52.54782 36761 1.0
1242 13.418861 52.494473 126340 1.0
1243 13.299246 52.50465 129582 1.0
1244 13.417269 52.54766 36775 1.0
1245 13.430815 52.497994 144655 0.895
1246 13.431416 52.49866 17588 1.0
1247 13.328734 52.532993 385649 1.0
1248 13.503452 52.54856 379611 1.0
1249 13.392224 52.48674 11115 0.0
1250 13.472869 52.51214 333026 1.0
1251 13.267362 52.48405 331427 1.0
1252 13.51437 52.464794 337673 1.0
1253 13.415559 52.54402 177257 1.0
1254 13.307664 52.501545 296498 1.0
1255 13.435427 52.511005 382930 1.0
1256 13.414684 52.54553 186491 1.0
1257 13.416088 52.544197 177666 1.0
1258 13.415911 52.518204 194338 1.0
1259 13.503286 52.547955 384502 1.0
1260 13.50415 52.54777 106897 1.0
1261 13.368522 52.54461 11607 1.0
1262 13.470857 52.415436 187903 1.0
1263 13.472548 52.51354 242784 0.0
1264 13.422524 52.54466 43304 1.0
1265 13.41261 52.531563 169960 1.0
1266 13.371445 52.422558 192466 0.0
1267 13.412185 52.502636 262093 1.0
1268 13.41261 52.531563 169960 1.0
1269 13.193728 52.430565 199972 0.0
1270 13.502649 52.555546 24067 1.0
1271 13.471836 52.51381 413808 1.0
1272 13.509357 52.55053 330991 1.0
1273 13.462591 52.550808 345415 1.0
1274 13.46638 52.552296 260131 1.0
1275 13.398232 52.386677 135334 0.833
1276 13.460227 52.55011 433606 1.0
1277 13.39979 52.386677 445951 0.547
1278 13.474689 52.51479 270646 1.0
1279 13.397492 52.386677 135332 0.46
1280 13.313301 52.480923 457711 1.0
1281 13.40644 52.536312 12602 0.0
1282 13.519838 52.553204 349810 1.0
1283 13.414757 52.541252 320504 1.0
1284 13.525503 52.48003 411388 1.0
1285 13.45297 52.54867 195235 1.0
1286 13.480412 52.523106 419266 0.0
1287 13.449989 52.548798 379902 1.0
1288 13.449989 52.548798 379902 1.0
1289 13.204489 52.5367 405676 1.0
1290 13.46049 52.49287 161326 1.0
1291 13.451564 52.51071 252247 1.0
1292 13.271684 52.537003 11201 1.0
1293 13.412771 52.52072 354856 0.0
1294 13.412812 52.520683 446133 1.0
1295 13.502514 52.636333 42233 0.0
1296 13.412812 52.520683 446133 1.0
1297 13.402119 52.413143 314984 1.0
1298 13.405258 52.54096 198343 1.0
1299 13.454832 52.429413 466994 1.0
1300 13.403248 52.386684 1162 1.0
1301 13.311981 52.584904 44874 1.0
1302 13.232372 52.437397 380414 1.0
1303 13.323497 52.51381 331360 1.0
1304 13.479659 52.470367 193216 1.0
1305 13.322565 52.5233 168237 1.0
1306 13.443075 52.4991 49340 1.0
1307 13.325979 52.52161 344008 1.0
1308 13.312909 52.57059 88942 1.0
1309 13.470913 52.510334 43407 1.0
1310 13.321781 52.52103 2561 1.0
1311 13.30718 52.505016 4157 1.0
1312 13.402466 52.53121 49830 1.0
1313 13.305597 52.50968 192555 1.0
1314 13.393911 52.619164 68543 1.0
1315 13.314779 52.417225 298890 1.0
1316 13.387221 52.549442 484928 1.0
1317 13.402511 52.523987 219768 1.0
1318 13.431612 52.482708 406907 0.0
1319 13.443535 52.50026 62229 1.0
1320 13.405286 52.533947 155981 1.0
1321 13.32867 52.52743 92547 1.0
1322 13.342547 52.531994 16540 1.0
1323 13.335447 52.52649 9096 1.0
1324 13.328657 52.52793 356708 1.0
1325 13.309754 52.507843 115620 1.0
1326 13.296652 52.501316 7108 1.0
1327 13.328657 52.52793 356708 1.0
1328 13.323277 52.51419 196469 1.0
1329 13.391109 52.51488 60729 0.0
1330 13.437932 52.48287 267310 1.0
1331 13.318943 52.50159 149219 1.0
1332 13.322511 52.510838 206578 1.0
1333 13.280903 52.446987 239956 1.0
1334 13.330434 52.505405 165784 1.0
1335 13.467215 52.46852 108279 1.0
1336 13.396966 52.536934 452304 0.532
1337 13.411611 52.55072 37021 1.0
1338 13.456324 52.490253 58559 1.0
1339 13.381615 52.453976 197648 1.0
1340 13.41164 52.550888 325209 1.0
1341 13.447524 52.437077 373148 0.976
1342 13.448444 52.43711 201944 1.0
1343 13.43647 52.483574 267311 1.0
1344 13.445551 52.445896 135836 1.0
1345 13.387773 52.550465 12109 1.0
1346 13.387087 52.54988 141699 1.0
1347 13.330433 52.527264 12111 0.0
1348 13.399117 52.508194 226244 1.0
1349 13.397414 52.53593 402919 1.0
1350 13.354688 52.487488 83430 0.0
1351 13.417987 52.54202 35456 1.0
1352 13.387161 52.523903 121680 1.0
1353 13.558859 52.404263 228932 1.0
1354 13.290953 52.475346 429046 1.0
1355 13.38849 52.549633 54723 1.0
1356 13.572542 52.409126 312578 1.0
1357 13.52146 52.51332 124134 1.0
1358 13.386304 52.553413 12057 1.0
1359 13.385366 52.55271 12056 1.0
1360 13.384234 52.55097 179725 1.0
1361 13.307114 52.50099 7172 1.0
1362 13.529342 52.4328 246594 0.0
1363 13.421903 52.53549 79296 1.0
1364 13.305597 52.50968 192555 1.0
1365 13.411319 52.551342 243786 0.0
1366 13.582679 52.455353 350190 1.0
1367 13.326162 52.46246 485850 1.0
1368 13.282469 52.451347 144495 1.0
1369 13.538245 52.528103 136891 0.189
1370 13.384044 52.555935 332472 0.0
1371 13.454803 52.42986 390034 1.0
1372 13.387601 52.54951 188083 1.0
1373 13.497343 52.508926 125006 0.0
1374 13.538272 52.528103 136891 0.246
1375 13.496347 52.505867 18195 1.0
1376 13.496814 52.507587 302051 1.0
1377 13.211567 52.509712 202087 1.0
1378 13.481043 52.478966 428942 1.0
1379 13.49832 52.510048 391388 1.0
1380 13.208742 52.50957 202097 1.0
1381 13.49403 52.502792 332587 1.0
1382 13.498291 52.509617 101628 1.0
1383 13.388968 52.549347 201905 1.0
1384 13.490981 52.501373 280397 1.0
1385 13.543678 52.52385 489627 1.0
1386 13.540548 52.52685 289344 1.0
1387 13.436313 52.42347 62504 0.0
1388 13.436642 52.424557 203054 1.0
1389 13.43611 52.424496 203040 1.0
1390 13.436313 52.42347 62504 0.0
1391 13.306772 52.499863 149151 1.0
1392 13.436338 52.42415 203041 1.0
1393 13.4851 52.51238 251382 1.0
1394 13.342031 52.501694 453095 1.0
1395 13.45517 52.51011 95771 1.0
1396 13.608302 52.53953 41519 0.0
1397 13.402395 52.52836 189028 1.0
1398 13.343169 52.531166 11373 1.0
1399 13.537744 52.527874 144696 0.344
1400 13.401017 52.53005 189030 0.0
1401 13.30499 52.513405 7058 1.0
1402 13.305823 52.50997 5845 1.0
1403 13.271245 52.57585 34890 0.0
1404 13.300589 52.501797 2235 1.0
1405 13.433858 52.472782 487426 1.0
1406 13.370883 52.42265 96215 1.0
1407 13.323195 52.458862 97441 0.0
1408 13.428665 52.472378 472392 1.0
1409 13.312368 52.480556 501852 0.0
1410 13.285669 52.479523 238647 1.0
1411 13.283493 52.47838 6444 0.0
1412 13.31144 52.479805 197536 1.0
1413 13.401059 52.414993 167724 1.0
1414 13.281837 52.477505 246793 0.0
1415 13.30499 52.513405 7058 1.0
1416 13.300985 52.515175 324952 1.0
1417 13.571997 52.412518 372758 1.0
1418 13.301482 52.488567 501935 0.158
1419 13.292273 52.474823 267438 1.0
1420 13.2755 52.536873 193752 1.0
1421 13.292524 52.4745 267434 0.0
1422 13.292273 52.474823 267438 1.0
1423 13.507573 52.439255 206741 1.0
1424 13.292096 52.474648 267436 1.0
1425 13.403847 52.520634 355927 1.0
1426 13.430727 52.49791 131707 1.0
1427 13.400163 52.522884 189088 1.0
1428 13.259413 52.430332 496248 0.0
1429 13.260528 52.51604 456642 1.0
1430 13.26222 52.515656 85435 1.0
1431 13.26885 52.51138 12370 0.0
1432 13.260406 52.51605 456642 0.0
1433 13.253651 52.45032 357258 1.0
1434 13.512305 52.504227 183477 1.0
1435 13.380432 52.55262 84057 1.0
1436 13.253018 52.449932 339349 1.0
1437 13.42853 52.498676 329595 1.0
1438 13.408576 52.537724 499385 0.0
1439 13.393034 52.520134 13228 1.0
1440 13.462487 52.514736 404948 1.0
1441 13.360659 52.494457 7731 1.0
1442 13.465044 52.52283 263370 1.0
1443 13.357462 52.487446 227455 1.0
1444 13.361479 52.48578 278656 1.0
1445 13.497311 52.52615 199799 1.0
1446 13.35207 52.48026 291677 1.0
1447 13.39292 52.48923 11100 1.0
1448 13.39292 52.48923 11100 1.0
1449 13.200713 52.54887 207385 1.0
1450 13.198293 52.53372 492774 0.0
1451 13.20092 52.548233 207391 1.0
1452 13.201297 52.54774 25218 0.0
1453 13.392501 52.542908 179785 1.0
1454 13.392473 52.54294 179786 1.0
1455 13.479211 52.516224 329370 0.0
1456 13.30718 52.505016 4157 1.0
1457 13.261517 52.436443 470391 0.0
1458 13.424776 52.534985 341196 1.0
1459 13.407604 52.539368 177206 1.0
1460 13.402466 52.53121 49830 1.0
1461 13.302231 52.60003 49438 1.0
1462 13.413364 52.548504 182159 1.0
1463 13.313436 52.503273 4174 1.0
1464 13.377609 52.537003 484665 1.0
1465 13.419901 52.545784 43302 1.0
1466 13.460582 52.510197 65254 1.0
1467 13.292853 52.45806 293127 1.0
1468 13.414196 52.542763 213525 0.0
1469 13.459453 52.54806 23313 1.0
1470 13.292853 52.45806 293127 1.0
1471 13.413721 52.55891 272299 1.0
1472 13.290579 52.475117 972 1.0
1473 13.475461 52.514004 283099 1.0
1474 13.489464 52.51227 370128 1.0
1475 13.459362 52.512505 17408 0.0
1476 13.475461 52.514004 283099 1.0
1477 13.448472 52.512177 387382 1.0
1478 13.261718 52.434925 136664 1.0
1479 13.212161 52.60663 192243 1.0
1480 13.230725 52.607876 257237 1.0
1481 13.308292 52.503082 258240 1.0
1482 13.307506 52.504574 6619 0.0
1483 13.335279 52.47247 8496 1.0
1484 13.353974 52.413486 133567 1.0
1485 13.360594 52.490707 227444 1.0
1486 13.325402 52.455524 152079 0.0
1487 13.496664 52.417065 362708 1.0
1488 13.352754 52.484238 265304 1.0
1489 13.414042 52.54887 214133 1.0
1490 13.413621 52.54866 458165 1.0
1491 13.296178 52.49759 1312 1.0
1492 13.438695 52.54141 14134 1.0
1493 13.293928 52.48844 6288 1.0
1494 13.301103 52.48844 501933 1.0
1495 13.307581 52.50368 296486 1.0
1496 13.320802 52.502857 4179 1.0
1497 13.326498 52.49115 7291 0.0
1498 13.324843 52.491344 2113 1.0
1499 13.497293 52.416264 305409 1.0
1500 13.50631 52.40511 305833 0.167
1501 13.497415 52.415688 360462 1.0
1502 13.495769 52.415672 238972 1.0
1503 13.477806 52.50467 217369 1.0
1504 13.507479 52.40342 239250 1.0
1505 13.495619 52.417774 239252 1.0
1506 13.50701 52.40399 347075 1.0
1507 13.505446 52.40382 305461 1.0
1508 13.491408 52.42063 140971 0.0
1509 13.411419 52.540188 179 0.0
1510 13.403641 52.523106 13839 1.0
1511 13.324843 52.491344 2113 1.0
1512 13.335848 52.49922 428603 1.0
1513 13.368928 52.544376 100194 1.0
1514 13.486681 52.618248 285046 1.0
1515 13.381204 52.552036 462888 1.0
1516 13.340841 52.488332 465871 0.391
1517 13.32262 52.48697 87089 1.0
1518 13.375121 52.548264 84023 1.0
1519 13.322795 52.486538 491428 1.0
1520 13.322795 52.486538 491428 1.0
1521 13.369382 52.546543 53966 1.0
1522 13.377319 52.54981 9302 1.0
1523 13.371998 52.546326 9295 1.0
1524 13.367093 52.54474 321553 1.0
1525 13.378797 52.55052 301171 0.0
1526 13.378417 52.55048 9297 1.0
1527 13.453113 52.519375 278033 0.0
1528 13.378797 52.55052 301171 0.0
1529 13.32262 52.48697 87089 1.0
1530 13.314418 52.481354 1946 1.0
1531 13.296783 52.4643 20377 0.0
1532 13.322691 52.48855 359717 1.0
1533 13.289614 52.554886 80832 1.0
1534 13.382909 52.551582 84063 1.0
1535 13.382036 52.552467 468639 1.0
1536 13.382227 52.552013 179733 1.0
1537 13.258678 52.508293 470992 1.0
1538 13.24061 52.512115 104685 1.0
1539 13.42532 52.533875 13941 1.0
1540 13.252628 52.51584 104661 1.0
1541 13.314528 52.510464 164322 0.0
1542 13.31402 52.507137 264489 1.0
1543 13.293772 52.505337 2149 0.0
1544 13.298181 52.5097 4764 1.0
1545 13.386977 52.552357 15373 1.0
1546 13.420214 52.53612 36684 1.0
1547 13.300777 52.499878 280358 1.0
1548 13.378994 52.55302 179741 1.0
1549 13.302619 52.500053 280360 1.0
1550 13.279097 52.507236 362346 0.0
1551 13.258372 52.508053 223876 1.0
1552 13.294722 52.50641 2155 1.0
1553 13.292663 52.5179 7532 0.0
1554 13.314556 52.474205 9889 1.0
1555 13.368938 52.524693 449407 1.0
1556 13.314499 52.47289 8336 0.0
1557 13.370115 52.541813 93112 1.0
1558 13.381204 52.552036 462888 1.0
1559 13.366073 52.58414 21674 1.0
1560 13.459277 52.51041 65260 1.0
1561 13.360721 52.486534 441249 1.0
1562 13.351032 52.48621 291673 1.0
1563 13.52646 52.458775 303751 0.0
1564 13.405602 52.547005 63602 1.0
1565 13.544982 52.530178 40368 1.0
1566 13.544832 52.529842 40371 1.0
1567 13.537716 52.52812 477634 1.0
1568 13.533794 52.578625 80554 1.0
1569 13.381893 52.552013 84061 1.0
1570 13.381425 52.552179 462889 0.929
1571 13.338074 52.5237 146329 0.0
1572 13.382227 52.552013 179733 1.0
1573 13.353978 52.49474 7726 0.0
1574 13.370758 52.545475 9291 0.0
1575 13.349124 52.4904 8008 1.0
1576 13.353978 52.49474 7726 0.0
1577 13.479004 52.526733 353830 1.0
1578 13.645585 52.34814 229882 1.0
1579 13.567724 52.444828 211251 1.0
1580 13.477975 52.526775 353831 1.0
1581 13.314304 52.57518 38814 1.0
1582 13.568269 52.444717 340445 1.0
1583 13.364032 52.497295 91482 1.0
1584 13.314863 52.49006 5159 0.0
1585 13.468743 52.504585 311724 1.0
1586 13.415146 52.546806 36767 1.0
1587 13.462101 52.425045 198250 1.0
1588 13.463357 52.42516 198255 1.0
1589 13.208328 52.56157 69933 1.0
1590 13.207464 52.555695 159821 1.0
1591 13.315719 52.48935 261099 1.0
1592 13.346626 52.43622 86741 1.0
1593 13.39986 52.58098 22849 1.0
1594 13.326389 52.48658 38256 1.0
1595 13.401325 52.580494 493144 1.0
1596 13.401675 52.580555 171600 0.0
1597 13.433713 52.489952 241385 1.0
1598 13.437213 52.48695 227936 1.0
1599 13.438723 52.48863 191997 1.0
1600 13.434325 52.49031 281053 1.0
1601 13.452708 52.47304 36751 1.0
1602 13.451285 52.471962 147279 1.0
1603 13.401675 52.580555 171600 0.0
1604 13.454812 52.472748 146536 1.0
1605 13.401783 52.587036 164315 1.0
1606 13.183401 52.475048 490361 1.0
1607 13.324538 52.487434 1303 1.0
1608 13.401732 52.588398 386100 1.0
1609 13.433376 52.481792 16892 1.0
1610 13.418026 52.479904 287772 1.0
1611 13.44309 52.470573 313319 0.0
1612 13.308038 52.497158 110696 1.0
1613 13.411646 52.568695 189077 1.0
1614 13.445964 52.47203 83644 1.0
1615 13.444628 52.473892 85142 1.0
1616 13.388104 52.493855 502782 1.0
1617 13.40877 52.48993 223666 1.0
1618 13.547263 52.437607 301441 0.0
1619 13.374645 52.508213 227681 0.0
1620 13.374563 52.508114 318884 1.0
1621 13.654837 52.374228 157017 0.35
1622 13.352465 52.480145 443908 1.0
1623 13.574108 52.445015 41729 1.0
1624 13.350206 52.54164 457097 1.0
1625 13.363281 52.566265 15501 1.0
1626 13.342031 52.501694 453095 1.0
1627 13.463032 52.523697 263354 1.0
1628 13.363281 52.566265 15501 1.0
1629 13.545948 52.438423 160106 1.0
1630 13.333778 52.515144 187592 1.0
1631 13.545184 52.43706 345425 1.0
1632 13.547983 52.437874 290102 0.0
1633 13.30336 52.507935 6611 1.0
1634 13.573224 52.411736 305135 1.0
1635 13.343493 52.501476 453093 1.0
1636 13.456795 52.509506 380289 1.0
1637 13.34375 52.501945 453087 1.0
1638 13.34408 52.504322 346586 1.0
1639 13.344319 52.50427 11854 0.0
1640 13.339358 52.494312 288046 1.0
1641 13.321845 52.45857 187583 1.0
1642 13.322567 52.45872 261267 1.0
1643 13.416169 52.54054 438829 1.0
1644 13.322083 52.458485 187582 1.0
1645 13.375149 52.508904 383615 1.0
1646 13.310349 52.49413 3618 0.0
1647 13.418839 52.54012 318464 1.0
1648 13.421522 52.53771 86162 1.0
1649 13.411419 52.540188 179 0.0
1650 13.411419 52.540188 179 0.0
1651 13.322344 52.50369 435854 1.0
1652 13.307054 52.51763 322463 1.0
1653 13.315034 52.501915 114131 1.0
1654 13.313509 52.503647 261180 1.0
1655 13.317253 52.504223 261160 1.0
1656 13.322266 52.504784 3456 1.0
1657 13.413943 52.540787 296941 0.0
1658 13.412804 52.540966 252218 1.0
1659 13.406004 52.505534 380356 0.341
1660 13.348973 52.48218 265294 1.0
1661 13.408951 52.537857 247107 0.0
1662 13.409531 52.53864 177207 1.0
1663 13.41051 52.53931 43296 1.0
1664 13.408053 52.536995 247108 1.0
1665 13.414355 52.552067 295437 0.0
1666 13.414042 52.54887 214133 1.0
1667 13.453478 52.513992 165138 1.0
1668 13.609263 52.53622 478188 1.0
1669 13.420488 52.53379 12643 1.0
1670 13.420214 52.53612 36684 1.0
1671 13.412804 52.540966 252218 1.0
1672 13.422523 52.539555 320892 1.0
1673 13.41739 52.502594 126959 1.0
1674 13.322142 52.45573 367525 1.0
1675 13.563057 52.554935 39979 1.0
1676 13.548362 52.55005 62497 1.0
1677 13.402911 52.540207 138906 1.0
1678 13.559789 52.55551 325059 1.0
1679 13.359015 52.573223 11551 0.0
1680 13.389602 52.535744 332313 1.0
1681 13.399912 52.522877 13197 1.0
1682 13.438689 52.540577 469993 0.0
1683 13.315193 52.44705 14594 0.0
1684 13.433432 52.498367 214010 0.0
1685 13.525313 52.48217 23015 1.0
1686 13.405018 52.54033 177205 1.0
1687 13.339162 52.46283 10906 1.0
1688 13.468554 52.51265 276597 1.0
1689 13.353911 52.497036 8003 1.0
1690 13.290673 52.517868 193008 0.0
1691 13.296687 52.442978 200064 1.0
1692 13.567799 52.518723 318012 1.0
1693 13.32762 52.464165 360358 1.0
1694 13.294999 52.44238 300384 1.0
1695 13.366826 52.585533 21725 1.0
1696 13.328149 52.4645 115090 0.0
1697 13.410851 52.56713 15421 1.0
1698 13.301863 52.473705 88252 1.0
1699 13.41255 52.540974 500152 1.0
1700 13.286267 52.45307 19480 1.0
1701 13.230293 52.44697 44797 1.0
1702 13.397369 52.56704 21381 1.0
1703 13.390128 52.508095 79243 1.0
1704 13.303779 52.481655 227696 1.0
1705 13.306951 52.50672 129559 1.0
1706 13.353198 52.489902 168222 0.0
1707 13.374961 52.506935 44148 1.0
1708 13.389895 52.51124 458189 1.0
1709 13.360542 52.570835 11557 1.0
1710 13.411667 52.567303 15426 1.0
1711 13.322751 52.485508 210882 1.0
1712 13.326624 52.483845 37721 1.0
1713 13.39496 52.491413 73425 1.0
1714 13.402776 52.59393 371478 0.0
1715 13.368202 52.550198 194784 1.0
1716 13.366291 52.553356 15670 1.0
1717 13.36766 52.55146 458408 1.0
1718 13.36694 52.552032 477678 1.0
1719 13.361012 52.569973 15651 1.0
1720 13.3669 52.552525 9165 0.0
1721 13.535793 52.432903 271080 1.0
1722 13.535264 52.43322 271073 0.0
1723 13.355406 52.48577 259285 1.0
1724 13.535493 52.43309 271078 0.0
1725 13.395753 52.45427 16676 1.0
1726 13.393627 52.524994 494825 1.0
1727 13.427766 52.492004 442412 1.0
1728 13.305823 52.50997 5845 1.0
1729 13.468798 52.503765 311115 1.0
1730 13.359768 52.48971 227242 1.0
1731 13.467291 52.504898 278293 1.0
1732 13.467946 52.50438 278294 1.0
1733 13.441936 52.50405 247419 1.0
1734 13.465652 52.506256 278290 1.0
1735 13.517407 52.444454 231515 1.0
1736 13.513084 52.449158 91398 1.0
1737 13.457055 52.51171 197588 0.0
1738 13.487668 52.551205 55556 1.0
1739 13.417296 52.49977 187436 1.0
1740 13.586772 52.441216 102584 1.0
1741 13.513222 52.466934 172982 1.0
1742 13.41936 52.499237 502859 0.93
1743 13.408173 52.530453 12637 1.0
1744 13.513089 52.46743 113437 1.0
1745 13.413185 52.532806 170474 1.0
1746 13.40087 52.526154 232605 0.0
1747 13.362079 52.552013 144428 1.0
1748 13.323526 52.460545 317854 1.0
1749 13.339128 52.461903 105281 1.0
1750 13.368025 52.552074 88797 1.0
1751 13.369046 52.420483 96225 1.0
1752 13.414629 52.434177 376045 1.0
1753 13.410368 52.520874 418580 1.0
1754 13.468615 52.506947 8246 1.0
1755 13.315274 52.515186 418618 0.0
1756 13.401301 52.522186 326747 1.0
1757 13.434511 52.498493 213904 1.0
1758 13.314978 52.514378 83028 1.0
1759 13.297309 52.511288 5785 1.0
1760 13.300138 52.52128 5807 1.0
1761 13.470289 52.506233 283054 1.0
1762 13.469325 52.506622 8245 1.0
1763 13.47014 52.506035 351119 1.0
1764 13.47014 52.506035 351119 1.0
1765 13.468615 52.506947 8246 1.0
1766 13.468615 52.506947 8246 1.0
1767 13.47014 52.506035 351119 1.0
1768 13.47016 52.506256 8243 1.0
1769 13.417799 52.499634 227225 1.0
1770 13.417808 52.49968 227225 0.0
1771 13.327486 52.52202 2573 1.0
1772 13.417978 52.50003 187440 1.0
1773 13.42853 52.498676 329595 1.0
1774 13.394817 52.46509 231131 1.0
1775 13.431183 52.50093 187460 0.0
1776 13.430443 52.499 226604 1.0
1777 13.330668 52.52724 19599 0.0
1778 13.330155 52.525646 9081 1.0
1779 13.416695 52.502 17729 0.0
1780 13.329705 52.525993 433714 0.0
1781 13.41739 52.502594 126959 1.0
1782 13.418918 52.501385 17729 1.0
1783 13.413631 52.50334 13730 1.0
1784 13.416586 52.499466 494176 1.0
1785 13.417978 52.50003 187440 1.0
1786 13.417113 52.49952 187435 1.0
1787 13.415364 52.503056 13733 1.0
1788 13.419042 52.50135 17730 1.0
1789 13.420316 52.501 149792 1.0
1790 13.418487 52.500168 82257 1.0
1791 13.329809 52.52421 9082 1.0
1792 13.417036 52.502567 144610 1.0
1793 13.41492 52.502476 28265 0.0
1794 13.412969 52.50343 250166 1.0
1795 13.418189 52.50013 442152 1.0
1796 13.41739 52.502594 126959 1.0
1797 13.421984 52.499027 329579 1.0
1798 13.417978 52.50003 187440 1.0
1799 13.417296 52.49977 187436 1.0
1800 13.423049 52.499687 389481 1.0
1801 13.411123 52.5126 435412 1.0
1802 13.416287 52.491127 114028 1.0
1803 13.456718 52.511765 251054 1.0
1804 13.271464 52.536507 139595 1.0
1805 13.455211 52.51201 251055 1.0
1806 13.455211 52.51201 251055 1.0
1807 13.393292 52.516342 357440 1.0
1808 13.455211 52.51201 251055 1.0
1809 13.367822 52.488274 342005 0.661
1810 13.409715 52.533676 1275 0.0
1811 13.43065 52.49782 234124 1.0
1812 13.397326 52.529373 233183 1.0
1813 13.405633 52.496044 232064 1.0
1814 13.354381 52.49738 491764 1.0
1815 13.42853 52.498676 329595 1.0
1816 13.427485 52.49891 288917 0.0
1817 13.201551 52.505848 91333 1.0
1818 13.454991 52.51614 99506 1.0
1819 13.428819 52.48831 373302 1.0
1820 13.351474 52.573532 105806 1.0
1821 13.338436 52.526276 133632 1.0
1822 13.526977 52.48206 289761 1.0
1823 13.339155 52.526566 9116 1.0
1824 13.339049 52.52666 323164 1.0
1825 13.498126 52.514477 236200 1.0
1826 13.346342 52.436703 197197 1.0
1827 13.414502 52.55459 50975 1.0
1828 13.497133 52.517914 33607 1.0
1829 13.318721 52.498188 4117 1.0
1830 13.410408 52.53744 344303 0.0
1831 13.375515 52.54243 9308 0.0
1832 13.376722 52.535656 43786 1.0
1833 13.442289 52.48576 37606 1.0
1834 13.441112 52.479195 226052 1.0
1835 13.385128 52.49834 288683 1.0
1836 13.161943 52.420033 245551 0.0
1837 13.293828 52.516724 7526 1.0
1838 13.383322 52.530495 502253 1.0
1839 13.420352 52.54202 15211 1.0
1840 13.293655 52.517582 7525 0.0
1841 13.445434 52.499256 52238 0.0
1842 13.396276 52.44018 490692 0.215
1843 13.38923 52.41218 134545 1.0
1844 13.386654 52.500984 44681 1.0
1845 13.337795 52.505047 304629 1.0
1846 13.382897 52.48321 304861 1.0
1847 13.146316 52.416138 4439 1.0
1848 13.308642 52.410706 227755 0.0
1849 13.328484 52.50583 248991 1.0
1850 13.349078 52.541683 404985 1.0
1851 13.394081 52.490326 187899 1.0
1852 13.394184 52.52729 414277 1.0
1853 13.322872 52.51053 206576 1.0
1854 13.237632 52.42801 459515 1.0
1855 13.443954 52.484577 313948 1.0
1856 13.327979 52.52562 128355 1.0
1857 13.320387 52.462948 427551 1.0
1858 13.367649 52.508698 11808 1.0
1859 13.347743 52.540993 371544 1.0
1860 13.348222 52.541183 359852 1.0
1861 13.296388 52.46431 196459 1.0
1862 13.411228 52.49144 250674 1.0
1863 13.349045 52.541687 404984 1.0
1864 13.349127 52.541733 404980 0.0
1865 13.408205 52.4889 16897 1.0
1866 13.408266 52.488895 16898 1.0
1867 13.402366 52.510807 13596 1.0
1868 13.416467 52.490944 373275 1.0
1869 13.408285 52.489605 223676 1.0
1870 13.408285 52.489605 223676 1.0
1871 13.417832 52.534523 286059 0.0
1872 13.189844 52.43324 3661 1.0
1873 13.329556 52.470825 8475 1.0
1874 13.392896 52.52748 310521 1.0
1875 13.387743 52.526287 356863 1.0
1876 13.387283 52.526386 356864 1.0
1877 13.315767 52.443474 320491 1.0
1878 13.474408 52.514717 271100 1.0
1879 13.410136 52.490566 223668 1.0
1880 13.403035 52.52451 241486 1.0
1881 13.394428 52.488266 255665 0.0
1882 13.30189 52.48474 44321 1.0
1883 13.353911 52.497036 8003 1.0
1884 13.29038 52.49824 1062 1.0
1885 13.421685 52.48721 248849 0.0
1886 13.422772 52.487045 457913 1.0
1887 13.387283 52.526386 356864 1.0
1888 13.394428 52.488266 255665 0.0
1889 13.402183 52.523064 193535 1.0
1890 13.454039 52.506943 271213 1.0
1891 13.400238 52.52251 138031 1.0
1892 13.401191 52.522526 144115 0.0
1893 13.431502 52.532074 14016 1.0
1894 13.277233 52.506145 461462 1.0
1895 13.416731 52.510933 95329 1.0
1896 13.417184 52.51244 13654 1.0
1897 13.414675 52.54948 169104 1.0
1898 13.316675 52.430767 20339 0.0
1899 13.473829 52.513382 242380 0.5
1900 13.396332 52.489227 410028 1.0
1901 13.396208 52.53172 122437 1.0
1902 13.442548 52.47229 313571 1.0
1903 13.423472 52.47895 220259 1.0
1904 13.415554 52.49457 126336 1.0
1905 13.326762 52.42787 70288 1.0
1906 13.34668 52.435825 88242 1.0
1907 13.423955 52.477386 220259 0.0
1908 13.430587 52.48645 313799 1.0
1909 13.388784 52.5201 239167 1.0
1910 13.391111 52.520363 302259 1.0
1911 13.386042 52.51669 444565 1.0
1912 13.397895 52.546284 12172 1.0
1913 13.341478 52.43383 70268 1.0
1914 13.327232 52.4296 82955 1.0
1915 13.345267 52.436745 107203 1.0
1916 13.344049 52.4353 24808 0.0
1917 13.343925 52.438652 107211 1.0
1918 13.332685 52.42981 70287 1.0
1919 13.333974 52.43029 78191 1.0
1920 13.344774 52.436573 463193 1.0
1921 13.422792 52.49062 28216 1.0
1922 13.285277 52.584404 189586 1.0
1923 13.411347 52.523903 422706 1.0
1924 13.423475 52.490894 290347 1.0
1925 13.385773 52.509594 283202 0.0
1926 13.442306 52.5009 435402 1.0
1927 13.409715 52.53857 43297 1.0
1928 13.411579 52.537872 141646 1.0
1929 13.312881 52.435417 28188 1.0
1930 13.425705 52.492443 17667 1.0
1931 13.435799 52.42345 170465 1.0
1932 13.295131 52.43768 299569 1.0
1933 13.32492 52.427868 73453 1.0
1934 13.416541 52.540287 438832 1.0
1935 13.547613 52.521206 53534 1.0
1936 13.354688 52.487488 83430 0.0
1937 13.495956 52.53437 330788 1.0
1938 13.497302 52.53493 43196 1.0
1939 13.435541 52.532684 14030 1.0
1940 13.25934 52.431355 236343 1.0
1941 13.241615 52.559513 33776 0.0
1942 13.428819 52.48831 373302 1.0
1943 13.296989 52.51172 232856 1.0
1944 13.431401 52.49758 131706 0.0
1945 13.379869 52.57152 21530 0.0
1946 13.25181 52.409515 301312 0.157
1947 13.402043 52.489887 209666 1.0
1948 13.349912 52.481216 291683 1.0
1949 13.258908 52.43127 204429 1.0
1950 13.43778 52.417473 164113 1.0
1951 13.4666 52.51712 173630 1.0
1952 13.261841 52.43697 193790 1.0
1953 13.302359 52.506004 128618 1.0
1954 13.457371 52.51292 160286 1.0
1955 13.376719 52.521755 2885 1.0
1956 13.258016 52.435467 349864 1.0
1957 13.465671 52.55347 33395 1.0
1958 13.326816 52.4633 97440 1.0
1959 13.262068 52.41053 246740 1.0
1960 13.406747 52.535713 24298 0.0
1961 13.348587 52.52213 79508 1.0
1962 13.349503 52.524414 79509 1.0
1963 13.434654 52.48287 313603 1.0
1964 13.348587 52.52213 79508 1.0
1965 13.434654 52.48287 313603 1.0
1966 13.43555 52.483864 313870 1.0
1967 13.444204 52.49992 359485 1.0
1968 13.433865 52.481964 286598 1.0
1969 13.406819 52.49813 213689 1.0
1970 13.45595 52.50997 95774 1.0
1971 13.349503 52.524414 79509 1.0
1972 13.256272 52.42889 47251 0.0
1973 13.349322 52.524582 69902 1.0
1974 13.348597 52.523598 20570 1.0
1975 13.349503 52.524414 79509 1.0
1976 13.349503 52.524414 79509 1.0
1977 13.309877 52.502026 6698 1.0
1978 13.396431 52.51071 242812 1.0
1979 13.333203 52.525505 152126 0.0
1980 13.260939 52.435753 150188 1.0
1981 13.612232 52.513016 59908 0.0
1982 13.612144 52.5137 141988 1.0
1983 13.455356 52.510075 95773 1.0
1984 13.416095 52.540356 438827 0.0
1985 13.589912 52.52098 335328 1.0
1986 13.588326 52.52106 385069 0.558
1987 13.329659 52.527336 92546 1.0
1988 13.590277 52.52076 339848 1.0
1989 13.413894 52.551445 265752 0.0
1990 13.241928 52.42363 28084 1.0
1991 13.428025 52.492634 17668 1.0
1992 13.421301 52.54172 36687 1.0
1993 13.423908 52.538876 79289 1.0
1994 13.278885 52.48 9786 1.0
1995 13.589856 52.521637 335270 1.0
1996 13.466231 52.51184 18118 0.0
1997 13.586837 52.521545 234506 0.0
1998 13.589856 52.521637 335270 1.0
1999 13.587471 52.52094 335297 1.0
2000 13.586284 52.52075 202979 1.0
2001 13.19745 52.524414 160568 1.0
2002 13.37106 52.564354 434003 1.0
2003 13.388582 52.439163 315966 1.0
2004 13.526887 52.50904 143003 0.633
2005 13.403695 52.56553 295199 1.0
2006 13.290192 52.55376 80840 1.0
2007 13.575692 52.44485 93383 1.0
2008 13.400314 52.565697 343152 1.0
2009 13.439184 52.47678 192846 1.0
2010 13.419035 52.530758 79309 1.0
2011 13.327481 52.504585 442584 1.0
2012 13.426291 52.494694 301881 0.0
2013 13.323097 52.456383 445949 1.0
2014 13.328547 52.504726 248867 1.0
2015 13.20151 52.54869 250143 1.0
2016 13.332713 52.47444 8497 0.0
2017 13.428967 52.487766 234451 1.0
2018 13.39438 52.569772 116092 0.643
2019 13.318782 52.528625 392445 1.0
2020 13.426452 52.491993 442411 1.0
2021 13.420583 52.49625 83990 1.0
2022 13.19718 52.513035 329679 1.0
2023 13.203669 52.53652 30697 1.0
2024 13.398181 52.52503 371862 1.0
2025 13.288691 52.58866 96079 1.0
2026 13.296998 52.512962 5783 0.0
2027 13.431502 52.532074 14016 1.0
2028 13.398719 52.533062 177344 1.0
2029 13.410447 52.538292 178126 1.0
2030 13.424582 52.528126 169942 0.812
2031 13.442946 52.49759 99437 0.0
2032 13.401617 52.52921 189039 1.0
2033 13.367906 52.550762 194785 1.0
2034 13.338849 52.46366 168521 1.0
2035 13.39382 52.489395 227983 1.0
2036 13.316396 52.51788 9679 1.0
2037 13.434656 52.499874 228239 1.0
2038 13.279777 52.518288 435496 1.0
2039 13.428681 52.486702 123760 1.0
2040 13.426401 52.49876 131690 1.0
2041 13.447703 52.503853 17346 1.0
2042 13.447548 52.502724 477470 1.0
2043 13.447331 52.503372 17348 1.0
2044 13.452514 52.50829 199379 1.0
2045 13.309602 52.507843 149382 0.09
2046 13.354692 52.618004 25910 1.0
2047 13.361076 52.49028 14974 1.0
2048 13.421361 52.60679 206136 1.0
2049 13.428035 52.491478 280089 1.0
2050 13.30518 52.517778 459679 0.057
2051 13.330479 52.46926 301914 1.0
2052 13.322218 52.45555 430300 1.0
2053 13.423369 52.495472 353183 1.0
2054 13.323553 52.50232 2815 1.0
2055 13.325585 52.50464 258860 1.0
2056 13.325359 52.503098 258862 1.0
2057 13.19609 52.53035 30678 1.0
2058 13.281868 52.51042 241307 1.0
2059 13.4209 52.428974 376075 0.4
2060 13.198293 52.53372 492774 0.0
2061 13.297212 52.511826 5784 1.0
2062 13.29705 52.506844 434946 1.0
2063 13.296905 52.519554 270252 1.0
2064 13.297212 52.511826 5784 1.0
2065 13.189405 52.533432 253754 1.0
2066 13.383099 52.4924 89912 1.0
2067 13.351818 52.455956 396859 1.0
2068 13.520069 52.513744 471192 1.0
2069 13.366723 52.4915 449343 0.0
2070 13.405043 52.497795 253578 0.111
2071 13.284032 52.510326 458426 0.0
2072 13.411113 52.503033 418158 1.0
2073 13.32761 52.50546 266596 1.0
2074 13.498291 52.509617 101628 1.0
2075 13.320802 52.502857 4179 1.0
2076 13.414493 52.543034 177260 1.0
2077 13.423127 52.491753 386840 1.0
2078 13.321473 52.50282 4180 1.0
2079 13.40958 52.55248 12569 1.0
2080 13.331375 52.527172 159380 0.0
