0 10.71076 59.929806 49368 1.0
1 10.709921 59.918793 8030 1.0
2 10.732299 59.91358 315047 1.0
3 10.738834 59.915237 138323 1.0
4 10.752097 59.90756 299728 1.0
5 10.747761 59.913895 117065 0.0
6 10.728309 59.9136 97848 0.0
7 10.732827 59.913597 144552 1.0
8 10.732827 59.914246 189398 1.0
9 10.760863 59.928535 279078 1.0
10 10.736044 59.913567 144750 1.0
11 10.768079 59.933056 280156 0.0
12 10.762185 59.911118 300386 1.0
13 10.712859 59.93289 1638 1.0
14 10.708998 59.91726 153668 1.0
15 10.76572 59.936047 148130 1.0
16 10.724871 59.910107 49203 1.0
17 10.743425 59.91464 145218 0.0
18 10.739497 59.914314 138166 1.0
19 10.746474 59.910618 168026 1.0
20 10.729359 59.913467 97849 1.0
21 10.811626 59.873753 197798 0.0
22 10.752052 59.92155 315921 1.0
23 10.751762 59.915302 302029 1.0
24 10.765637 59.938828 230378 0.0
25 10.681034 59.905518 167826 1.0
26 10.680886 59.905563 167824 1.0
27 10.680817 59.9056 167823 1.0
28 10.681149 59.905502 167827 1.0
29 10.708657 59.92656 48738 0.0
30 10.766946 59.91042 28171 1.0
31 10.681149 59.905502 167827 1.0
32 10.681034 59.905518 167826 1.0
33 10.681034 59.905518 167826 1.0
34 10.680954 59.90554 167825 1.0
35 10.680694 59.90575 167820 0.5
36 10.680954 59.90554 167825 1.0
37 10.680764 59.905636 167822 1.0
38 10.681149 59.905502 167827 1.0
39 10.681034 59.905518 167826 1.0
40 10.680719 59.90568 167821 1.0
41 10.675239 59.9768 180178 0.0
42 10.675239 59.9768 180178 0.0
43 10.675677 59.976868 180189 1.0
44 10.675101 59.976883 180178 1.0
45 10.680693 59.905823 167818 1.0
46 10.680839 59.90596 167814 1.0
47 10.680707 59.90586 167817 1.0
48 10.675513 59.976788 180191 1.0
49 10.675124 59.97704 180181 1.0
50 10.675181 59.977074 180182 1.0
51 10.675589 59.977066 180185 1.0
52 10.67542 59.97709 180184 1.0
53 10.675677 59.976868 180189 1.0
54 10.675079 59.97692 180179 1.0
55 10.675713 59.97698 180188 0.038
56 10.675664 59.97703 180186 1.0
57 10.726157 59.911068 128613 1.0
58 10.726599 59.91105 128612 1.0
59 10.726607 59.910706 259398 1.0
60 10.726816 59.910862 259399 1.0
61 10.675283 59.977093 180183 1.0
62 10.726157 59.911068 128613 1.0
63 10.726389 59.91108 25696 1.0
64 10.726157 59.911068 128613 1.0
65 10.734093 59.91469 116888 1.0
66 10.73437 59.91461 116889 1.0
67 10.73437 59.91461 116889 1.0
68 10.734619 59.914524 116890 1.0
69 10.733477 59.914505 116717 1.0
70 10.733718 59.914665 245319 1.0
71 10.733934 59.91472 116887 1.0
72 10.733934 59.91472 116887 1.0
73 10.734435 59.9141 116709 1.0
74 10.734435 59.9141 116709 1.0
75 10.734172 59.91417 116710 1.0
76 10.734172 59.91417 116710 1.0
77 10.73437 59.91461 116889 1.0
78 10.734792 59.914127 116912 1.0
79 10.734731 59.914143 116911 1.0
80 10.734652 59.914074 116910 1.0
81 10.734093 59.91469 116888 1.0
82 10.734093 59.91469 116888 1.0
83 10.733635 59.914364 116714 1.0
84 10.733726 59.914314 116713 1.0
85 10.733726 59.914314 116713 1.0
86 10.733726 59.914314 116713 1.0
87 10.733726 59.914314 116713 1.0
88 10.733726 59.914314 116713 1.0
89 10.733747 59.914694 245319 0.603
90 10.733582 59.914707 245320 1.0
91 10.734172 59.91417 116710 1.0
92 10.734172 59.91417 116710 1.0
93 10.734093 59.91469 116888 1.0
94 10.733509 59.91448 116716 1.0
95 10.733509 59.91448 116716 1.0
96 10.73372 59.914667 245319 0.973
97 10.734966 59.914272 116920 1.0
98 10.734965 59.914253 116918 1.0
99 10.734913 59.914124 116916 1.0
100 10.734839 59.914143 116915 1.0
101 10.734872 59.91442 116924 1.0
102 10.734872 59.91442 116924 1.0
103 10.735004 59.914383 116923 1.0
104 10.734946 59.914326 116922 1.0
105 10.734834 59.91414 116914 1.0
106 10.735007 59.91431 116921 1.0
107 10.734812 59.914146 116913 1.0
108 10.734984 59.91427 116919 1.0
109 10.735033 59.91423 116917 1.0
