0 10.726145 59.910404 4833 1.0
1 10.759188 59.92197 147576 1.0
2 10.758146 59.923176 75656 1.0
3 10.757418 59.919075 147609 1.0
4 10.759302 59.925472 147539 1.0
5 10.742579 59.91567 56222 1.0
6 10.756601 59.91366 108871 1.0
7 10.733876 59.91899 276841 1.0
8 10.740468 59.90999 4142 1.0
9 10.746861 59.911022 6822 1.0
10 10.743802 59.912144 53626 1.0
11 10.742366 59.913048 52967 1.0
12 10.737969 59.91399 246433 1.0
13 10.761304 59.925606 112907 1.0
14 10.773388 59.912853 3669 1.0
15 10.757226 59.919636 147736 0.0
16 10.724058 59.924374 191016 1.0
17 10.759479 59.920143 148992 1.0
18 10.783592 59.907448 329510 1.0
19 10.749292 59.92812 154289 0.0
20 10.75325 59.916855 259347 1.0
21 10.723608 59.91064 259413 1.0
22 10.727439 59.91094 98237 1.0
23 10.727181 59.909706 22383 1.0
24 10.720957 59.94016 7111 0.0
25 10.757321 59.923462 147660 1.0
26 10.818282 59.907536 243688 1.0
27 10.765408 59.927345 148727 1.0
28 10.797042 59.91392 237671 1.0
29 10.812752 59.897217 310228 1.0
30 10.722809 59.941746 7125 1.0
31 10.72311 59.940006 287486 0.0
32 10.724316 59.941223 7102 0.0
33 10.751016 59.9277 449 0.0
34 10.719064 59.927666 138846 1.0
35 10.715753 59.928814 113788 1.0
36 10.780315 59.907227 282672 1.0
37 10.789456 59.9095 282682 1.0
38 10.763591 59.93355 42465 1.0
39 10.762185 59.911118 300386 1.0
40 10.760202 59.91829 82360 1.0
41 10.765417 59.9361 148576 0.0
42 10.717796 59.94306 315857 1.0
43 10.754212 59.917557 154228 0.0
44 10.740014 59.92304 278958 1.0
45 10.787999 59.9105 12132 1.0
46 10.749587 59.914623 11868 1.0
47 10.762896 59.934032 3982 0.0
48 10.738427 59.927254 286639 0.0
49 10.74944 59.916718 776 1.0
50 10.7405 59.91809 153316 1.0
51 10.830395 59.848537 200416 1.0
52 10.740829 59.914566 246033 1.0
53 10.740649 59.92313 286831 1.0
54 10.759323 59.924618 147538 1.0
55 10.752664 59.92255 214485 1.0
56 10.748731 59.91539 11864 1.0
57 10.718654 59.914654 271937 1.0
58 10.747216 59.91461 250575 1.0
59 10.73994 59.91503 246173 1.0
60 10.727531 59.921112 110823 1.0
61 10.728473 59.91397 28242 1.0
62 10.736013 59.911415 258539 1.0
63 10.717176 59.91525 272150 1.0
64 10.715439 59.927834 8128 0.0
65 10.730688 59.925728 133830 1.0
66 10.72048 59.914433 144088 0.0
67 10.76689 59.928837 148659 1.0
68 10.748165 59.915703 145394 1.0
69 10.714696 59.916725 274941 1.0
70 10.714696 59.916725 274941 1.0
71 10.774256 59.924614 270042 0.5
72 10.750322 59.916332 145377 1.0
73 10.76835 59.906387 116368 1.0
74 10.735063 59.920242 276697 1.0
75 10.88184 59.960808 220749 0.11
76 10.751134 59.915947 145378 1.0
77 10.740468 59.90999 4142 1.0
78 10.716252 59.915028 153512 1.0
79 10.72885 59.913303 97852 1.0
80 10.734674 59.913185 144572 1.0
81 10.770112 59.94226 284892 1.0
82 10.752018 59.912056 244852 1.0
83 10.749005 59.914295 11867 1.0
84 10.741916 59.91808 325154 0.0
85 10.740946 59.915466 246063 1.0
86 10.753236 59.91691 259345 1.0
87 10.757499 59.91431 716 1.0
88 10.741323 59.91375 3196 1.0
89 10.748666 59.915382 27516 0.0
90 10.779872 59.90739 282914 1.0
91 10.740468 59.90999 4142 1.0
92 10.751978 59.91067 294276 0.0
93 10.759216 59.913177 50476 1.0
94 10.760342 59.912262 3705 1.0
95 10.759483 59.918377 270298 1.0
96 10.748508 59.914383 28267 0.0
97 10.928086 59.972378 108714 1.0
98 10.78023 59.9072 282671 1.0
99 10.751658 59.914074 112297 1.0
100 10.741653 59.912266 265414 1.0
101 10.757277 59.92008 147743 1.0
102 10.725649 59.9332 163933 1.0
103 10.764779 59.912296 231048 1.0
104 10.75187 59.91613 12357 1.0
105 10.748508 59.914383 28267 0.0
106 10.748508 59.914383 28267 0.0
107 10.924326 59.960907 328684 1.0
108 10.749006 59.9133 245947 1.0
109 10.759323 59.924618 147538 1.0
110 10.739369 59.915146 22597 1.0
111 10.751691 59.914196 11844 1.0
112 10.740714 59.915447 246062 1.0
113 10.758399 59.923176 75658 1.0
114 10.758028 59.923153 75655 1.0
115 10.758508 59.92344 147657 1.0
116 10.775071 59.91418 2875 1.0
117 10.75521 59.91954 625 0.173
118 10.758146 59.923176 75656 1.0
119 10.758028 59.923153 75655 1.0
