318 13.411033 52.52016 163672 1.0 36
234 13.343831 52.489 15352 1.0 64
270 13.391408 52.39843 305766 1.0 50
518 13.292378 52.49745 2090 1.0 51
540 13.412302 52.532673 73326 1.0 18
67 13.324171 52.460564 272040 1.0 59
273 13.319947 52.496033 8262 1.0 44
541 13.456653 52.44243 280258 1.0 23
373 13.346357 52.436466 376812 1.0 12
563 13.360966 52.545273 18578 1.0 49
238 13.431502 52.532074 28032 1.0 42
388 13.464741 52.514633 11804 0.0 45
386 13.209393 52.54718 61010 0.0 64
315 13.31894 52.48144 9022 1.0 58
247 13.386539 52.442146 259528 1.0 70
212 13.576914 52.455482 473872 1.0 62
556 13.442675 52.48034 324630 0.0 38
405 13.320066 52.50162 298416 1.0 73
383 13.430286 52.49555 13986 1.0 31
552 13.409849 52.571087 30632 1.0 50
217 13.361087 52.49466 454480 1.0 53
354 13.234586 52.607483 59960 1.0 29
101 13.333298 52.469017 19738 0.0 56
389 13.330847 52.467392 19752 0.0 50
472 13.558483 52.50539 370288 1.0 55
568 13.430524 52.468433 280714 1.0 75
449 13.307961 52.506668 259116 1.0 51
174 13.436466 52.418213 124802 0.0 53
555 13.368788 52.54494 23228 1.0 98
441 13.461331 52.508663 133322 1.0 14
110 13.299192 52.4732 473658 1.0 52
484 13.208299 52.55751 264472 1.0 80
50 13.495787 52.50598 36386 1.0 41
296 13.312053 52.498062 7250 1.0 37
487 13.496799 52.51189 79824 1.0 65
33 13.406954 52.386158 272706 1.0 1
531 13.437154 52.45615 61634 1.0 57
553 13.423357 52.491085 14006 0.0 49
185 13.282447 52.50996 415186 1.0 21
425 13.327703 52.454586 304164 1.0 74
285 13.493427 52.636177 160242 1.0 47
395 13.399839 52.416542 279816 1.0 15
86 13.265465 52.511696 24702 1.0 60
275 13.324531 52.497944 8502 1.0 71
314 13.442559 52.542976 348646 1.0 28
358 13.203734 52.537548 57054 1.0 62
585 13.285748 52.587463 341940 1.0 42
138 13.525564 52.567936 65234 1.0 40
103 13.329971 52.458153 37616 1.0 26
298 13.336155 52.530396 18184 1.0 100
