14 4.912659 52.378048 8544 1.0 5
26 4.884409 52.364826 15407 1.0 99
24 4.873124 52.351204 17805 0.0 22
36 4.893301 52.366543 124475 1.0 34
41 4.888294 52.341736 42672 1.0 88
23 4.919853 52.381935 85550 1.0 55
9 4.914061 52.36114 53397 1.0 97
22 4.931711 52.37751 4766 1.0 78
0 4.91318 52.36368 12831 1.0 78
2 4.876783 52.36081 61692 1.0 94
45 4.901093 52.366966 128310 1.0 16
32 4.923053 52.394367 129322 0.0 34
31 4.879106 52.370434 110408 1.0 41
44 4.893888 52.371174 46928 1.0 98
33 4.937181 52.374454 46715 1.0 13
7 4.912583 52.35938 39020 0.145 39
28 4.928861 52.38327 46873 1.0 72
40 4.894097 52.35312 68080 0.0 41
6 4.887052 52.390545 22194 1.0 49
19 4.867352 52.363567 96109 1.0 66
48 4.807428 52.359303 76538 1.0 90
34 4.89135 52.41322 57288 0.0 71
1 4.86856 52.359806 16410 1.0 41
21 4.890067 52.362934 115448 1.0 89
8 4.893507 52.37041 13776 0.0 43
