75 4.89528 52.37235 28412 1.0 75
314 4.897886 52.375156 27110 1.0 72
158 4.895335 52.371666 27376 1.0 70
115 4.857243 52.322254 114008 0.335 63
64 4.938297 52.391163 10104 1.0 57
165 4.876666 52.374798 31618 1.0 44
223 4.881442 52.365547 30030 0.0 66
322 4.888989 52.383644 38922 1.0 5
247 4.910611 52.356457 77222 1.0 76
171 4.907659 52.37164 26082 0.491 32
81 4.882372 52.380417 45182 1.0 34
197 4.882711 52.375713 30502 0.0 68
257 4.890077 52.355175 78986 1.0 68
111 4.870631 52.36351 33022 1.0 19
315 4.897886 52.375156 27110 1.0 87
14 4.900075 52.376286 28254 1.0 63
260 4.894256 52.350494 23644 1.0 53
183 4.884624 52.363323 29818 1.0 60
227 4.897154 52.366253 27888 1.0 74
96 4.912863 52.39175 38488 1.0 16
265 4.896827 52.357014 28676 1.0 51
324 4.866832 52.353634 32612 0.0 43
98 4.891013 52.380543 38754 1.0 97
110 4.887408 52.38086 44996 0.625 9
258 4.898502 52.357353 28784 0.0 51
