0 52.383 4.83364
1 52.3673 4.8619
2 52.3375 4.81813
3 52.3769 4.8674
4 52.3943 4.8505
5 52.3936 4.86519
6 52.364 4.8353
7 52.3943 4.8505
8 52.3375 4.81813
9 52.3497 4.88547
10 52.3282 4.88964
11 52.3544 4.76964
12 52.4209 4.95111
13 52.3361 4.86821
14 52.3553 4.81023
15 52.3475 4.92538
16 52.3802 4.8283
17 52.4156 4.87434
18 52.3669 4.92431
19 52.349 4.85541
20 52.3426 4.85705
21 52.3474 4.92577
22 52.3324 4.9122
23 52.3535 4.93019
24 52.3474 4.92664
25 52.3677 4.78276
26 52.3827 4.87064
27 52.3494 4.89465
28 52.3839 4.86453
29 52.3836 4.86016
30 52.387 4.92482
31 52.3965 4.8007
32 52.356 4.82446
33 52.367 4.784
34 52.3905 4.80106
35 52.3642 4.85352
36 52.3429 4.89696
37 52.3681 4.92651
38 52.3628 4.87558
39 52.3677 4.90608
40 52.3559 4.81262
41 52.3635 4.83686
42 52.3521 4.8822
43 52.3786 4.88205
44 52.4089 4.915
45 52.3717 4.83925
46 52.3841 4.856
47 52.3478 4.8253
48 52.3613 4.93628
49 52.3537 4.91938
50 52.3518 4.85733