0 11 38 5 16 23 18 40 49 12 19 37 41 25 36 48 
1 11 12 40 37 
2 11 25 44 10 45 
3 39 8 41 45 25 44 
4 25 6 10 45 23 
5 2 44 48 25 6 41 
6 8 23 10 44 11 48 5 16 25 
7 8 25 45 18 23 41 10 
8 3 10 11 25 40 2 23 41 45 
9 6 44 25 12 16 10 23 8 37 40 11 
10 44 42 48 10 2 6 41 25 39 11 
11 10 2 11 49 8 25 40 23 5 
12 23 10 49 40 45 11 
13 11 25 40 8 36 19 23 45 48 
14 45 48 2 5 10 42 23 12 6 40 
15 16 11 6 12 10 
16 23 42 40 6 19 41 5 25 44 11 48 
17 6 10 48 44 40 45 37 
18 40 8 10 11 12 45 23 25 18 
19 18 12 8 2 42 11 27 6 
20 12 45 8 40 39 41 18 25 
21 49 11 45 16 41 12 2 
22 3 25 11 18 23 45 16 10 
23 10 2 16 18 40 6 25 12 44 
24 11 5 
25 39 40 48 25 10 12 
26 8 12 23 11 25 40 37 
27 12 25 5 44 40 
28 40 10 12 41 48 39 44 8 25 45 16 49 
29 45 49 25 40 23 
30 11 10 41 40 45 16 18 37 12 
31 25 10 39 42 48 40 6 49 
32 2 37 40 16 48 25 
33 8 39 40 23 5 44 48 11 37 18 
34 42 11 8 40 48 
35 2 25 37 23 49 40 12 45 44 
36 12 40 45 48 11 23 
37 6 18 12 42 41 45 37 8 44 25 2 10 
38 6 8 12 10 25 49 18 37 16 
39 3 16 23 2 40 37 41 8 10 18 
40 2 19 39 12 11 
41 23 12 8 2 45 
42 2 11 37 45 
43 5 8 16 23 25 40 
44 12 16 8 11 6 18 40 36 
45 11 25 2 49 37 44 
46 38 16 10 12 23 
47 25 37 41 8 40 23 11 18 48 
48 2 11 10 23 
49 18 23 19 11 25 36 5 2 8 12 16 
50 40 11 16 48 6 2 44 
51 8 42 11 
52 19 10 23 37 39 45 12 40 
53 48 44 11 37 40 45 16 10 
54 12 18 41 42 23 11 16 8 45 40 25 
55 10 37 12 25 23 
56 41 44 45 40 11 19 
57 44 18 45 11 40 23 41 16 49 8 48 
58 18 12 11 44 
59 49 12 41 16 
60 11 45 12 48 19 16 
61 45 6 49 48 40 11 
62 27 45 10 2 40 8 48 25 
63 2 11 48 25 16 44 45 
64 5 48 49 11 
65 23 40 45 49 25 12 41 11 
66 23 12 16 36 18 37 42 
67 16 8 12 6 11 25 40 
68 18 42 2 10 25 12 8 37 
69 40 48 2 39 8 11 41 49 
70 12 44 5 16 37 10 48 
71 25 12 10 41 11 8 
72 2 16 10 6 
73 11 49 25 41 
74 41 11 18 37 8 
75 2 23 41 19 6 8 10 18 16 
76 49 18 44 25 2 41 
77 39 11 42 37 2 49 40 25 44 8 
78 25 37 19 2 44 40 16 
79 27 8 12 37 41 25 6 
80 2 37 44 11 45 25 16 
81 36 10 41 12 3 11 
82 23 12 36 37 8 
83 10 12 16 25 11 48 
84 37 48 8 23 45 49 
85 45 11 23 10 25 48 
86 6 12 25 8 27 
87 11 2 39 12 25 49 
88 16 37 23 6 49 5 
89 2 6 45 11 12 18 8 40 44 23 25 48 
90 23 37 48 8 10 41 45 16 
91 2 11 3 16 41 8 5 25 48 49 45 
92 10 48 25 44 49 
93 10 12 6 23 40 25 
94 48 23 11 42 10 41 45 8 6 
95 39 41 11 
96 5 11 48 8 10 12 41 
97 2 16 48 12 11 23 
98 37 6 39 41 45 25 40 16 12 
99 18 37 16 40 44 8 38 
100 2 48 25 10 12 39 23 
101 2 11 39 45 25 16 48 
102 16 18 12 48 49 11 37 
103 12 23 45 49 18 27 40 37 
104 11 45 2 49 19 41 
105 45 6 39 25 40 16 41 44 8 18 
106 37 16 8 6 40 44 25 11 
107 2 8 12 16 45 41 23 25 40 6 
108 11 6 40 37 25 
109 10 11 16 25 18 
110 25 49 42 5 18 
111 12 25 16 23 10 
112 39 45 6 37 40 41 23 44 
113 3 11 37 25 42 49 40 48 10 8 12 
114 44 42 2 6 12 48 
115 18 2 48 8 6 49 12 16 36 39 41 
116 11 48 45 6 12 36 23 10 25 8 39 41 
117 6 39 10 44 18 23 25 42 12 
118 11 42 6 41 45 25 44 18 39 16 
119 25 45 37 12 6 23 49 42 44 8 11 
120 11 16 45 12 6 49 2 
121 48 11 18 25 40 2 10 12 41 
122 45 11 8 18 39 
123 2 45 12 48 10 25 23 
124 16 8 25 39 49 18 
125 2 12 23 16 41 11 
126 41 16 25 11 8 12 
127 12 11 44 40 48 23 25 
128 48 49 18 11 40 45 6 25 8 41 
129 23 44 25 3 
130 2 23 11 48 12 18 10 45 8 
131 6 12 18 40 48 11 44 25 16 42 49 8 37 23 
132 23 2 16 3 12 
133 45 10 12 16 25 48 11 8 36 
134 11 16 6 25 
135 2 10 37 12 6 16 45 
136 10 16 41 11 49 25 45 8 
137 11 25 12 40 45 8 41 6 16 18 
138 18 12 37 42 39 48 
139 16 12 11 5 2 41 
140 37 39 12 45 
141 6 11 16 8 2 
142 10 39 11 41 37 
143 40 25 10 12 16 11 18 37 49 
144 6 8 12 25 49 18 23 16 40 
145 8 10 25 40 36 49 18 
146 25 44 40 8 45 48 
147 11 25 44 2 45 
148 2 8 12 44 23 41 40 25 
149 2 23 45 12 16 44 40 11 41 
150 49 45 12 11 41 
151 12 18 2 45 25 40 49 27 41 3 37 23 
152 25 40 45 12 
153 48 2 12 25 11 49 5 
154 11 18 45 8 12 
155 23 12 8 44 16 18 6 48 
156 2 10 45 8 49 16 18 44 12 37 25 
157 2 16 49 45 11 25 12 18 8 44 
158 37 18 11 40 12 25 41 
159 8 12 10 25 11 
160 8 12 44 39 10 11 40 25 41 23 42 6 
161 8 6 48 12 37 18 
162 27 45 12 37 10 16 41 25 
163 45 18 8 12 25 16 11 23 39 
164 16 49 
165 49 11 44 2 8 23 27 37 48 
166 12 39 45 11 23 48 25 40 
167 6 44 16 41 37 25 10 8 
168 11 45 10 6 44 12 
169 12 44 
170 44 38 37 40 8 2 11 25 23 
171 37 5 11 10 45 18 16 48 
172 6 42 11 44 49 12 40 
173 44 25 49 12 16 2 10 8 
174 12 25 40 10 11 44 
175 2 25 10 6 16 49 12 11 19 8 
176 25 48 37 8 
177 2 8 12 40 49 25 48 45 18 42 10 23 39 
178 25 12 37 5 10 44 8 23 45 
179 45 23 2 49 11 12 25 
180 25 44 49 11 8 
181 45 40 11 37 44 48 8 
182 45 11 10 12 41 
183 18 25 49 48 11 
184 2 6 41 44 
185 2 49 42 41 12 5 16 11 
186 44 48 49 41 6 12 11 
187 2 23 25 8 48 10 40 45 49 11 
188 18 36 42 49 8 16 23 12 
189 16 11 
190 2 25 48 10 39 40 
191 41 23 38 11 36 44 
192 12 8 23 40 41 48 38 
193 39 45 48 25 11 
194 2 27 12 25 41 11 48 37 
195 8 39 11 12 5 25 45 
196 16 25 39 44 37 49 41 8 2 12 42 
197 16 25 11 45 23 8 37 
198 45 2 25 40 41 
199 11 16 19 45 25 18 12 
200 5 48 40 37 41 25 
201 39 25 16 11 23 18 
202 2 44 8 40 45 12 41 23 27 
203 3 11 45 8 10 12 48 49 41 
204 39 12 45 18 48 37 2 49 
205 10 18 23 16 25 12 2 49 44 
206 48 6 8 41 44 25 11 12 40 
207 18 42 11 48 16 10 25 
208 12 44 37 8 38 49 11 16 10 
209 6 49 2 11 12 
210 6 49 45 8 2 12 10 3 
211 11 25 2 12 40 
212 41 48 16 10 6 25 37 12 39 44 
213 37 10 11 6 16 48 25 
214 40 10 12 25 37 49 8 23 45 
215 8 37 2 40 12 25 41 45 48 
216 12 39 44 45 16 38 19 18 11 8 49 6 
217 16 49 48 2 25 44 18 40 36 41 12 37 
218 25 27 12 38 16 11 
219 41 45 40 23 25 
220 2 49 10 11 23 25 16 6 
221 10 12 38 40 
222 8 11 44 2 27 10 40 18 37 
223 37 40 11 8 
224 10 11 39 25 45 49 19 44 
225 10 11 45 41 8 6 23 12 25 
226 11 44 49 10 18 40 
227 25 10 11 37 44 8 40 18 
228 10 23 18 45 25 2 48 16 5 
229 16 10 5 12 
230 42 12 25 8 45 48 49 44 41 
231 45 11 18 23 8 49 
232 2 12 48 10 23 40 45 16 
233 23 5 11 12 2 44 10 41 
234 37 39 19 12 11 16 25 49 
235 2 39 44 6 48 11 37 49 45 25 16 
236 2 6 25 39 42 12 23 10 
237 11 19 10 5 
238 2 49 8 11 45 10 37 40 12 
239 12 16 25 37 8 44 
240 6 8 42 45 41 12 16 
241 11 16 6 2 18 25 41 39 36 
242 8 11 48 41 18 10 2 44 12 
243 45 8 23 42 41 18 6 
244 11 25 10 12 18 40 8 6 48 
245 11 25 16 2 
246 16 41 6 2 45 40 
247 2 6 11 25 8 
248 2 44 45 10 27 12 37 39 41 23 25 
249 49 39 44 12 6 2 37 8 
250 16 40 2 11 
251 12 8 10 2 16 
252 2 42 45 23 37 25 
253 5 44 40 16 23 
254 25 23 11 16 48 49 12 
255 45 11 18 2 41 12 23 
256 10 48 37 23 18 11 16 45 
257 3 10 18 44 45 40 25 6 2 42 41 12 
258 44 49 10 12 23 38 37 
259 42 39 49 16 10 48 2 18 
260 2 11 40 45 12 48 23 41 44 10 
261 48 12 44 16 40 
262 16 37 45 11 12 48 
263 8 12 44 49 6 23 16 41 48 
264 39 45 11 49 25 38 
265 10 2 40 48 19 23 49 
266 11 18 25 27 37 
267 39 44 16 2 40 41 10 18 8 25 36 
268 16 6 18 2 40 3 11 8 39 
269 49 10 48 12 37 
270 5 39 6 12 25 16 11 2 40 
271 6 18 25 11 44 45 12 16 42 
272 3 12 49 11 18 6 37 
273 45 2 18 12 40 25 27 44 11 36 
274 11 27 41 8 6 25 16 
275 11 48 38 37 10 25 
276 19 41 25 49 37 8 10 45 
277 44 16 45 48 8 41 
278 41 27 12 11 36 25 
279 3 12 25 41 23 39 40 
280 11 25 49 12 48 16 44 
281 25 8 12 49 6 
282 2 42 37 8 10 27 40 16 25 12 
283 23 37 3 8 16 41 40 2 
284 2 6 40 10 36 27 23 25 
285 11 45 25 39 8 12 44 18 16 
286 37 48 16 25 44 
287 44 45 11 37 12 18 10 40 
288 41 12 25 
289 8 41 49 40 18 12 45 16 11 
290 40 12 25 
291 2 25 23 45 12 16 49 6 
292 6 2 44 12 8 11 23 25 48 
293 19 39 48 12 45 40 37 11 18 6 
294 12 25 11 41 16 49 18 6 
295 10 45 48 11 37 25 
296 11 40 5 45 37 39 3 23 6 48 10 
297 39 18 40 6 16 10 12 
298 25 11 16 40 
299 5 25 37 18 11 40 45 49 23 8 
300 11 16 44 8 6 48 25 45 
301 2 49 8 41 37 19 11 
302 16 44 40 42 11 10 8 
303 16 25 48 10 6 41 44 39 8 
304 23 18 40 
305 8 49 10 45 18 41 36 25 44 23 
306 23 48 10 38 2 18 19 39 16 12 25 37 41 
307 25 23 10 12 
308 6 11 12 18 8 2 
309 10 40 23 45 12 11 16 
310 48 41 6 8 10 23 11 18 
311 23 12 5 10 11 16 
312 16 42 40 44 25 48 8 45 49 
313 25 8 23 10 18 
314 48 12 41 10 
315 5 23 25 45 10 40 11 
316 12 37 25 38 23 
317 6 40 8 11 36 12 16 23 2 41 
318 16 40 27 41 37 12 23 36 48 44 45 
319 11 25 45 40 10 18 39 2 49 19 16 48 
320 18 12 16 25 
321 25 12 2 11 48 18 27 
322 37 45 8 27 16 49 10 
323 19 10 45 12 25 42 18 41 
324 2 11 49 3 12 25 27 37 8 
325 25 12 23 44 8 40 
326 12 40 41 6 11 37 8 44 
327 2 18 23 11 37 12 49 48 39 41 
328 18 48 25 
329 12 2 6 44 8 10 
330 27 18 11 16 25 41 
331 39 11 12 23 40 10 37 
332 37 12 5 25 45 44 18 
333 25 36 40 45 12 44 11 42 
334 41 23 25 44 49 18 45 11 
335 2 12 16 6 18 45 25 36 23 44 
336 2 45 19 40 3 49 23 39 44 8 25 12 42 18 37 
337 40 11 44 48 10 19 25 3 8 37 12 
338 2 12 41 25 11 48 
339 12 16 18 37 8 44 
340 12 45 
341 12 25 23 40 44 
342 6 16 37 45 18 40 44 8 19 
343 16 45 25 40 8 
344 42 48 11 12 2 3 23 44 25 16 10 
345 23 25 16 18 49 11 12 45 
346 5 12 37 48 40 11 49 41 
347 10 40 41 42 12 8 44 25 
348 2 5 8 49 25 37 10 45 48 39 44 11 
349 49 18 45 8 2 44 
350 49 16 18 45 48 
351 11 12 18 39 6 45 3 
352 2 6 49 23 41 37 12 
353 8 40 44 2 41 11 
354 16 18 12 2 37 8 40 44 23 
355 38 11 44 12 10 25 41 18 
356 2 16 11 44 49 40 
357 12 11 48 23 49 
358 48 8 11 42 12 41 10 16 
359 23 40 18 16 49 3 37 10 2 41 12 
360 25 49 16 45 6 5 39 38 11 2 48 
361 16 23 42 41 49 
362 2 23 27 45 10 25 39 18 12 
363 2 10 38 16 37 11 
364 10 18 25 2 16 11 
365 5 18 11 25 48 6 23 41 12 
366 2 12 40 39 10 11 
367 23 2 11 48 
368 38 44 48 12 11 40 
369 18 8 23 49 10 25 44 
370 2 16 48 12 25 6 
371 11 23 10 12 3 18 49 25 16 
372 25 10 49 41 
373 19 45 8 11 12 25 
374 19 3 44 45 10 25 12 18 38 48 
375 16 25 3 36 23 41 8 18 
376 23 11 37 44 8 16 25 45 
377 8 48 39 23 44 25 38 
378 36 41 25 49 12 
379 25 42 48 12 18 8 37 2 44 
380 2 8 6 40 5 25 12 48 
381 12 44 41 25 16 5 
382 37 5 45 49 12 16 25 10 
383 10 25 2 16 23 
384 2 11 12 45 10 48 37 41 44 49 8 16 
385 2 23 37 11 25 42 44 
386 44 11 8 23 25 18 
387 2 6 49 39 12 45 
388 37 11 2 18 12 10 
389 12 40 41 16 37 2 45 11 
390 6 12 2 16 18 44 8 10 
391 2 8 37 11 23 25 12 10 
392 2 11 18 25 23 10 
393 23 40 44 11 16 37 41 25 
394 6 23 11 48 27 2 
395 23 18 12 11 10 25 37 45 
396 3 48 49 45 41 42 
397 2 12 40 8 37 18 25 42 
398 11 10 16 23 12 40 25 41 39 
399 16 40 23 49 10 
400 16 2 11 25 45 48 23 41 
401 25 8 10 44 18 11 49 16 
402 11 12 39 48 23 41 10 6 49 
403 25 39 36 16 23 27 11 12 49 
404 12 41 45 8 10 40 11 49 25 
405 12 40 42 49 18 23 25 6 
406 45 8 16 25 48 37 44 6 
407 37 41 25 36 44 49 39 48 18 
408 2 16 3 44 48 37 6 11 25 
409 27 49 36 12 40 
410 45 6 10 11 16 25 8 42 
411 2 41 10 44 
412 2 23 6 40 10 12 37 18 49 36 41 
413 25 8 11 40 12 
414 49 40 6 11 19 
415 8 41 16 40 45 37 38 39 25 12 
416 40 12 42 39 6 
417 25 49 8 44 
418 25 44 49 11 12 42 40 
419 40 2 18 25 37 44 10 8 
420 6 16 40 37 
421 23 44 41 45 25 10 
422 10 48 12 49 44 37 6 
423 12 16 45 40 25 48 49 2 
424 23 41 39 40 38 12 37 49 8 25 5 
425 39 44 45 12 11 16 49 
426 12 10 37 44 49 41 
427 12 18 41 11 39 10 25 42 
428 2 25 36 40 6 11 
429 18 12 8 41 42 
430 12 11 40 37 49 8 25 
431 41 45 16 40 8 2 49 48 
432 40 45 2 25 37 12 11 42 
433 41 10 12 18 25 49 
434 2 42 38 11 23 44 16 
435 23 27 39 45 44 16 37 25 11 48 
436 10 37 8 49 40 48 25 18 
437 45 44 49 18 25 38 41 
438 10 11 23 41 16 
439 11 40 25 12 2 23 16 10 18 42 
440 12 44 40 25 10 18 
441 3 10 12 45 23 39 25 
442 37 18 40 49 44 45 41 11 25 
443 25 45 11 12 3 44 37 
444 10 49 3 12 25 37 
445 40 45 44 10 23 
446 18 10 11 16 12 8 
447 8 25 37 11 10 
448 25 11 10 12 23 
449 45 48 16 19 10 11 2 25 
450 2 10 18 39 16 12 25 
451 2 12 25 11 10 6 39 44 41 48 
452 8 16 41 25 40 12 2 45 37 11 
453 16 10 6 25 11 39 40 45 8 36 41 48 49 
454 2 10 38 12 8 41 25 
455 8 12 16 25 23 18 10 
456 48 10 12 40 25 37 
457 11 25 45 12 48 10 37 
458 37 25 16 2 8 12 
459 44 45 12 6 25 40 
460 16 8 37 18 40 45 
461 25 48 36 37 6 12 
462 23 2 5 38 8 27 41 48 44 37 11 16 
463 23 48 49 2 6 25 
464 44 18 37 40 12 25 11 10 
465 2 40 6 18 45 23 10 25 11 
466 2 40 39 45 25 41 12 11 
467 25 16 18 8 23 2 41 
468 23 41 25 11 6 12 2 10 18 
469 48 18 6 23 11 44 12 45 8 
470 44 2 10 48 25 12 40 
471 2 11 39 49 25 16 
472 2 23 10 18 37 11 12 25 3 49 
473 2 12 37 40 48 
474 10 12 6 45 11 18 41 40 16 2 
475 16 40 11 44 45 8 25 39 41 
476 11 42 36 2 48 16 40 12 
477 2 10 41 40 11 12 23 8 
478 40 8 39 11 2 25 10 37 
479 25 12 11 16 45 10 19 37 40 3 6 48 
480 16 41 11 48 2 45 44 6 49 
481 8 45 6 16 37 48 25 41 44 49 
482 41 44 18 40 12 11 10 42 25 
483 40 8 
484 3 5 41 11 12 25 
485 48 49 40 10 16 8 12 
486 6 48 45 11 
487 3 11 41 44 45 12 42 10 
488 45 25 11 48 49 2 16 
489 2 37 25 3 41 11 
490 16 18 23 11 12 40 
491 11 16 23 40 25 36 44 12 37 
492 16 41 23 44 11 40 25 10 18 
493 23 12 18 25 40 
494 12 8 36 10 42 25 
495 40 41 12 44 16 27 8 
496 16 37 19 39 44 41 11 
497 42 18 10 5 25 
498 49 11 23 5 25 
499 3 6 44 12 40 25 42 
500 45 16 37 11 39 44 10 25 12 36 18 41 
501 12 25 18 11 
502 48 16 45 8 18 25 12 41 11 
503 2 11 12 27 25 16 
504 12 16 41 44 11 38 45 18 48 25 
505 6 18 40 16 10 
506 2 25 23 37 8 
507 8 11 40 49 10 
508 12 40 2 25 8 23 41 
509 11 44 16 23 10 25 49 40 
510 11 18 23 25 45 44 49 48 41 8 16 
511 27 23 8 25 40 11 
512 18 49 8 12 44 45 6 41 11 23 10 
513 25 44 8 11 37 40 45 12 2 
514 3 12 38 49 11 25 39 
515 37 2 12 48 
516 45 23 25 48 12 11 
517 12 18 
518 2 16 18 10 12 23 11 48 
519 41 40 8 6 12 16 18 11 
520 39 12 2 25 11 18 40 
521 2 41 44 25 37 48 27 
522 6 23 41 16 45 44 11 40 8 25 48 
523 11 12 37 5 18 6 45 39 
524 25 23 44 12 11 49 
525 41 40 
526 12 25 49 16 48 11 2 45 10 37 
527 16 40 45 41 10 12 25 
528 6 44 18 2 48 40 16 11 49 
529 6 40 49 45 39 23 11 16 19 25 
530 23 25 49 10 11 41 44 18 27 3 36 
531 2 12 40 41 6 
532 10 11 36 12 25 6 37 40 
533 6 16 41 11 12 44 25 48 23 39 40 
534 12 48 10 25 44 16 41 
535 48 41 2 11 23 39 
536 10 48 2 41 25 44 37 40 11 
537 37 44 39 41 45 11 6 48 16 
538 25 45 16 37 41 18 40 11 
539 2 23 8 49 40 11 48 
540 45 23 6 12 25 37 8 
541 2 16 12 
542 16 12 11 40 25 45 
543 12 23 48 41 25 16 2 
544 25 11 44 12 37 
545 2 48 25 49 16 41 6 
546 6 44 37 45 18 41 36 16 10 25 12 
547 40 25 44 49 
548 18 25 37 40 6 12 45 
549 12 39 6 23 
550 18 6 8 39 48 16 40 
551 25 41 40 45 48 49 12 
552 40 41 8 25 
553 42 49 11 12 41 40 
554 2 48 25 44 
555 44 49 12 45 10 18 
556 2 25 10 12 40 6 49 
557 44 37 11 16 18 12 42 
558 16 41 23 11 25 44 12 
559 2 37 25 27 18 10 45 48 11 8 
560 49 8 39 11 42 48 27 37 25 6 10 
561 40 45 25 11 16 8 
562 12 18 37 45 49 11 10 
563 39 12 23 48 25 
564 2 11 16 40 25 48 18 27 
565 25 16 49 42 10 
566 11 37 12 40 
567 10 6 25 37 11 12 
568 2 10 23 37 45 16 25 49 11 
569 16 11 25 8 18 10 
570 6 10 2 12 18 41 
571 10 25 48 2 8 
572 10 48 5 3 41 11 19 12 45 6 
573 12 44 18 
574 10 44 8 45 11 27 16 25 39 
575 10 18 25 8 11 2 6 
576 10 18 8 45 25 6 41 
577 2 8 16 18 37 45 10 
578 18 10 40 11 6 8 25 49 
579 16 44 18 
580 2 12 40 48 
581 16 18 48 37 11 8 44 6 25 12 23 45 
582 11 42 8 44 45 37 25 12 
583 5 48 12 40 10 37 
584 18 3 41 10 11 8 16 
585 23 37 10 18 11 12 8 
586 48 2 37 41 16 25 12 45 
587 40 41 18 6 44 25 37 39 45 
588 8 49 23 25 11 
589 2 12 18 40 41 11 
590 6 11 41 37 45 2 44 
591 25 41 11 48 23 8 12 16 37 44 
592 11 39 18 37 49 8 25 23 41 
593 23 37 10 40 11 25 3 42 
594 18 44 11 8 12 
595 6 48 2 11 12 25 23 
596 39 10 25 18 40 
597 41 48 12 42 49 18 45 
598 10 25 12 16 40 
599 2 12 25 45 16 39 
600 25 11 39 40 23 6 48 12 
601 16 10 37 41 12 45 
602 10 18 25 42 6 11 41 39 16 
603 11 12 48 25 6 49 
604 2 40 19 41 25 23 39 
605 25 12 40 2 23 37 
606 18 48 39 8 23 27 12 
607 25 10 11 39 41 44 27 5 6 
608 2 6 37 16 25 23 12 40 11 8 
609 8 27 45 25 16 40 12 
610 18 39 44 25 42 3 45 16 
611 2 23 8 18 11 41 27 49 
612 48 18 23 45 
613 45 18 49 2 25 41 10 12 23 11 
614 6 45 10 41 25 42 40 48 18 19 
615 10 48 11 41 40 38 
616 2 48 18 12 44 
617 6 41 45 16 25 10 23 
618 11 23 25 41 10 45 
619 2 8 25 23 11 39 48 12 10 
620 12 44 11 25 10 37 45 
621 8 16 12 42 11 44 2 
622 12 40 25 10 36 
623 12 45 49 23 5 8 39 
624 37 40 8 12 11 2 
625 40 42 12 16 41 8 
626 40 41 44 8 25 37 23 
627 2 18 25 6 40 11 16 
628 45 48 12 10 18 25 11 37 
629 36 42 11 25 40 16 48 18 39 41 23 2 
630 42 49 44 40 8 16 12 10 41 11 
631 16 25 11 44 18 
632 37 6 10 42 2 39 45 23 12 
633 41 23 37 
634 18 11 8 23 40 45 10 25 37 
635 8 25 40 
636 48 11 19 37 25 44 23 
637 8 16 37 40 49 11 18 39 23 12 
638 2 11 48 41 16 12 18 
639 6 11 45 12 18 23 48 10 40 44 
640 25 49 11 39 10 12 
641 8 37 40 16 10 2 18 44 39 42 
642 37 25 12 11 16 
643 5 25 12 40 18 11 
644 23 25 6 40 12 44 48 45 
645 38 48 8 18 11 2 16 41 45 
646 12 8 37 16 40 5 41 45 
647 11 23 10 37 25 48 8 40 45 12 16 39 41 6 
648 2 16 10 18 11 23 
649 19 16 44 11 25 37 3 41 23 
650 45 44 8 41 25 48 16 11 
651 37 45 8 6 2 16 11 12 
652 12 18 8 40 37 
653 10 12 23 2 25 16 
654 2 39 25 23 40 10 
655 10 11 16 18 25 44 45 48 
656 2 11 12 16 10 44 8 25 
657 2 11 42 10 44 6 8 39 25 37 40 41 
658 10 12 41 6 8 40 18 44 23 
659 49 44 6 41 2 18 48 5 12 
660 49 6 45 18 40 11 12 23 25 8 16 
661 5 2 12 11 8 16 10 
662 2 11 10 12 25 18 44 
663 11 16 12 23 8 
664 37 5 41 40 8 12 10 2 
665 40 2 45 6 11 44 38 25 8 23 
666 25 11 48 10 8 44 
667 41 2 25 11 42 45 40 
668 25 37 11 44 41 18 2 40 
669 25 8 11 18 16 49 2 
670 41 10 11 12 18 44 16 49 8 48 39 2 
671 40 11 45 12 6 49 25 48 
672 2 41 18 11 39 44 16 
673 38 16 18 11 19 2 45 
674 12 41 25 45 37 
675 2 8 37 5 
676 6 16 11 12 40 48 18 25 
677 25 37 44 12 40 23 11 8 
678 25 41 48 11 18 40 
679 45 48 12 18 25 23 39 37 49 27 
680 2 6 37 8 10 25 44 45 16 11 
681 48 16 44 45 40 2 8 
682 39 44 25 12 45 40 8 37 2 23 6 48 
683 25 37 8 48 
684 18 10 12 11 41 25 
685 11 12 25 41 16 48 6 
686 8 10 45 12 6 11 25 
687 16 3 2 6 44 10 12 41 
688 25 11 49 45 12 23 39 
689 11 40 23 19 6 12 25 41 48 
690 12 37 11 25 8 16 40 41 2 44 
691 39 25 37 45 44 11 10 16 
692 45 49 44 18 11 39 5 16 40 3 
693 41 45 44 18 25 23 8 12 
694 27 11 41 42 12 25 
695 25 18 37 23 45 10 
696 18 2 8 12 39 42 45 25 23 11 37 
697 11 39 38 25 42 16 49 40 12 
698 11 16 12 41 49 8 
699 8 49 40 25 10 19 6 
700 10 40 16 18 8 45 23 25 2 11 
701 2 27 16 6 49 37 45 48 23 11 
702 12 40 41 25 16 23 
703 8 49 11 27 12 16 23 37 45 18 
704 12 44 2 25 16 8 
705 23 48 49 16 44 8 25 12 18 
706 6 11 16 36 23 48 
707 45 48 25 49 23 
708 48 23 25 
709 2 6 23 11 18 42 12 
710 36 10 8 40 
711 12 45 48 2 16 44 49 25 
712 48 41 40 42 11 16 
713 37 23 8 40 
714 16 2 25 48 45 6 12 11 
715 40 45 37 11 
716 45 12 49 11 16 
717 25 48 11 12 44 18 23 
718 12 18 5 8 49 39 40 45 10 
719 48 10 41 23 12 11 25 
720 10 16 25 40 
721 49 2 11 48 40 39 10 
722 48 25 27 41 12 2 11 
723 18 8 16 25 
724 12 23 16 6 36 48 
725 12 3 40 8 6 42 10 
726 12 25 39 2 8 49 
727 6 40 45 12 11 23 25 41 49 
728 6 36 48 12 41 25 
729 2 12 10 11 
730 12 41 25 16 10 
731 2 10 37 25 42 12 41 16 44 
732 11 39 10 40 12 16 23 25 37 
733 2 6 10 11 23 40 44 12 48 
734 12 45 6 18 40 2 25 11 16 
735 2 8 48 44 10 12 11 
736 37 41 25 11 48 
737 10 11 49 37 40 44 48 
738 11 16 40 48 
739 44 11 8 6 49 39 37 16 40 
740 8 11 25 16 37 41 48 12 
741 8 11 2 48 23 6 25 41 44 40 12 
742 37 25 40 6 49 
743 12 2 18 25 48 8 16 44 49 42 
744 18 2 12 23 41 45 25 44 39 
745 8 16 5 12 41 11 10 39 
746 12 8 23 25 37 16 45 
747 44 10 25 23 37 
748 18 37 6 10 11 39 41 44 23 49 
749 48 11 18 12 16 37 8 25 
750 16 18 11 39 23 
751 16 12 23 42 11 39 44 
752 39 8 10 11 49 12 5 6 25 
753 25 18 40 8 5 12 44 38 
754 8 25 12 19 44 2 39 
755 18 8 25 11 40 41 48 
756 6 23 41 40 3 37 49 45 12 
757 41 2 11 12 37 45 48 
758 10 42 40 44 23 11 45 
759 39 41 11 8 40 44 37 
760 25 3 12 19 
761 27 12 18 45 10 16 37 
762 45 25 40 11 12 41 23 37 
763 40 10 12 6 45 
764 10 38 39 25 41 37 8 18 
765 16 11 12 25 45 8 2 
766 2 39 12 25 23 
767 18 11 12 40 39 25 44 
768 2 23 11 48 40 25 16 
769 45 16 39 48 11 
770 2 16 40 39 45 6 10 41 8 
771 39 37 40 12 45 11 48 44 6 
772 8 16 12 25 11 2 23 45 
773 11 18 16 8 12 
774 12 16 48 44 42 
775 6 8 10 40 25 23 11 
776 40 2 10 49 12 
777 12 41 48 45 10 11 16 
778 8 11 45 23 49 10 
779 25 48 41 
780 2 25 12 48 11 39 
781 19 44 23 40 12 25 11 45 
782 48 6 11 49 18 25 2 12 37 40 
783 41 25 12 11 
784 40 42 39 25 2 45 18 
785 6 44 10 12 25 37 3 40 23 48 
786 10 49 37 25 18 16 11 2 
787 2 6 36 41 18 16 39 8 38 42 
788 2 49 10 18 25 44 11 41 45 6 12 
789 2 37 18 48 49 6 25 16 23 
790 12 48 10 16 41 6 2 42 49 40 23 
791 39 48 45 6 42 10 18 11 25 
792 10 25 45 12 16 6 48 8 
793 2 38 10 25 37 12 45 8 
794 40 37 49 12 44 39 
795 49 3 6 
796 40 45 12 41 11 25 44 48 
797 44 49 25 40 10 23 18 48 12 
798 8 27 44 41 48 11 16 49 37 45 
799 11 2 8 10 37 23 38 41 
800 49 12 25 11 16 2 40 37 
801 5 11 23 10 
802 44 18 25 37 
803 44 41 23 12 40 11 
804 25 44 49 11 
805 12 6 37 48 18 41 
806 41 8 11 25 6 2 
807 40 44 11 41 6 
808 40 39 18 5 25 12 37 
809 25 44 12 10 6 45 41 
810 49 12 3 10 16 45 
811 11 12 45 16 
812 2 25 41 23 10 12 16 19 
813 2 40 41 10 37 25 42 23 36 12 
814 23 39 44 10 11 37 19 40 6 
815 6 48 16 
816 2 11 39 41 10 25 12 40 8 37 49 
817 45 23 40 44 8 25 
818 11 18 45 25 44 48 23 36 19 16 
819 48 10 16 37 40 12 49 
820 2 8 25 11 27 18 40 12 42 
821 39 11 49 16 23 
822 11 12 48 45 8 23 25 49 
823 10 19 44 8 16 
824 18 23 40 8 25 45 
825 16 48 42 8 6 18 44 37 12 
826 11 37 41 38 6 12 10 36 
827 41 6 10 12 11 
828 16 25 44 37 49 2 10 
829 45 10 25 39 11 5 6 40 48 49 
830 12 49 39 45 10 8 40 
831 2 44 23 39 41 37 11 10 45 
832 23 45 16 25 11 
833 49 16 25 40 37 8 11 
834 48 10 37 23 49 12 41 2 
835 18 39 45 16 19 12 23 37 6 25 40 2 
836 16 18 27 41 12 6 38 40 48 11 45 25 
837 23 12 48 
838 6 36 5 18 
839 37 41 44 
840 5 8 12 49 25 18 16 19 
841 16 40 6 11 37 25 48 38 
842 16 12 25 40 8 
843 40 10 3 49 45 19 25 48 18 
844 8 16 12 6 18 40 11 23 
845 41 12 18 49 23 45 16 48 
846 18 12 25 11 49 
847 41 44 12 40 
848 16 5 12 41 42 10 48 44 11 25 40 
849 41 38 11 16 45 
850 25 23 11 41 48 37 12 18 
851 19 44 49 23 11 45 18 37 
852 2 39 18 44 49 25 
853 10 16 23 12 
854 11 23 2 42 45 6 12 
855 16 8 39 12 44 25 
856 25 8 45 11 
857 10 25 6 
858 16 40 25 41 36 8 
859 11 37 44 38 10 16 18 40 25 12 
860 2 41 38 42 16 
861 2 48 19 18 12 
862 23 10 45 
863 2 11 42 48 25 40 37 49 27 44 23 
864 2 11 27 16 48 10 41 12 
865 12 37 39 6 11 48 40 41 49 23 25 44 8 
866 12 11 18 25 
867 19 48 39 23 41 16 25 2 
868 12 25 41 11 49 
869 11 23 25 48 2 10 
870 6 12 16 18 25 48 40 41 37 5 10 
871 25 38 10 12 37 40 6 48 
872 2 18 41 48 11 16 
873 12 16 40 25 45 10 37 49 
874 49 37 23 10 45 44 
875 10 27 49 11 3 
876 18 6 12 11 23 40 2 
877 38 49 25 37 10 41 45 8 11 
878 40 8 49 12 25 37 
879 49 41 25 44 39 18 10 
880 44 37 19 42 45 48 
881 16 23 48 6 12 41 37 45 25 11 
882 39 44 16 25 45 48 18 11 49 
883 2 39 18 37 12 
884 2 18 11 36 45 44 41 12 6 23 
885 6 49 18 11 25 39 23 42 
886 16 25 23 48 8 49 2 45 6 
887 10 11 36 8 23 18 39 6 
888 18 25 16 11 42 48 
889 38 25 39 36 12 37 48 
890 2 8 27 10 44 11 23 16 
891 8 10 25 11 23 37 49 2 44 
892 12 25 40 49 8 23 11 
893 11 16 48 12 42 18 
894 45 25 48 49 8 16 18 6 2 
895 19 11 12 40 25 10 37 8 
896 2 45 37 16 36 18 
897 2 16 25 8 11 
898 40 37 8 16 11 18 
899 18 10 40 2 25 39 8 23 41 44 37 16 
900 16 8 49 44 25 19 41 23 37 48 
901 6 38 8 18 16 23 48 2 40 25 10 
902 8 25 2 6 48 12 10 40 18 
903 49 10 23 6 48 11 8 45 
904 8 11 2 16 49 12 18 45 25 48 
905 2 3 11 12 40 25 
906 41 12 45 25 40 37 39 44 23 
907 49 18 12 48 41 2 44 8 16 
908 2 23 16 18 12 48 
909 48 12 25 10 45 23 
910 41 11 37 12 23 40 49 
911 48 25 41 11 18 16 
912 8 10 6 44 16 37 11 
913 40 41 25 2 37 45 
914 10 44 49 12 
915 37 2 18 41 6 
916 16 12 25 11 8 39 44 2 37 
917 25 37 12 48 11 
918 23 12 10 40 45 25 
919 18 25 45 12 42 44 41 8 
920 44 48 45 25 12 
921 37 44 11 2 12 48 
922 40 6 12 8 
923 3 11 23 40 2 36 48 
924 45 12 25 11 36 41 
925 8 18 25 12 37 11 
926 42 11 41 48 6 44 12 16 37 49 2 5 
927 44 37 45 49 11 12 25 40 
928 2 12 39 23 11 45 40 41 
929 12 45 48 6 18 41 
930 8 23 16 2 11 41 
931 23 27 38 8 5 42 25 44 
932 25 6 18 
933 3 6 37 40 48 
934 12 45 37 41 40 11 18 
935 10 11 8 12 6 18 23 40 
936 39 6 12 23 11 16 41 
937 11 45 2 42 
938 8 37 48 49 6 25 45 23 12 11 
939 45 11 12 25 48 6 40 16 
940 27 25 41 45 18 16 37 8 44 
941 2 40 11 8 
942 12 23 6 16 18 44 8 49 25 
943 41 12 
944 16 41 25 12 44 49 23 
945 18 10 12 23 25 
946 11 37 39 48 18 40 
947 25 44 45 40 
948 2 8 12 42 45 
949 18 39 45 48 25 12 10 
950 41 42 6 23 45 25 5 
951 41 12 25 39 18 10 
952 48 18 12 6 23 25 45 49 
953 45 8 12 19 11 41 
954 5 40 25 6 12 
955 10 36 49 12 41 48 44 
956 39 23 11 12 25 
957 12 23 40 
958 12 49 36 38 23 11 2 10 8 
959 8 39 12 3 19 16 11 44 
960 6 11 39 41 16 2 12 40 
961 12 40 11 39 23 
962 37 40 45 23 18 12 
963 5 8 41 27 45 23 25 37 11 
964 8 40 45 16 37 11 12 25 39 
965 42 12 6 11 25 45 
966 2 11 25 10 44 40 18 48 
967 2 45 6 41 
968 10 12 8 11 39 23 41 
969 45 12 44 
970 12 45 10 11 23 41 8 
971 8 27 11 36 25 40 45 
972 5 25 12 42 11 48 
973 44 23 12 37 25 16 
974 23 16 39 40 3 18 37 10 25 
975 42 45 37 12 23 8 25 
976 44 6 12 23 40 41 48 
977 25 45 18 40 
978 37 41 12 25 8 11 6 2 
979 23 11 41 44 
980 16 40 23 12 
981 41 23 16 39 44 45 12 49 
982 8 25 12 45 11 44 40 
983 8 40 42 11 18 48 45 
984 8 11 25 
985 39 18 40 5 41 25 44 45 49 48 11 
986 25 39 42 44 11 12 48 
987 12 40 11 39 44 
988 25 40 11 44 12 16 
989 25 44 16 
990 18 16 40 42 3 11 12 41 
991 36 37 25 23 11 
992 12 25 49 16 11 8 
993 38 49 11 10 40 
994 12 18 27 16 40 
995 6 25 2 38 11 12 
996 12 49 
997 44 11 41 12 
998 2 16 12 40 
999 12 49 16 27 42 
