0  0 1 4 5 11 12 14 16 18 19 20 21 23 25 29 30 33 34 36 37 38 40 41 48 49
1  0 4 8 10 11 12 14 17 20 21 22 29 31 33 34 37 39 40 44 50
2  0 3 5 6 7 10 11 18 21 25 26 27 29 32 33 34 35 41 42 43 44 45 47 50
3  0 2 4 6 8 14 15 16 17 22 24 25 26 30 31 32 33 35 36 39 41 43 44 45 46
4  2 3 6 10 11 12 14 19 21 22 23 24 25 26 29 30 31 33 43 45 47 49
5  1 2 4 6 7 10 14 23 25 29 30 33 34 40 41 42 44 46 47 48 49 50
6  4 5 7 8 10 11 14 15 16 19 23 24 25 26 29 31 32 33 34 40 41 43 44 48
7  1 4 5 7 8 10 11 14 15 18 23 24 25 30 31 32 33 38 40 41 45 46 48
8  0 1 2 3 4 5 10 11 12 13 14 15 17 20 22 23 24 25 30 32 34 35 37 39 40 41 45 47 50
9  4 6 8 10 11 12 14 15 16 18 20 21 22 23 24 25 29 30 31 33 37 40 43 44 45 46 48 49
10  0 2 5 6 8 10 11 14 16 17 18 20 21 22 25 30 31 33 34 39 41 42 44 48
11  0 1 2 4 5 6 8 10 11 12 13 14 19 23 25 26 31 33 34 37 40 45 47 49
12  0 4 6 7 9 10 11 12 14 15 17 22 23 24 29 30 31 33 34 36 39 40 42 43 44 45 49 50
13  0 4 6 7 8 11 12 16 17 19 23 24 25 29 31 32 33 36 37 40 45 47 48
14  2 4 5 6 10 12 14 15 18 19 21 23 26 27 30 32 33 39 40 42 44 45 46 48 49
15  0 2 4 6 7 9 10 11 12 14 16 17 18 22 25 30 34 37 46 48
16  5 6 7 10 11 14 19 21 22 23 25 26 31 32 34 36 37 39 40 41 42 43 44 47 48 49 50
17  6 8 9 10 11 12 14 15 17 19 21 22 24 25 30 33 34 37 40 41 43 44 45 48 50
18  4 7 8 9 10 11 12 15 16 17 18 22 23 25 26 29 31 32 35 40 45 46 47 49
19  0 2 5 6 8 11 12 14 17 18 26 27 28 29 30 31 32 33 34 35 42 44
20  2 3 4 8 9 12 15 18 21 22 24 25 26 30 31 33 34 39 40 41 45 46 47 48 50
21  2 11 12 15 16 21 28 31 32 33 35 38 41 45 49
22  0 3 7 9 10 11 14 16 17 18 21 23 25 29 32 34 35 36 43 45 50
23  0 2 6 7 9 10 12 16 17 18 19 20 21 25 27 29 31 33 36 40 41 44 48 50
24  4 5 11 12 13 19 21 25 28 31 32 33 46 50
25  0 4 7 8 9 10 11 12 15 16 20 21 25 29 30 31 32 33 34 39 40 41 43 44 45 48 50
26  2 4 8 9 11 12 13 16 17 22 23 25 27 28 30 31 32 33 35 37 40 41 47
27  0 2 4 5 7 8 9 10 12 13 18 22 23 25 26 28 29 31 33 37 40 41 43 44 49
28  3 4 8 10 12 14 15 16 21 22 25 30 31 34 39 40 41 43 44 45 48 49
29  1 7 9 14 15 16 17 18 19 21 22 23 25 26 30 31 33 34 36 40 45 47 49
30  4 10 11 12 13 15 16 18 22 23 24 26 28 30 31 32 33 36 37 40 41 42 43 45 47 49 50
31  1 4 5 6 7 10 11 22 24 25 26 30 31 32 33 34 39 40 42 48 49
32  0 2 5 7 9 12 14 16 24 25 26 31 34 37 40 41 42 47 48
33  4 5 7 8 9 11 16 17 18 22 23 24 30 31 34 37 38 39 40 44 45 46 48 49 50
34  0 3 8 11 15 17 20 22 24 26 30 31 33 34 35 36 37 40 42 43 46 48
35  0 1 2 4 7 12 13 18 21 22 23 25 31 33 34 37 40 42 43 44 45 47 48 49
36  1 3 9 11 12 21 22 23 24 27 31 34 35 40 41 43 44 45 47 48 50
37  2 4 6 8 10 11 12 15 18 20 21 24 25 26 31 33 34 37 38 41 42 44 45 47 49
38  2 5 6 7 8 10 11 12 13 15 16 17 18 21 24 25 26 28 31 32 33 34 36 37 38 45 46 47 49
39  0 2 3 8 10 11 14 15 16 18 21 22 23 30 31 32 33 35 37 40 41 47 50
40  0 1 2 6 11 12 14 17 19 22 24 27 31 32 33 34 39
41  0 2 4 8 12 16 17 21 22 23 30 31 33 34 35 37 43 45 46 47
42  2 4 7 9 10 11 12 14 15 17 20 21 22 25 27 30 31 33 34 37 45 47 49 50
43  4 5 7 8 9 11 15 16 17 23 24 25 26 29 30 31 33 36 38 40
44  0 2 6 7 8 11 12 14 16 18 19 24 28 29 30 31 32 33 34 35 36 37 40 41 44 46 47 48 49 50
45  2 4 6 8 11 12 14 23 25 30 31 32 33 34 37 44 48 49 50
46  0 2 4 5 6 10 11 12 13 15 16 17 18 21 22 23 25 31 32 38 42 46 47 49
47  2 6 7 8 9 11 12 13 15 16 18 21 22 23 24 25 27 28 30 37 38 40 41 45 48 49
48  2 3 5 9 10 11 12 15 23 27 31 33 34 35 37 38 39 44 47 50
49  0 2 5 8 11 12 14 15 16 18 19 22 23 25 26 32 33 34 36 41 43 45 47 48
50  0 2 3 4 5 6 7 11 16 17 18 20 22 27 28 29 30 31 32 34 37 40 44 46 48 50
51  2 4 6 8 9 10 11 15 18 20 21 22 24 25 27 30 32 34 42 43 44 48
52  10 11 12 13 16 17 19 20 21 22 23 26 28 29 31 32 33 37 39 40 45 47 48 50
53  0 1 5 6 10 11 14 15 16 18 20 21 22 30 31 32 33 34 35 37 40 42 44 45 47 48
54  8 9 10 11 12 14 16 18 21 22 23 25 28 29 32 33 40 41 42 44 45 49 50
55  0 1 2 4 6 10 12 13 14 15 17 18 19 21 22 23 25 30 31 32 33 34 35 37 38 45 47 48 49
56  0 4 5 6 11 12 13 19 23 25 30 31 33 34 35 40 41 44 45 46 48 49 50
57  3 4 6 7 8 11 13 14 16 18 22 23 24 27 28 29 30 31 32 33 34 36 40 41 44 45 47 48 49
58  1 4 6 9 11 12 14 15 16 17 18 20 24 25 26 28 33 34 38 44 50
59  0 1 10 12 14 15 16 17 20 21 24 31 33 34 38 40 41 47 49 50
60  0 2 3 6 7 11 12 15 16 17 19 20 25 27 29 31 32 33 41 42 43 45 47 48 50
61  0 1 6 7 10 11 14 16 17 18 19 21 22 24 31 32 33 34 40 43 44 45 47 48 49
62  2 3 6 7 8 10 15 17 20 21 22 25 27 30 33 34 36 40 44 45 46 48
63  2 5 6 8 9 11 12 16 17 23 24 25 27 29 31 33 34 35 42 44 45 47 48
64  0 1 4 5 6 11 14 17 18 19 25 27 29 31 33 35 39 47 48 49
65  3 6 8 11 12 13 14 15 16 17 20 23 24 25 26 32 33 40 41 43 45 49
66  0 3 4 6 7 12 16 18 21 23 24 27 31 34 35 36 37 40 41 42 47
67  2 4 5 6 8 9 11 12 13 14 16 18 21 24 25 27 28 30 31 32 33 36 40 43 47 48 49
68  0 2 3 4 5 7 8 9 10 12 14 15 17 18 19 22 25 28 29 31 33 34 35 37 38 42 48
69  2 7 8 11 14 15 22 24 25 29 30 32 33 36 37 39 40 41 47 48 49
70  0 1 4 5 9 10 12 16 17 19 21 30 33 34 37 39 41 43 44 46 48 49
71  4 8 10 11 12 13 15 16 17 22 24 25 26 31 32 33 34 41 44 45 47
72  0 2 6 10 11 16 18 23 24 25 29 30 34 38 41 43 48
73  6 7 9 10 11 13 16 21 22 24 25 29 31 33 34 39 41 48 49
74  0 4 8 11 12 13 14 18 19 21 25 28 30 31 32 34 35 36 37 40 41 42 47
75  1 2 3 4 6 7 8 10 16 17 18 19 21 23 24 25 31 32 33 34 39 41 42 47 49
76  2 6 7 10 17 18 22 25 28 30 31 32 33 35 36 41 44 47 49
77  0 2 5 6 7 8 10 11 12 18 21 24 25 30 31 34 36 37 39 40 42 44 46 49
78  0 2 3 4 6 8 11 13 16 18 19 20 21 22 24 25 31 33 35 37 40 44 47
79  0 3 4 6 8 12 13 17 19 21 24 25 27 28 30 31 33 34 37 40 41 43 44 45 47 48
80  0 2 4 5 7 9 11 12 13 16 24 25 26 30 31 33 34 37 41 44 45 46
81  0 3 7 10 11 12 19 27 31 36 38 41 42 47 49
82  5 8 11 12 17 21 22 23 24 25 27 31 32 33 34 36 37 47 49
83  10 11 12 13 14 16 18 20 25 28 29 32 33 34 35 43 44 47 48 49
84  0 7 8 10 17 20 21 23 24 25 27 30 33 37 38 44 45 47 48 49
85  0 2 3 9 10 11 12 13 15 17 20 21 22 23 25 29 30 31 32 33 34 35 37 38 44 45 47 48 49
86  0 4 6 7 8 10 12 15 17 18 19 22 24 25 26 27 30 32 34 38 39 43 46 47
87  0 2 11 12 13 14 15 17 19 21 24 25 28 32 33 34 35 39 43 44 45 49 50
88  0 4 5 6 11 14 16 21 23 31 32 33 34 35 37 38 40 49
89  0 1 2 4 6 7 8 10 11 12 15 16 18 21 23 24 25 28 31 33 34 38 40 41 42 44 45 48
90  0 1 4 8 9 10 11 16 17 20 21 22 23 24 25 30 32 34 35 37 40 41 45 48 50
91  2 3 4 5 6 8 11 12 14 16 17 21 25 31 32 33 34 39 41 45 48 49
92  0 6 7 8 9 10 11 12 13 14 16 18 22 25 32 33 34 35 44 47 48 49
93  6 10 12 14 15 22 23 25 27 29 31 32 33 34 40 41 45 47 49
94  0 3 6 7 8 10 11 13 15 17 21 22 23 24 32 33 41 42 43 44 45 47 48 49
95  1 3 7 8 9 11 12 13 15 29 32 39 41 42
96  0 3 4 5 7 8 10 11 12 14 17 22 24 25 26 30 31 34 37 41 46 48 49 50
97  2 6 7 11 12 14 15 16 21 23 29 30 31 32 34 41 42 43 44 45 48 49
98  5 6 12 16 17 22 24 25 31 32 34 35 37 39 40 41 43 45 48
99  0 7 8 11 15 16 17 18 32 34 37 38 40 44 46 47 49
100  0 1 2 4 5 7 9 10 11 12 15 22 23 24 25 26 29 30 31 33 34 35 37 39 40 41 46 48 50
101  2 7 11 12 13 15 16 22 24 25 27 30 31 32 33 34 36 39 43 45 47 48 49
102  4 11 12 14 16 17 18 21 22 24 29 31 32 33 34 36 37 38 41 48 49
103  1 4 5 7 8 11 12 13 14 18 21 23 27 31 32 37 38 40 43 44 45 49
104  2 3 4 6 10 11 12 19 22 23 24 26 30 32 33 34 41 45 46 49 50
105  5 6 8 14 16 18 21 22 25 27 30 31 32 33 39 40 41 44 45 47
106  6 7 8 10 11 12 15 16 21 23 25 28 33 34 37 38 40 44 46 48
107  1 2 3 4 6 7 8 12 13 14 16 20 21 23 24 25 30 31 33 34 35 40 41 43 45 46 47
108  4 6 11 17 20 21 22 23 24 25 26 29 30 31 33 34 37 40 43 48 50
109  2 4 9 10 11 12 13 14 15 16 17 18 22 25 28 29 30 31 33 34 42 44 47 50
110  0 2 4 5 6 11 12 13 14 15 18 21 22 24 25 28 30 31 33 34 36 37 42 49
111  1 2 4 5 10 12 14 15 16 20 23 24 25 26 28 29 33 34 35 39 46
112  1 5 6 7 12 18 21 22 23 24 25 30 31 33 34 37 38 39 40 41 44 45 47 49
113  0 1 3 4 8 10 11 12 13 15 17 20 21 24 25 31 33 34 36 37 38 40 41 42 45 48 49
114  0 1 2 3 4 6 8 12 15 16 21 22 27 29 31 32 33 34 35 36 42 43 44 46 47 48 49
115  0 1 2 3 4 6 8 11 12 15 16 17 18 19 21 24 30 33 36 39 41 45 46 48 49
116  0 1 2 6 8 10 11 12 13 17 21 22 23 24 25 26 28 29 31 33 34 36 39 40 41 43 44 45 47 48 49
117  6 7 10 12 17 18 21 22 23 24 25 29 30 31 32 33 37 39 42 44 47 49
118  0 2 4 6 8 11 12 13 14 15 16 17 18 21 22 24 25 30 32 33 39 41 42 44 45 50
119  1 2 4 6 7 8 10 11 12 14 15 17 23 25 28 29 30 31 32 33 34 37 42 44 45 46 49 50
120  2 6 10 11 12 14 15 16 17 19 21 22 23 31 33 34 37 39 45 47 49
121  1 2 3 5 6 7 10 11 12 13 14 15 18 22 24 25 27 31 33 34 35 40 41 43 45 48 49
122  0 6 7 8 9 10 11 12 15 17 18 21 22 24 25 26 31 32 33 34 39 44 45 50
123  0 1 2 6 8 10 11 12 17 21 22 23 24 25 30 32 34 35 37 38 43 45 48
124  0 3 7 8 9 12 15 16 18 19 21 25 32 34 36 37 39 41 47 49
125  2 7 8 11 12 14 16 17 20 21 22 23 30 31 32 34 38 41 47
126  1 2 8 10 11 12 13 14 15 16 23 24 25 28 32 33 35 36 37 39 41 44 48 49 50
127  2 3 6 9 11 12 13 14 15 21 22 23 25 27 28 29 30 31 33 34 40 44 47 48
128  2 6 8 11 18 20 23 25 26 29 30 31 33 34 35 40 41 45 47 48 49
129  3 11 12 13 14 21 22 23 24 25 27 30 31 32 33 34 35 37 43 44 46
130  2 3 8 10 11 12 14 16 17 18 20 21 22 23 24 25 29 31 34 36 42 45 47 48 50
131  4 6 8 11 12 16 18 21 23 24 25 26 30 31 33 34 37 40 42 44 46 47 48 49 50
132  0 1 2 3 7 12 13 14 16 17 21 22 23 25 27 30 31 32 33 34 37 44 48 49
133  0 1 6 7 8 10 11 12 14 16 17 21 22 23 25 26 33 34 36 41 42 44 45 48
134  0 5 6 7 8 11 12 14 15 16 22 25 31 32 34 36 40 41
135  0 2 4 6 7 8 10 12 16 17 18 21 24 30 33 34 37 39 42 45 46 49
136  0 3 4 8 9 10 11 14 15 16 17 19 22 25 27 28 31 33 34 36 37 41 44 45 49
137  0 1 4 6 7 8 9 11 12 13 15 16 18 21 24 25 31 32 33 34 35 37 40 41 45
138  0 2 7 11 12 14 17 18 22 24 30 31 33 34 35 37 39 42 44 45 48 49
139  2 4 5 7 10 11 12 15 16 17 18 21 22 24 29 30 31 32 34 37 39 40 41 43 45 47
140  0 7 11 12 13 14 22 24 25 27 30 31 33 35 37 39 40 45 47 48
141  0 1 2 3 6 7 8 11 14 16 20 21 24 25 26 31 34 43 46 47 50
142  0 1 10 11 12 14 15 17 25 26 31 37 39 41 43 44 50
143  0 9 10 11 12 15 16 18 22 23 25 30 33 34 35 37 40 43 44 46 47 48 49
144  0 2 5 6 7 8 9 12 13 14 15 16 17 18 19 21 22 23 25 29 31 36 40 45 49
145  0 1 2 5 7 8 9 10 11 12 13 14 16 18 25 31 32 34 35 36 40 42 49 50
146  0 8 10 11 13 17 18 20 21 22 24 25 31 32 33 34 37 39 40 44 45 48 49
147  2 8 9 11 14 16 17 18 24 25 30 31 32 33 35 37 38 40 44 45 46 47 48 50
148  1 2 6 8 11 12 14 15 17 20 22 23 24 25 30 31 33 34 40 41 42 44 48 49
149  0 2 4 6 9 11 12 13 16 17 23 24 26 33 37 40 41 44 45 49 50
150  0 4 6 10 11 12 14 15 16 17 18 21 22 23 27 28 31 32 34 36 41 43 45 49
151  0 1 2 3 4 6 7 12 13 14 16 17 18 19 22 23 25 26 27 31 34 35 37 40 41 45 47 49
152  0 7 10 11 12 13 14 15 16 21 24 25 26 27 28 31 34 37 40 41 45 47
153  0 2 5 6 9 11 12 13 17 18 19 20 21 22 23 24 25 30 31 32 34 35 40 42 44 48 49
154  0 6 8 11 12 14 15 16 18 21 24 27 30 34 35 37 40 42 44 45 47
155  0 3 4 6 7 8 12 13 14 16 18 23 24 25 29 31 32 33 34 40 44 48
156  2 4 7 8 10 12 13 14 16 17 18 23 24 25 31 32 33 34 37 40 42 43 44 45 47 49
157  0 2 4 6 7 8 9 10 11 12 16 18 19 20 21 23 25 26 28 29 30 31 33 34 35 38 41 44 45 48 49 50
158  0 2 3 4 9 11 12 13 15 18 21 23 25 29 30 31 33 34 37 40 41 43 48 49
159  0 1 4 8 10 11 12 21 24 25 26 30 31 33 34 47
160  6 8 10 11 12 14 15 17 22 23 25 30 31 33 34 35 39 40 41 42 44
161  1 4 6 7 8 11 12 13 14 15 18 21 24 25 26 27 32 33 35 37 38 39 47 48 50
162  0 2 3 7 9 10 12 15 16 17 18 19 24 25 27 28 29 30 31 32 33 34 35 37 41 42 45 46
163  0 2 4 8 11 12 13 14 15 16 17 18 23 24 25 26 27 31 32 34 39 41 45 47
164  0 4 5 6 9 15 16 17 23 28 32 33 34 38 40 41 42 45 47 49 50
165  2 7 8 9 11 13 14 16 21 22 23 24 27 30 32 33 34 35 37 42 44 46 48 49
166  1 7 11 12 17 21 22 23 25 26 30 31 34 35 39 40 44 45 48
167  0 2 6 7 8 10 15 16 17 20 23 25 30 33 35 37 41 44 46
168  1 4 6 7 9 10 11 12 15 17 18 21 23 25 30 33 37 44 45 49
169  4 7 10 12 13 15 19 22 26 29 31 33 34 44
170  1 2 3 7 8 9 11 12 17 21 23 25 28 31 33 34 36 37 38 40 41 43 44 47 48
171  0 2 5 7 10 11 16 18 26 29 30 31 34 37 44 45 48 49
172  0 1 4 6 11 12 13 14 17 21 26 30 31 33 34 36 39 40 42 44 45 47 49
173  2 7 8 10 11 12 16 18 20 21 22 24 25 32 34 40 44 49
174  2 4 10 11 12 13 14 15 17 20 22 25 31 33 34 37 40 44 48
175  2 6 7 8 10 11 12 16 17 18 19 20 21 22 25 28 30 31 32 34 37 47 49 50
176  0 7 8 17 20 21 22 25 30 35 37 47 48
177  2 4 7 8 10 11 12 14 17 18 23 24 25 26 28 29 31 33 34 35 39 40 41 42 43 45 48 49 50
178  4 5 7 8 10 12 15 20 23 24 25 29 31 32 33 34 37 44 45 49 50
179  2 7 8 9 11 12 13 14 15 17 18 20 21 23 24 25 29 35 40 45 49
180  2 4 6 8 11 12 13 14 15 19 21 22 23 25 31 33 44 45 49 50
181  2 3 6 8 10 11 14 17 18 21 24 25 26 27 29 30 32 33 35 37 38 40 44 45 46 48
182  1 2 8 9 10 11 12 13 14 22 24 28 31 33 41 45 47 49
183  1 3 4 7 9 11 14 15 17 18 24 25 29 30 31 32 34 37 47 48 49 50
184  2 4 6 7 18 21 24 32 33 37 40 41 42 44 49
185  0 2 5 11 12 14 16 21 22 27 29 33 34 36 37 38 40 41 42 46 47 49 50
186  0 2 6 10 11 12 14 15 20 24 31 32 33 34 41 44 46 47 48 49
187  1 2 8 10 11 16 18 20 23 25 28 29 32 33 35 40 44 45 46 48 49
188  0 7 8 11 12 15 16 17 18 21 23 24 25 27 30 31 33 36 39 42 43 45 47 49
189  0 4 6 7 9 10 11 14 15 16 17 21 23 26 27 29 31 33 34 35 47 49
190  0 2 4 5 7 10 15 16 17 18 19 20 21 22 23 24 25 26 30 31 33 37 38 39 40 42 44 48
191  0 1 4 5 7 8 9 11 12 13 14 15 17 19 23 24 26 28 31 32 33 34 35 36 38 39 41 44 49
192  2 8 12 13 14 15 18 22 23 24 30 31 33 36 37 38 40 41 46 48 49
193  2 7 11 13 18 25 29 30 31 32 33 35 39 43 45 46 48
194  0 2 3 11 12 14 15 17 21 24 25 27 29 30 31 33 34 37 41 44 47 48 49
195  4 5 6 7 8 11 12 23 25 31 32 33 37 39 43 45 49
196  2 5 7 8 9 12 14 16 17 18 20 21 22 25 26 31 33 37 39 41 42 44 47 49
197  0 2 4 7 8 10 11 12 14 15 16 18 20 21 23 24 25 29 30 31 33 34 37 38 44 45
198  0 2 5 6 8 9 11 12 14 15 18 20 25 29 30 31 33 34 40 41 43 45 46 48 50
199  0 7 10 11 12 16 17 18 19 21 22 25 31 33 34 38 42 44 45 47
200  0 5 6 7 10 15 17 23 25 30 31 33 34 37 38 39 40 41 42 45 46 47 48
201  0 2 3 4 6 7 9 11 14 16 17 18 22 23 24 25 26 29 30 31 32 33 34 39 43 44
202  2 7 8 12 14 18 20 23 24 25 27 29 33 34 40 41 43 44 45 46 47 49
203  0 1 3 4 5 7 8 9 10 11 12 13 14 15 16 21 24 25 29 31 32 34 37 41 45 46 48 49 50
204  0 2 10 11 12 18 20 22 26 31 32 33 34 37 39 42 43 44 45 48 49
205  2 8 10 11 12 14 16 18 21 23 25 28 30 31 32 33 34 35 40 41 44 49 50
206  0 1 2 4 6 7 8 10 11 12 14 15 17 18 21 24 25 29 31 33 34 36 38 40 41 44 45 47 48
207  1 3 4 10 11 13 15 16 17 18 20 22 25 31 33 34 39 42 45 47 48
208  0 2 8 10 11 12 13 15 16 17 21 22 32 33 34 35 37 38 39 41 44 46 48 49 50
209  0 2 4 5 6 11 12 14 16 17 18 19 21 22 24 25 30 31 33 34 37 38 39 49
210  2 3 4 6 8 10 12 18 19 22 31 34 37 45 46 49
211  2 4 11 12 15 16 18 19 25 31 33 40 44
212  4 6 10 11 12 13 14 16 17 21 24 25 27 28 29 30 31 32 33 34 37 38 39 41 43 44 47 48 49 50
213  1 6 10 11 15 16 17 19 21 23 25 31 32 33 34 37 41 44 47 48
214  1 2 5 6 7 8 9 10 12 15 22 23 25 28 30 31 33 34 35 36 37 40 43 45 46 47 49
215  2 3 8 10 11 12 13 14 22 25 30 31 32 34 35 36 37 40 41 45 46 48 50
216  0 4 6 7 8 9 11 12 14 16 17 18 19 22 29 31 33 34 38 39 40 44 45 47 48 49 50
217  1 2 5 12 14 15 16 17 18 22 25 28 29 30 31 32 33 34 36 37 40 41 44 47 48 49
218  0 4 5 6 11 12 16 17 19 22 25 26 27 28 30 31 32 33 34 35 37 38 40 41 46 47 49
219  0 1 4 7 10 11 12 14 15 16 23 24 25 28 29 30 31 32 33 34 35 40 41 43 45 47 49
220  2 3 4 6 7 10 11 12 14 16 18 19 22 23 25 31 32 33 34 35 42 43 47 49
221  4 7 10 11 12 15 24 25 35 38 40 41 45 47
222  0 2 4 6 7 8 10 11 12 13 14 15 17 18 24 25 27 31 33 36 37 40 44 49
223  0 1 8 11 14 16 17 18 20 23 24 31 32 33 34 37 40 41 46 48
224  0 1 9 10 11 13 14 15 16 17 18 19 22 23 25 29 31 33 34 37 39 41 44 45 48 49
225  0 1 4 6 7 8 10 11 12 14 15 17 20 21 22 23 25 30 31 33 34 37 41 43 45 47 49
226  0 2 5 10 11 15 17 18 20 21 30 31 33 34 36 37 38 39 40 44 46 49
227  4 8 10 11 15 16 18 19 20 21 22 24 25 27 32 34 37 40 44 47 49 50
228  2 4 5 10 13 16 18 22 23 24 25 27 30 31 33 35 45 48 49
229  0 3 4 5 7 10 12 16 21 23 29 30 33 34 42
230  1 2 5 7 8 11 12 15 19 21 22 23 25 26 29 30 31 33 34 36 39 41 42 44 45 48 49
231  4 5 7 8 9 10 11 12 18 22 23 24 25 26 30 31 32 33 34 36 38 42 45 49 50
232  2 7 10 11 12 16 18 20 21 22 23 24 25 26 27 30 31 32 33 34 36 37 40 45 48 49
233  0 2 5 10 11 12 14 16 17 20 21 22 23 26 28 29 31 32 33 34 41 42 43 44 49 50
234  4 7 11 12 16 19 22 23 24 25 27 31 32 34 37 39 40 47 49 50
235  0 1 2 6 10 11 14 15 16 21 24 25 30 31 32 34 37 39 44 45 46 48 49
236  2 6 10 12 13 17 23 24 25 29 30 31 36 37 39 40 41 42 43 44 45 46 48 49
237  2 5 7 10 11 12 17 19 22 30 31 33 34 37 45 46 47
238  0 2 4 8 10 11 12 13 17 18 21 24 26 30 31 33 34 35 37 40 44 45 47 49
239  0 2 4 7 8 10 12 14 15 16 20 21 24 25 26 30 31 34 37 40 43 44 47 48 49
240  3 4 6 8 11 12 16 17 19 21 22 26 28 30 31 34 36 41 42 45 47 48 49
241  0 2 6 11 13 14 16 17 18 20 22 24 25 28 30 31 32 33 34 36 39 40 41 47 48 50
242  0 2 4 7 8 10 11 12 14 17 18 21 26 30 32 34 35 38 41 44 48 49 50
243  1 4 6 8 10 12 14 18 20 23 30 31 33 35 40 41 42 45 48 49
244  1 4 6 8 9 10 11 12 18 23 25 30 31 32 33 34 38 39 40 42 44 47 48 50
245  2 7 11 12 13 14 16 17 18 20 23 25 28 31 33 34 41 50
246  0 1 2 6 7 9 12 14 16 21 22 27 31 33 34 40 41 44 45 48
247  0 1 2 3 6 8 11 14 15 21 22 24 25 30 31 32 33 34 35 37 42 45 47
248  0 2 7 8 9 10 11 12 13 15 17 21 23 25 27 30 31 32 33 34 37 39 41 43 44 45 46 47 50
249  2 4 6 8 10 12 15 17 18 20 21 24 25 31 32 33 34 37 39 42 44 47 49
250  2 7 10 11 12 16 19 22 24 26 31 33 34 38 40 47
251  2 3 4 8 10 11 12 14 16 20 23 24 26 28 30 32 33 34 36 37 41 42 47
252  0 1 2 4 5 7 12 14 15 22 23 25 26 31 34 37 42 44 45
253  0 1 2 4 5 6 10 12 13 14 16 17 18 19 21 22 23 28 29 30 33 36 40 43 44 45 47
254  1 2 6 7 10 11 12 14 16 22 23 24 25 31 32 35 40 41 43 48 49
255  1 2 6 7 11 12 14 15 17 18 20 23 24 25 26 27 32 33 34 37 38 41 45 46 47 50
256  4 7 10 11 12 15 16 18 23 24 25 31 33 34 36 37 40 43 45 47 48
257  1 2 3 4 5 6 7 9 10 12 13 14 15 16 18 22 24 25 29 30 31 32 33 34 40 41 42 43 44 45 47
258  1 7 10 11 12 14 17 21 22 23 24 27 28 29 30 31 33 34 37 38 40 44 47 49
259  0 2 5 7 10 13 14 16 17 18 22 37 39 42 47 48 49
260  2 4 9 10 11 12 15 16 18 21 22 23 28 31 34 38 40 41 44 45 46 47 48
261  1 3 4 5 7 10 12 14 15 16 20 22 29 30 31 32 33 34 37 40 44 47 48
262  5 7 10 11 12 15 16 20 22 28 30 33 34 37 38 39 41 44 45 46 47 48 49
263  0 6 7 8 12 14 16 18 21 22 23 33 34 41 44 46 48 49
264  0 1 3 6 7 11 20 22 24 25 30 31 32 33 35 38 39 42 45 49 50
265  2 5 6 7 10 11 17 18 19 20 23 25 28 31 33 34 36 40 45 48 49 50
266  0 11 12 15 17 18 24 25 27 30 33 37 40 46 47
267  2 4 8 9 10 11 12 13 16 17 18 23 25 26 30 31 32 33 34 36 39 40 41 44 46
268  0 2 3 5 6 8 10 11 13 16 17 18 21 23 24 28 29 31 32 33 34 35 36 39 40 44 50
269  0 3 4 6 7 10 12 16 25 27 28 29 31 32 33 34 37 41 43 46 47 48 49
270  0 2 5 6 9 10 11 12 14 15 16 20 24 25 26 29 31 33 34 36 39 40 41 45 47 48
271  1 2 4 6 7 11 12 16 18 20 21 22 23 24 25 30 31 32 33 42 43 44 45 47 48 49
272  3 4 6 10 11 12 14 17 18 21 22 29 30 31 32 33 36 37 48 49
273  2 6 8 10 11 12 15 18 20 21 23 25 26 27 30 31 33 34 36 40 41 42 44 45 47 49
274  0 4 6 8 11 14 16 24 25 26 27 29 31 32 34 41 43 44 47 49
275  6 10 11 14 17 24 25 30 31 32 33 34 37 38 40 44 47 48
276  0 8 10 12 14 15 17 19 25 26 28 29 30 31 33 37 38 41 45 47 49
277  0 3 6 7 8 11 13 14 15 16 17 21 28 30 31 32 33 34 37 41 43 44 45 46 48
278  0 2 3 4 7 8 11 12 16 18 20 22 23 25 27 30 31 33 34 36 40 41 42 46 47 48
279  0 1 3 4 6 7 10 12 14 23 24 25 26 29 30 31 32 33 34 36 38 39 40 41 42
280  2 4 7 8 11 12 14 16 17 19 25 26 30 31 32 33 44 47 48 49
281  0 1 6 7 8 9 12 14 17 20 21 22 23 24 25 27 31 33 34 41 44 47 48 49
282  0 2 4 5 6 7 8 10 12 16 17 18 23 24 25 27 28 30 34 37 38 40 42 47 49
283  0 2 3 4 6 8 14 16 19 21 22 23 25 26 33 34 37 40 41 47 49
284  2 6 10 12 14 15 22 23 25 27 29 31 32 34 35 36 37 40 44 47 48 49 50
285  0 4 5 6 7 8 11 12 16 17 18 22 24 25 31 32 33 34 37 39 44 45 47
286  7 10 11 14 15 16 17 22 25 27 29 30 31 32 34 35 37 38 44 45 48 49 50
287  2 4 7 10 11 12 14 15 18 20 21 25 31 32 33 34 37 39 40 41 44 45
288  2 6 10 12 15 17 21 22 25 26 31 33 34 41 46 49 50
289  1 4 6 7 8 11 12 14 15 16 17 18 20 22 25 27 32 33 34 38 39 40 41 43 45 47 48 49
290  1 2 9 10 11 12 15 16 17 24 25 26 29 31 33 34 36 40 41 43 50
291  0 2 6 7 12 13 16 17 21 23 25 26 28 29 31 32 33 34 37 38 39 40 45 47 49
292  0 2 3 4 6 8 9 10 11 12 17 21 22 23 24 25 31 33 34 36 44 47 48 49
293  1 6 7 10 11 12 14 15 18 19 20 21 24 30 31 32 37 38 39 40 41 42 44 45 47 48 49
294  1 4 6 7 8 11 12 13 14 15 16 17 18 20 21 22 23 24 25 26 28 31 32 33 34 36 37 41 47 49
295  0 1 4 6 7 8 10 11 12 13 15 18 19 21 23 25 27 30 31 32 33 34 37 44 45 48 49
296  1 3 4 5 6 7 10 11 12 13 15 17 18 19 20 21 23 24 30 31 34 35 37 38 39 40 41 42 45 48 49
297  0 5 6 10 12 15 16 18 21 27 30 31 32 33 34 39 40 43 47 48
298  4 7 11 14 15 16 21 22 25 30 31 32 33 37 40 41 42 44 45
299  0 4 5 8 9 11 13 18 20 23 25 31 33 34 37 40 45 46 49 50
300  0 2 6 7 8 10 11 15 16 19 20 21 24 25 30 31 33 34 36 37 43 44 45 47 48 50
301  1 2 5 6 8 11 12 14 15 18 19 24 27 30 31 33 35 37 41 42 47 49
302  0 8 10 11 12 13 16 22 24 26 30 31 33 34 37 40 42 43 44 47 48
303  6 7 8 10 11 12 15 16 17 19 22 25 27 28 31 34 39 40 41 44 48
304  0 1 2 4 5 13 15 18 21 23 24 28 31 33 34 39 40 50
305  0 4 5 7 8 10 17 18 22 23 24 25 30 34 36 41 42 43 44 45 46 49 50
306  2 3 6 10 11 12 16 18 19 23 24 25 27 30 31 32 33 34 37 38 39 40 41 48
307  0 5 6 10 12 13 15 19 21 23 25 26 27 30 32 33 34 36 38 43 47 48 50
308  0 1 2 4 5 6 8 9 11 12 15 17 18 19 21 23 25 29 30 31 32 33 34 37 50
309  0 1 4 10 11 12 16 22 23 24 26 30 33 34 37 38 40 43 45 49 50
310  3 4 6 7 8 10 11 14 15 18 19 23 24 31 33 40 41 42 48
311  0 1 5 6 7 10 11 12 13 14 15 16 17 22 23 32 33 34 39 41 47 48
312  0 1 5 7 8 10 13 14 16 21 22 24 25 31 32 33 34 38 40 41 42 44 45 47 48 49 50
313  0 2 5 7 8 10 14 15 17 18 20 23 24 25 27 30 31 33 34 40 43 44 45
314  1 7 10 12 14 21 22 24 25 26 27 30 31 32 33 34 41 48
315  0 3 5 6 7 10 11 12 13 23 24 25 26 31 32 33 34 40 45 46 47
316  0 3 4 5 8 12 14 15 17 23 24 25 27 30 31 34 35 37 38 41 44 46 47 50
317  0 2 4 6 7 8 10 11 12 14 15 16 17 18 23 24 26 29 30 31 34 36 40 41 46 47 49
318  0 1 8 10 11 12 14 15 16 17 18 21 23 24 25 26 27 33 36 37 40 41 43 44 45 46 48
319  2 5 10 11 15 16 18 19 25 27 30 33 34 37 39 40 41 44 45 48 49
320  0 4 12 15 16 18 21 24 25 26 31 32 33 37 39 42 43 50
321  2 3 4 5 6 7 11 12 13 14 16 18 21 22 25 26 27 30 32 33 34 47 48
322  0 4 7 8 10 12 14 15 16 21 22 24 25 27 28 30 31 32 34 35 37 40 44 45 48 49
323  3 4 5 6 7 10 11 12 13 17 18 19 21 25 27 28 30 31 33 35 36 38 40 41 42 44 45 46 47 48
324  2 3 4 8 9 10 11 12 15 25 27 29 30 31 34 36 37 41 42 43 44 46 49
325  0 7 8 12 15 18 19 20 21 23 25 27 30 31 34 40 43 44
326  0 4 6 8 11 12 17 18 25 28 31 33 34 37 40 41 44 46 48
327  2 3 4 7 8 9 11 12 15 16 17 18 22 23 25 26 32 33 34 36 37 39 41 48 49
328  0 12 14 15 16 18 22 24 25 33 34 45 48
329  0 2 3 6 8 10 11 12 18 20 22 24 25 28 30 31 32 33 34 38 43 44 47 50
330  0 1 4 6 11 13 16 17 18 19 24 25 27 31 32 35 37 38 41 47 48 49
331  1 9 10 11 12 14 15 16 17 21 23 25 27 28 29 30 31 33 37 38 39 40 50
332  0 4 5 6 7 10 11 12 15 16 18 25 30 31 32 33 35 37 41 42 44 45 48 50
333  2 11 12 14 15 17 18 22 24 25 26 27 29 30 33 34 36 37 39 40 41 42 43 44 45 46 48
334  4 6 7 8 9 10 11 18 21 23 24 25 30 33 34 37 41 43 44 45 46 49
335  0 2 6 7 8 12 13 14 15 16 17 18 20 22 23 24 25 31 32 33 34 36 41 43 44 45
336  1 2 3 4 6 7 8 9 11 12 13 14 15 18 19 20 21 23 25 29 30 31 32 33 34 36 37 39 40 41 42 44 45 49
337  3 4 6 8 9 10 11 12 14 19 20 24 25 26 29 30 31 36 37 40 44 45 46 48
338  1 2 3 11 12 13 14 15 16 17 18 21 25 33 34 41 48
339  0 8 10 12 14 15 16 18 19 22 24 25 33 34 36 37 41 42 43 44 45
340  4 7 11 12 15 17 21 23 25 30 31 32 34 40 41 44 45 47 50
341  4 10 12 14 15 16 18 22 23 24 25 28 31 33 34 36 37 40 44 45 50
342  0 4 6 8 10 13 14 16 17 18 19 21 22 24 28 30 31 32 33 34 36 37 38 40 41 43 44 45 48
343  0 1 7 8 11 12 13 15 16 17 18 22 25 29 32 33 40 43 45 48 50
344  2 3 4 10 11 12 13 14 15 16 17 20 21 23 25 29 31 33 34 37 40 41 42 44 46 48
345  0 1 3 4 5 7 9 10 11 12 14 16 17 18 22 23 25 26 30 31 32 33 34 37 38 41 42 45 47 48 49
346  1 5 6 11 12 16 21 22 29 30 31 32 33 34 37 40 41 48 49 50
347  1 3 4 5 6 7 8 9 10 11 12 13 14 17 20 22 24 25 34 36 37 38 40 41 42 44
348  0 2 4 5 7 8 9 10 11 12 14 16 18 20 21 23 24 25 29 30 31 33 34 35 36 37 39 43 44 45 47 48 49 50
349  0 2 4 6 7 8 10 12 14 17 18 22 24 26 29 31 32 34 35 36 40 41 44 45 47 49
350  0 2 3 6 7 11 14 16 18 21 24 25 28 31 33 34 36 44 45 47 48 49
351  0 3 5 6 11 12 13 15 18 19 24 30 31 32 33 38 39 43 44 45 50
352  2 3 4 6 7 9 11 12 15 17 18 20 21 23 25 26 27 30 32 33 34 37 41 45 46 47 49
353  2 4 6 7 8 11 12 14 16 17 22 24 27 28 31 33 40 41 44 45
354  2 3 8 10 11 12 15 16 17 18 20 21 23 32 37 40 41 44 47 49
355  0 3 4 6 10 11 12 14 15 18 19 21 22 24 25 29 30 32 33 34 36 37 38 41 44 48 50
356  1 2 3 5 8 11 15 16 18 20 21 24 27 28 29 30 31 32 33 34 40 41 44 45 46 49
357  2 4 11 12 14 15 17 20 22 23 24 25 30 31 33 36 37 38 42 47 48 49
358  3 4 8 10 11 12 15 16 22 24 25 30 31 33 34 36 38 41 42 43 44 47 48 49
359  0 1 2 3 10 12 15 16 17 18 20 21 22 23 24 25 28 29 31 32 33 34 37 40 41 43 48 49
360  0 2 4 5 6 11 12 16 21 25 30 31 33 35 38 39 40 44 45 47 48 49
361  1 2 7 9 12 13 16 18 21 23 24 27 28 31 32 33 37 40 41 42 49
362  0 2 5 6 10 11 12 15 17 18 23 25 26 27 35 36 39 41 45 47 48
363  0 2 3 4 7 10 11 12 14 15 16 22 30 31 32 33 34 36 37 38 39 43 47 49 50
364  0 2 10 11 14 15 16 18 20 24 25 26 31 32 34 46 47 50
365  0 2 5 6 7 9 10 11 12 14 17 18 20 21 23 25 27 28 30 32 33 41 46 48 49
366  0 1 2 4 5 6 10 11 12 14 15 21 24 29 30 31 32 33 36 39 40 45 46 49
367  0 2 4 6 10 11 13 15 17 18 21 22 23 24 25 28 29 31 34 40 43 48 49 50
368  0 4 5 7 8 11 12 15 19 21 23 26 28 31 34 38 40 41 42 44 45 46 47 48 49
369  3 4 5 8 10 11 13 14 18 21 22 23 25 30 31 32 34 36 40 44 47 49 50
370  2 4 6 7 12 13 14 16 17 19 22 25 29 30 33 34 35 48 50
371  3 4 5 6 9 10 11 12 15 16 17 18 21 22 23 25 27 31 33 34 35 37 38 40 44 45 46 48 49
372  1 2 6 7 10 12 14 17 21 22 23 25 28 29 30 31 32 33 34 36 41 43 49
373  0 4 6 8 11 12 17 19 22 25 27 30 31 33 34 36 40 43 44 45
374  3 10 12 13 17 18 19 20 21 22 23 25 26 29 31 32 33 34 38 44 45 47 48
375  3 6 7 8 11 14 16 17 18 20 23 25 28 31 33 34 35 36 41 45 47 50
376  0 2 4 6 7 8 10 11 14 16 17 18 19 20 22 23 25 27 30 32 33 34 37 44 45 46 48
377  4 8 10 11 12 15 17 21 22 23 24 25 28 30 31 32 33 34 35 38 39 40 43 44 46 47 48
378  0 7 11 12 13 14 22 24 25 27 29 30 31 32 33 34 36 37 38 41 47 49 50
379  0 2 4 8 9 10 11 12 13 14 18 21 24 25 30 31 33 34 35 36 37 40 42 44 47 48 49
380  0 1 2 3 4 5 6 8 12 14 15 17 19 21 25 26 29 30 31 32 33 34 35 40 41 42 48
381  2 5 8 12 14 15 16 17 21 25 28 30 31 32 33 34 39 41 43 44 45 49
382  0 3 4 5 6 10 11 12 14 15 16 17 21 22 24 25 33 34 37 40 41 45 49 50
383  0 2 3 4 6 7 8 9 10 14 16 17 23 24 25 29 30 31 32 33 34 35 42 47
384  0 2 4 7 8 10 11 12 14 15 16 27 30 31 32 33 34 37 41 44 45 47 48 49 50
385  0 2 4 11 14 15 17 21 22 23 25 29 31 33 34 37 39 41 42 43 44
386  1 3 4 5 8 11 14 15 18 20 21 22 23 24 25 32 34 35 36 44 46
387  0 1 2 3 6 7 9 11 12 15 17 19 21 24 30 33 34 35 39 45 47 49
388  0 2 4 7 9 10 11 12 17 18 19 20 23 24 29 30 32 34 35 36 37 46
389  1 2 4 6 7 9 10 11 12 14 16 23 24 27 28 32 34 37 38 39 40 41 45 46 48 49
390  0 2 4 6 8 10 11 12 15 16 18 19 20 21 28 31 32 33 36 40 44 47 48
391  0 2 7 8 9 10 11 12 14 17 19 20 21 23 25 30 31 32 33 34 35 37 41
392  2 3 4 10 11 12 17 18 19 21 22 23 24 25 26 28 31 32 33 34 35 38 46 47
393  3 5 7 11 12 14 15 16 17 19 21 22 23 25 26 30 31 32 34 37 40 41 44 47
394  0 2 4 6 7 9 11 12 14 17 23 24 27 30 31 32 33 34 36 37 41 42 45 48
395  5 8 10 11 12 13 14 16 17 18 22 23 24 25 31 34 37 39 40 45 46 48
396  3 4 6 7 9 11 15 16 21 26 29 31 32 33 34 40 41 42 45 46 48 49
397  0 2 5 6 8 12 15 17 18 24 25 31 33 34 36 37 40 42 47 48 49
398  0 4 7 10 11 12 13 15 16 19 23 25 26 39 40 41
399  0 1 3 7 10 12 16 17 18 20 23 30 31 32 35 37 40 41 47 48 49
400  0 2 3 4 6 8 10 11 12 16 17 21 22 23 25 26 28 30 33 34 35 37 40 41 42 45 48 49
401  4 6 8 10 11 14 16 17 18 19 23 24 25 31 32 33 34 35 36 37 44 47 49 50
402  1 4 6 7 10 11 12 15 20 21 22 23 26 27 29 30 31 32 34 38 39 40 41 43 48 49 50
403  6 11 12 15 16 17 19 20 23 24 25 27 28 31 36 39 41 43 47 48 49 50
404  0 5 6 8 9 10 11 12 14 17 20 22 24 25 26 28 30 31 32 33 35 40 41 45 47 49
405  4 6 10 12 13 14 17 18 19 20 22 23 25 28 29 30 32 33 34 36 38 40 42 47 49
406  2 4 6 8 9 11 14 15 16 19 21 22 25 26 28 30 31 32 33 34 36 37 38 44 45 46 48 49
407  1 4 6 7 11 14 16 17 18 19 20 21 22 23 24 25 29 32 33 34 35 36 37 39 40 41 44 47 48 49
408  2 3 4 5 6 11 12 14 16 17 18 20 21 22 25 27 28 30 35 37 40 44 46 48 49
409  0 2 4 11 12 13 15 18 19 22 27 28 31 33 34 36 38 40 41 43 47 49
410  1 4 6 8 10 11 12 14 15 16 17 18 20 21 22 25 33 34 37 38 41 42 43 45 47
411  2 5 9 10 12 15 17 18 19 21 25 30 41 44 45
412  0 2 3 4 6 10 12 16 17 18 20 22 23 25 26 30 31 32 33 34 36 37 40 41 44 47 48 49
413  0 1 4 5 6 7 8 11 12 15 21 22 24 25 32 33 35 40 44 45
414  0 6 11 14 15 19 21 22 23 25 31 33 34 35 38 40 43 47 49
415  1 6 7 8 12 16 20 21 23 24 25 27 28 30 31 32 33 34 37 38 39 40 41 45 46 47 48
416  0 4 6 12 21 23 24 27 28 30 31 32 33 39 40 42 47
417  0 2 3 6 8 17 19 24 25 27 28 32 33 34 43 44 47 49
418  3 11 12 15 19 22 25 30 31 32 33 35 40 42 44 47 49
419  2 7 8 10 15 18 19 21 23 25 26 27 30 33 34 35 37 38 40 44 45 49
420  2 6 12 14 15 16 17 18 22 25 28 30 31 33 34 37 40 42 44 47
421  2 6 9 10 19 22 23 24 25 26 31 33 34 41 43 44 45 47 48
422  2 6 7 10 11 12 17 25 27 29 31 32 33 34 37 41 44 48 49
423  0 2 4 9 11 12 13 14 16 17 18 24 25 28 29 32 33 34 38 40 45 47 48 49 50
424  0 1 2 5 6 7 8 11 12 13 14 22 23 24 25 31 32 33 34 37 38 39 40 41 47 49
425  1 3 5 8 9 10 11 12 14 16 21 24 26 31 33 34 35 39 43 44 45 47 49
426  5 7 8 10 11 12 14 15 19 22 29 31 33 35 37 39 41 44 47 49
427  4 6 10 11 12 15 17 18 21 24 25 30 31 33 34 35 37 39 40 41 42 47
428  0 2 4 5 6 7 11 13 14 15 21 22 23 24 25 30 33 35 36 40 50
429  0 4 6 8 9 12 16 17 18 20 21 23 28 31 34 41 42 44 47 50
430  0 2 4 6 7 8 11 12 17 20 23 25 27 29 33 37 40 43 46 48 49 50
431  2 4 5 8 11 13 14 15 16 23 24 25 27 31 33 36 40 41 45 48 49
432  2 4 5 9 11 12 17 20 21 25 26 27 30 33 34 35 37 40 41 42 44 45 49 50
433  0 4 6 10 11 12 18 19 25 31 33 34 36 41 42 49
434  0 2 4 10 11 12 15 16 20 21 23 24 29 30 31 33 34 38 42 44 45
435  1 5 9 11 13 16 21 23 25 27 29 31 33 34 37 38 39 44 45 47 48 50
436  0 6 7 8 10 11 14 17 18 20 21 22 25 30 31 33 34 37 38 40 43 46 47 48 49
437  0 1 8 18 19 20 24 25 27 30 31 32 36 38 40 41 44 45 48 49
438  0 4 6 7 10 11 13 14 15 16 18 22 23 28 30 31 35 41
439  2 4 5 8 10 11 12 15 16 18 23 25 27 30 31 34 35 40 41 42 45 48
440  0 3 4 10 11 12 13 14 15 17 18 19 21 25 33 34 38 40 44 47 49
441  0 1 3 4 8 10 12 13 14 17 22 23 24 25 27 28 30 31 32 33 34 39 42 43 45
442  0 2 4 6 8 11 12 13 14 15 17 18 22 24 25 27 28 29 30 31 33 34 37 40 41 44 45 47 49
443  1 3 8 11 12 14 17 18 24 25 30 33 34 37 40 42 44 45
444  0 3 4 7 10 12 14 15 17 19 21 22 24 25 26 31 32 34 36 37 47 48 49
445  6 10 13 15 16 17 18 21 22 23 24 26 27 31 33 34 40 44 45 47 48
446  0 4 6 7 8 10 11 12 15 16 17 18 19 21 22 24 29 31 32 33 38 39 41 48 50
447  1 3 4 7 8 10 11 14 15 17 21 25 28 32 33 34 35 37 41 47 49
448  0 4 5 6 10 11 12 13 14 16 20 21 22 23 25 26 27 30 31 32 33 34 36 37 38 42 44 47 49
449  2 4 7 10 11 15 16 17 19 20 21 22 24 25 26 29 31 33 34 37 40 42 45 46 48 49
450  2 8 10 11 12 13 15 16 18 25 29 30 31 35 36 37 39 43 44 45 50
451  2 3 4 6 10 11 12 19 21 22 23 24 25 31 34 35 36 37 39 41 42 44 48 49 50
452  2 7 8 11 12 14 16 17 18 22 25 28 30 31 32 33 37 38 40 41 45 47 48 49 50
453  0 4 6 8 10 11 12 16 17 18 20 22 25 30 32 34 36 38 39 40 41 45 47 48 49
454  0 2 4 6 8 9 10 12 15 16 17 21 22 23 24 25 30 31 32 33 38 41 44
455  0 6 8 10 12 13 14 16 18 22 23 25 28 30 31 34 40 43 47 49
456  2 5 6 7 10 11 12 14 15 20 21 24 25 28 30 33 37 40 42 46 47 48
457  3 4 5 7 8 10 11 12 13 14 17 20 22 25 33 34 37 40 41 45 48 49
458  1 2 3 4 5 7 8 10 11 12 16 17 18 24 25 31 33 37 41 43 44 46 47 48 49
459  0 1 4 6 7 12 13 15 17 18 20 22 25 28 30 31 32 33 34 40 43 44 45 47
460  0 1 4 5 7 8 14 15 16 17 18 20 25 31 32 33 36 37 40 42 45 46 47 50
461  4 6 11 12 13 15 18 22 25 31 32 33 34 36 37 43 44 48
462  0 2 3 5 6 8 11 12 13 14 16 17 18 22 23 26 27 28 29 30 31 33 34 37 38 41 43 44 46 47 48 49 50
463  0 2 6 15 23 25 26 29 30 31 33 34 36 47 48 49
464  4 7 10 11 12 13 18 21 22 24 25 26 31 32 33 37 40 44 47 48
465  0 2 6 10 11 14 16 18 19 22 23 24 25 27 28 30 31 32 33 34 35 40 41 45 46 47 48 49
466  0 2 4 11 12 14 16 21 22 25 26 31 32 33 34 38 39 40 41 45 47
467  0 2 5 6 8 14 16 18 21 22 23 24 25 31 32 33 35 37 39 40 41 43 45 46 47 50
468  2 4 6 9 10 11 12 13 17 18 20 23 24 25 26 27 29 31 32 33 34 38 40 41 43 44 49 50
469  4 6 7 8 11 12 13 14 18 20 22 23 31 32 34 44 45 46 47 48
470  0 2 9 10 11 12 13 15 17 18 21 22 25 26 28 29 31 34 36 37 38 40 44 47 48 49
471  0 2 6 7 11 12 14 16 18 21 23 24 25 27 29 30 31 33 34 37 38 39 40 43 48 49
472  0 2 3 7 9 10 11 12 17 18 23 25 29 32 33 34 37 43 47 48 49 50
473  1 2 4 9 12 14 19 21 22 25 29 30 31 33 34 37 40 43 46 48
474  2 3 6 7 8 10 11 12 14 15 16 18 22 25 29 32 33 36 38 40 41 45 46 49 50
475  1 3 4 6 7 8 11 14 15 16 17 20 21 25 26 28 32 39 40 41 44 45 49
476  1 2 6 7 9 11 12 14 16 19 21 23 29 30 34 36 40 42 48 50
477  2 5 6 8 9 10 11 12 13 15 18 20 21 22 23 25 27 28 30 31 33 34 37 40 41 44
478  2 8 10 11 14 21 25 30 33 34 37 38 39 40 41 46 47
479  0 1 2 3 4 6 10 11 12 14 16 18 19 21 22 23 25 28 29 30 31 32 33 34 35 36 37 40 45 47 48
480  1 2 6 11 13 14 16 17 23 26 31 34 38 40 41 43 44 45 47 48 49 50
481  3 5 6 7 8 9 10 11 13 15 16 20 22 25 32 33 34 37 41 44 45 46 48 49
482  4 9 10 11 12 14 15 17 18 25 31 32 40 41 42 43 44 46
483  1 3 4 5 8 9 11 12 14 17 21 22 23 25 26 28 30 33 34 40 42
484  0 3 4 5 7 11 12 13 15 17 19 21 25 29 30 31 33 34 41
485  1 2 4 5 6 7 8 10 12 13 14 15 16 21 22 23 31 33 34 40 44 46 48 49
486  3 6 7 11 12 14 17 20 21 25 30 31 33 34 40 41 45 46 48
487  0 3 4 6 10 11 12 13 14 17 19 20 21 22 24 29 31 32 33 34 35 36 41 42 44 45 47 50
488  2 4 5 7 9 11 12 14 15 16 17 20 21 22 24 25 31 32 33 34 42 44 45 47 48 49
489  0 2 3 4 5 6 7 9 11 13 17 22 24 25 31 32 33 34 37 40 41 48
490  0 4 11 12 13 15 16 17 18 21 22 23 25 27 31 32 33 37 40 43 47 49
491  0 1 4 11 12 14 15 16 18 20 23 25 28 31 32 33 36 37 40 44 47 48
492  0 1 2 6 10 11 13 14 16 17 18 22 23 24 25 31 33 35 40 41 44 47 48 50
493  0 2 4 11 12 15 18 21 22 23 24 25 30 31 33 35 38 40 44 47 49 50
494  4 6 7 8 9 10 12 13 14 15 17 19 20 21 22 25 31 33 34 36 40 41 42 44 48 50
495  4 5 7 8 9 10 12 13 14 16 17 20 21 24 27 31 33 34 40 41 44 46 50
496  0 4 7 10 11 12 13 16 17 19 22 23 26 31 32 33 34 35 37 38 39 41 44 47 48 49 50
497  0 2 5 7 10 11 14 15 18 19 24 25 26 27 31 34 36 37 42 43 44
498  0 1 3 5 6 7 11 12 14 15 19 22 23 24 25 28 29 30 32 33 34 37 39 41 42 44 45 47 49 50
499  1 3 5 6 7 10 11 12 17 18 19 22 23 25 29 31 33 34 35 40 42 44 45 46 48
500  1 9 10 11 12 14 16 18 22 23 25 28 31 33 34 36 37 39 40 41 44 45 47
501  0 1 3 10 11 12 13 15 17 18 24 25 30 31 33 43 47 50
502  0 1 2 3 4 5 8 11 12 14 15 16 17 18 20 25 26 28 29 31 33 34 35 36 41 43 45 48
503  1 2 9 11 12 15 16 22 25 27 28 29 30 32 33 34 35 43 47
504  4 7 11 12 14 16 18 24 25 26 29 31 33 34 38 41 44 45 46 48
505  2 4 6 10 11 14 16 17 18 22 24 27 31 32 33 34 36 40 43
506  2 7 8 11 14 23 24 25 29 30 32 33 34 35 37 44 45 46 49
507  0 3 7 8 9 10 11 12 15 17 22 24 27 31 32 34 38 40 47 49
508  0 2 4 7 8 9 11 12 14 19 22 23 24 25 36 40 41 42 43 45 46 48
509  0 9 10 11 14 16 19 23 24 25 30 31 33 34 40 41 44 49
510  0 1 4 7 8 11 12 13 16 18 20 21 22 23 25 26 30 34 40 41 42 44 45 48 49
511  4 8 9 11 12 13 14 17 23 24 25 26 27 29 32 34 36 37 40 43 47 48
512  0 4 5 6 8 9 10 11 12 18 22 23 24 25 31 33 34 41 44 45 47 49
513  0 2 5 6 7 8 11 12 13 21 22 25 26 27 31 34 37 40 44 45 49 50
514  0 3 4 7 11 12 14 16 17 19 21 25 27 29 31 33 34 38 39 42 44 45 46 48 49 50
515  0 1 2 4 8 12 14 21 22 24 25 29 31 32 33 34 36 37 39 44 46 47 48
516  0 1 3 7 11 12 14 15 22 23 24 25 28 30 31 32 33 34 38 43 45 48
517  1 4 12 18 21 25 31 33 34 40 41 47 49
518  0 1 2 3 4 5 6 7 9 10 11 12 16 17 18 21 22 23 24 26 28 31 32 33 40 41 48
519  0 1 2 6 7 8 11 12 13 16 18 20 21 24 25 30 31 33 34 37 38 40 41 44 46
520  0 2 4 5 9 11 12 14 15 17 18 19 20 21 24 25 27 28 30 31 32 33 34 36 39 40 47 49
521  0 2 4 12 15 16 17 19 20 24 25 27 30 31 34 37 38 41 43 44 48
522  1 4 5 6 8 10 11 14 15 16 18 19 22 23 25 26 29 30 31 32 34 35 38 40 41 44 45 46 48
523  0 3 4 5 6 11 12 15 18 19 24 25 27 28 29 31 32 34 37 39 45 49
524  2 8 9 11 12 13 14 15 20 22 23 25 28 29 33 34 36 37 38 40 44 49
525  0 2 4 7 9 11 24 25 27 29 30 31 33 34 40 41 50
526  0 2 10 11 12 13 14 15 16 23 24 25 28 31 34 37 44 45 47 48 49
527  0 7 8 10 11 12 14 16 17 19 21 25 28 29 31 32 33 34 35 40 41 43 45 47 50
528  2 3 4 6 7 8 11 12 16 17 18 22 24 25 28 30 31 33 35 37 40 44 46 48 49
529  0 4 6 10 11 13 15 16 19 20 21 23 24 25 27 30 31 32 33 39 40 41 44 45 48 49 50
530  2 3 4 7 8 10 11 13 14 18 21 23 25 26 27 29 31 32 33 34 36 41 44 46 48 49 50
531  2 3 4 6 7 8 12 15 16 17 19 21 22 24 25 30 31 32 40 41 43 47 48
532  0 2 3 4 6 8 9 10 11 12 13 14 15 18 20 22 24 25 29 31 32 33 34 36 37 38 40 42 50
533  1 6 7 8 11 12 13 14 16 18 21 22 23 25 26 31 33 39 40 41 43 44 47 48 49
534  7 10 11 12 14 16 18 20 22 24 25 28 30 31 33 34 36 37 41 44 48
535  0 2 3 4 6 7 11 14 15 16 20 22 23 24 26 30 31 32 33 36 39 41 42 46 48
536  0 2 10 11 12 13 15 18 21 25 30 31 32 34 37 40 41 44 45 48
537  1 4 6 11 13 14 16 21 22 24 29 31 32 34 37 39 41 44 45 46 47 48
538  6 9 10 11 12 14 16 18 21 22 25 27 28 30 31 33 34 37 39 40 41 45 47 48
539  2 4 7 8 11 14 15 16 21 22 23 26 27 30 32 33 37 40 48 49
540  2 3 6 7 8 11 12 15 17 21 22 23 25 26 29 32 34 36 37 42 45 47
541  0 2 4 7 11 12 14 16 17 21 22 30 31 33 34 36 41 43 47
542  0 1 4 7 11 12 14 15 16 17 18 20 21 25 28 31 32 33 34 35 37 38 40 45 48
543  0 2 6 12 14 15 16 22 23 24 25 27 30 31 32 33 37 41 45 47 48 49
544  0 1 5 8 9 11 12 18 24 25 27 28 30 31 33 34 37 43 44 47
545  0 2 3 6 7 11 13 15 16 18 19 21 23 25 27 28 32 38 41 44 48 49 50
546  0 6 10 12 15 16 18 21 23 25 26 30 31 33 34 36 37 39 41 44 45 46 48
547  0 1 4 7 8 12 14 17 18 21 25 26 27 29 31 34 40 41 44 46 49 50
548  0 3 6 7 12 13 18 20 25 30 31 32 33 34 36 37 40 41 44 45 47
549  1 2 6 7 11 12 15 16 17 23 26 31 36 37 39 41 44 46 47 49
550  0 6 7 8 10 12 15 16 18 22 24 25 27 29 31 32 33 34 36 39 40 48
551  4 11 12 13 14 17 21 22 23 24 25 28 30 31 33 34 35 39 40 41 43 45 48 49 50
552  0 4 5 6 8 12 13 15 20 21 22 25 27 31 32 33 34 39 40 41 48 50
553  0 4 11 12 14 15 20 29 31 33 34 40 41 42 47 48 49
554  2 4 5 7 9 11 12 14 15 16 21 22 24 25 28 31 33 34 37 38 39 44 47 48
555  0 6 7 9 10 11 12 15 17 18 26 31 32 33 34 35 37 44 45 49
556  1 2 3 4 6 10 11 12 17 22 24 25 31 38 40 43 49 50
557  0 1 4 7 10 11 12 13 16 17 18 21 24 27 28 31 32 34 37 39 42 43 44 48
558  3 7 11 12 14 16 20 23 25 31 33 34 41 42 44 47 50
559  0 1 2 4 8 10 11 18 20 21 25 27 29 30 31 33 34 37 39 45 48
560  0 2 4 6 8 10 11 14 19 21 23 24 25 27 31 33 34 35 36 37 39 42 45 48 49 50
561  0 4 8 11 15 16 17 22 25 26 28 33 34 36 40 45 46
562  4 5 10 11 12 18 24 25 30 31 32 33 34 37 43 45 49
563  0 2 5 7 12 14 15 23 24 25 30 31 33 34 39 44 45 46 48 49 50
564  0 1 2 4 6 7 8 11 14 15 16 18 21 22 24 25 27 29 32 34 40 47 48 49
565  4 10 11 12 14 16 19 21 24 25 32 34 38 42 44 47 48 49
566  0 2 7 9 11 12 15 17 25 31 33 34 37 40 46 47
567  0 2 5 6 7 9 10 11 12 14 16 17 21 25 28 30 31 36 37 39 47 49
568  1 2 3 4 5 7 10 11 12 13 14 16 17 18 19 23 25 28 31 33 34 37 41 43 45 48 49 50
569  0 2 5 7 8 10 11 16 18 21 25 26 30 31 33 34 41 43 44 46 47 50
570  0 1 2 4 5 6 10 12 18 19 20 22 28 33 34 37 40 41 49
571  2 4 5 7 8 10 15 17 19 21 25 29 33 37 40 46 48
572  1 2 3 4 5 6 7 10 11 12 13 17 19 21 22 24 25 27 28 31 33 34 38 41 44 45 46 47 48 49
573  0 2 3 5 12 15 17 18 21 22 28 31 34 36 39 41 43 44 45 46 50
574  0 8 10 11 12 13 16 20 21 23 24 25 27 28 30 32 33 34 39 44 45 47
575  0 2 4 5 6 7 8 10 11 12 13 14 15 16 18 19 21 22 25 30 31 32 33 36 37 45 47
576  0 2 4 5 6 8 9 10 11 12 15 17 18 24 25 30 33 34 35 39 41 45 46 47 49 50
577  0 2 5 8 10 12 14 15 16 18 20 21 24 25 26 27 30 31 32 34 37 41 45 47 50
578  1 4 6 8 9 10 11 13 15 16 18 19 25 29 30 32 33 34 39 40 44 47 48 49
579  2 4 5 15 16 17 18 22 26 29 30 31 33 44 46 47
580  2 3 4 7 8 9 12 17 21 22 24 30 31 34 37 38 40 44 45 48
581  4 5 6 8 10 11 12 14 16 18 23 25 27 28 30 32 37 38 40 44 45 46 47 48 50
582  0 6 7 8 10 11 12 13 14 15 16 17 25 29 30 33 36 37 42 44 45 47 50
583  1 3 5 6 9 10 11 12 17 21 22 24 28 31 32 34 37 40 48
584  0 1 2 3 8 10 11 15 16 18 20 21 22 24 29 31 33 35 41 43 44 46 48
585  2 8 9 10 11 12 13 18 20 22 23 24 28 30 32 34 37 38 41 43 48 49 50
586  0 1 2 4 8 9 11 12 14 15 16 17 18 24 25 29 30 31 33 37 41 45 47 48 49
587  0 1 2 4 6 7 9 10 11 12 13 15 17 18 20 21 22 23 25 26 33 35 37 39 40 41 44 45 46 49
588  3 4 7 8 11 13 14 15 17 23 25 26 28 30 31 33 47 49 50
589  2 11 12 17 18 19 20 22 24 25 34 40 41 43 44 49
590  2 5 6 11 12 15 17 20 24 25 30 32 33 34 37 41 42 44 45 46 48 49
591  1 2 3 8 10 11 12 16 17 19 20 21 23 24 25 26 31 32 33 34 36 37 41 42 44 47 48 50
592  0 2 4 8 9 11 12 15 18 23 25 27 29 31 32 33 36 37 38 39 41 49 50
593  3 6 7 8 9 10 11 14 16 18 19 21 22 23 24 25 29 31 32 33 36 37 38 40 42 44 49
594  5 8 11 12 14 15 18 20 21 22 23 24 27 32 33 34 37 40 43 44 49
595  0 1 2 4 6 7 9 11 12 13 14 15 16 18 20 23 25 26 29 31 33 34 44 47 48 49 50
596  1 2 6 10 11 14 18 20 21 22 24 25 26 27 29 31 32 33 34 36 39 40 46 47 49
597  0 1 3 4 7 11 12 16 18 23 24 28 32 33 34 35 36 38 41 42 45 46 47 48 49
598  0 4 5 6 8 10 12 14 15 16 18 19 21 24 25 26 31 32 33 34 37 38 40 41 44 46 47
599  1 2 7 10 12 13 14 16 24 25 26 30 31 32 33 34 35 39 44 45 47 50
600  2 4 5 6 7 9 11 12 14 17 21 22 23 25 29 30 31 32 33 34 37 38 39 40 41 43 47 48
601  4 10 12 14 16 17 21 22 24 26 27 30 32 36 37 40 41 42 45 49
602  1 6 7 10 11 13 14 15 16 18 23 25 30 31 32 33 34 35 36 39 41 42 43 46 47
603  4 5 6 10 11 12 13 14 17 22 23 25 26 29 31 33 37 40 43 44 48 49
604  0 2 3 4 5 6 9 11 14 19 21 23 24 25 26 30 31 32 33 34 39 40 41 43 46 47
605  0 2 3 4 7 8 9 11 12 13 14 15 17 18 22 23 24 25 26 28 32 34 37 40 43 44 47 50
606  8 12 18 21 23 24 26 27 30 31 32 33 34 38 39 44 46 47 48 49
607  2 5 6 7 10 11 12 15 17 21 24 25 27 29 30 31 33 34 39 41 44 50
608  0 2 4 6 8 11 12 14 16 17 21 23 25 28 30 32 33 34 36 37 40 49 50
609  2 4 7 8 10 12 14 15 16 17 18 21 24 25 27 30 31 32 34 35 40 42 45 47 48 50
610  0 1 2 3 4 5 6 11 12 13 14 15 16 17 18 20 21 22 25 26 27 29 31 32 33 34 39 41 42 44 45 47 48
611  0 2 6 8 10 11 14 18 21 23 24 26 27 28 32 34 35 37 41 44 49
612  2 4 6 7 8 9 18 19 21 23 31 33 37 45 47 48 49
613  2 4 5 8 10 11 12 14 15 18 20 23 25 27 32 33 34 41 45 49
614  0 2 6 7 10 14 18 19 22 24 25 30 32 34 37 40 41 42 44 45 46 47 48 50
615  0 1 7 10 11 12 15 18 20 22 27 30 31 33 34 38 40 41 48 50
616  2 5 6 10 12 17 18 24 30 31 32 33 34 37 40 44 47 48 50
617  0 3 6 7 9 10 11 14 15 16 17 18 19 20 23 25 31 33 39 40 41 43 45 46
618  0 1 2 4 10 11 12 14 22 23 24 25 31 34 41 45 47
619  2 4 5 6 8 10 11 12 14 15 16 17 21 22 23 25 33 35 36 39 41 43 48 50
620  1 2 5 6 7 9 10 11 12 13 15 22 24 25 28 30 31 33 37 38 40 44 45 48 49 50
621  0 1 2 4 5 8 9 11 12 16 20 21 25 31 33 35 36 42 43 44
622  0 4 7 9 10 12 13 15 17 21 24 25 29 31 33 34 36 40 41 47 48 49 50
623  4 5 7 8 9 10 12 15 22 23 28 31 32 33 37 39 40 42 43 45 49
624  0 2 4 8 11 12 13 14 22 23 24 26 29 30 31 34 36 37 38 40 41
625  0 1 2 8 9 11 12 13 14 15 16 20 23 24 27 33 34 37 38 40 41 42 43 46 47
626  0 1 3 4 6 7 8 9 12 14 15 17 21 23 24 25 31 32 37 38 40 41 44 47 48
627  1 2 3 6 9 11 14 15 16 18 22 24 25 26 27 29 30 31 32 34 35 40 41 43 44 45 47
628  2 4 8 10 11 12 14 15 16 17 18 19 25 29 30 32 34 37 45 48 49 50
629  0 2 4 7 11 13 15 16 17 18 22 23 24 25 33 34 36 39 40 41 42 45 48 49
630  0 4 5 7 8 10 11 12 13 14 16 28 30 34 35 39 40 41 42 44 47 49
631  2 6 7 9 11 12 14 15 16 18 21 22 24 25 33 34 35 38 44 45 46 49
632  2 4 6 7 8 10 12 13 15 21 22 23 24 25 27 30 31 33 37 39 40 42 45 48
633  4 7 8 9 15 20 23 24 28 29 31 33 35 37 38 41 42 47
634  0 2 6 7 8 9 10 11 14 16 18 21 23 24 25 30 31 32 33 34 37 40 45 47 49
635  5 7 8 12 15 19 20 24 25 30 33 34 40 43 45 46 49
636  4 5 10 11 12 13 15 16 19 20 23 24 25 30 34 37 44 45 48
637  0 3 6 8 11 12 14 16 17 18 23 25 30 31 32 34 37 38 39 40 41 49 50
638  0 2 7 9 10 11 12 13 14 15 16 18 22 24 29 30 33 34 36 39 41 47 48 49
639  0 2 4 6 7 10 11 12 13 14 18 22 23 24 30 31 32 33 34 36 37 38 40 44 45 48 50
640  0 4 7 10 11 12 15 17 22 23 25 27 30 31 33 34 39 49
641  2 4 5 7 8 10 11 13 14 16 17 18 19 20 21 22 24 28 29 31 32 33 34 36 37 38 39 40 42 44 50
642  0 1 4 6 7 11 12 14 16 22 25 29 31 32 33 37 40 43 47 48 49 50
643  0 2 4 5 6 7 9 11 12 13 14 15 18 19 20 21 22 25 30 31 34 36 37 40 41 45 47 48 49
644  6 10 12 15 17 21 23 24 25 30 31 33 34 36 37 40 44 45 48 50
645  0 1 2 3 8 11 12 13 14 15 16 17 18 24 30 31 32 33 34 38 41 45 47 48
646  0 3 4 5 8 10 12 14 15 16 17 25 26 27 32 33 34 37 40 41 45 47
647  4 6 8 10 11 12 16 17 19 21 23 25 30 32 37 38 39 40 41 43 44 45 47 48
648  0 2 3 7 10 11 13 14 15 16 18 19 20 21 23 25 27 30 31 33 34 39 44 48 49
649  0 3 5 6 10 11 12 16 17 19 21 23 24 25 26 29 31 34 36 37 40 41 44 50
650  8 11 14 15 16 17 20 21 25 28 30 31 33 38 41 43 44 45 47 48
651  0 2 3 4 6 7 8 9 10 11 12 13 15 16 18 22 26 30 31 32 33 34 36 37 39 40 43 44 45 49
652  0 3 7 8 9 11 12 14 15 18 19 21 31 32 33 34 37 40 49
653  2 4 10 12 14 16 17 23 24 25 27 31 32 33 34 37 39 45 47 48 49
654  2 5 10 11 14 15 21 22 23 25 27 32 33 34 39 40 49
655  0 10 11 14 16 17 18 20 22 23 25 26 27 30 31 33 34 41 44 45 47 48 49
656  0 2 6 8 10 11 12 13 15 16 17 19 21 24 25 27 29 30 33 38 44 47
657  0 2 6 7 8 10 11 12 14 18 22 23 24 25 27 31 33 34 37 39 40 41 42 44 50
658  2 3 5 6 7 8 10 12 13 17 18 19 21 23 25 33 35 40 41 42 44 47
659  0 2 5 6 12 15 18 23 25 26 29 33 34 41 44 48 49
660  4 6 8 9 10 11 12 14 15 16 18 21 22 23 24 25 26 28 31 34 40 45 46 47 48 49
661  0 2 4 5 6 7 8 10 11 12 13 14 16 18 28 31 33 34 41
662  2 3 6 8 9 10 11 12 18 19 21 22 24 25 31 33 34 44 45 50
663  0 5 6 8 11 12 14 15 16 17 19 21 22 23 30 31 32 33 34 35 42 44 47
664  2 4 5 6 7 8 10 12 18 21 22 24 28 31 32 33 34 37 40 41 45 48 50
665  2 3 5 6 7 8 11 15 16 19 20 21 23 25 27 31 32 34 37 38 40 42 44 45
666  4 7 8 10 11 14 18 21 24 25 31 32 33 34 38 44 48
667  0 2 6 10 11 12 14 15 17 24 25 26 31 33 34 39 40 41 42 45 47 49 50
668  2 7 11 12 13 17 18 20 21 25 31 33 34 35 36 37 40 41 43 44 45
669  1 2 3 6 8 11 16 17 18 20 21 24 25 27 29 31 32 33 34 39 42 43 49
670  2 6 7 8 10 11 12 15 16 17 18 21 22 24 29 31 32 33 39 41 44 45 47 48 49
671  0 4 6 7 8 11 12 15 16 17 22 23 24 25 26 30 31 33 35 37 38 40 44 45 47 48 49 50
672  0 2 4 8 11 12 15 16 18 20 21 24 25 31 33 34 39 40 41 42 44 47 48 50
673  2 4 7 9 11 16 17 18 19 20 21 22 30 31 32 33 34 36 38 40 45 47 48 50
674  0 4 12 14 15 18 22 25 28 30 31 37 38 41 45 47 48
675  0 1 2 4 5 7 8 17 19 21 22 24 25 29 30 31 32 33 37 38 40 44 45
676  0 1 4 6 10 11 12 16 17 18 19 21 22 25 29 30 31 33 34 37 40 44 47 48
677  0 2 4 6 8 11 12 15 21 22 23 25 28 31 32 33 34 35 37 40 41 44 45 49
678  2 4 7 9 11 15 17 18 20 23 25 31 32 33 34 36 40 41 42 45 47 48
679  0 1 7 11 12 17 18 19 21 23 25 26 27 31 32 33 34 35 37 39 41 45 46 47 48 49
680  2 3 4 6 7 8 9 10 11 16 17 18 21 22 23 24 25 29 31 33 34 35 37 44 45 46 49
681  0 2 4 8 11 14 16 17 24 26 30 33 38 40 44 45 46 48
682  1 2 3 4 6 7 8 12 14 15 17 18 19 23 25 37 39 40 43 44 45 47 48 50
683  0 1 2 3 5 8 9 14 15 17 20 21 22 24 25 31 33 34 37 41 48
684  0 1 3 4 8 10 11 12 13 14 15 17 18 22 24 25 29 31 32 33 34 37 38 41
685  0 2 6 7 11 12 13 14 16 20 21 23 25 29 31 33 34 40 41 42 47 48
686  0 2 6 7 8 9 10 11 12 15 17 19 20 22 24 25 26 27 29 31 33 34 37 43 45 46 47
687  0 2 3 5 6 8 10 11 12 15 16 17 18 20 21 22 24 25 26 30 31 37 41 44 47 48
688  6 7 9 10 11 12 13 14 20 22 23 25 27 28 29 31 32 33 39 43 45 49 50
689  0 6 7 8 9 11 12 14 15 17 19 20 22 23 25 26 29 31 32 33 34 40 41 43 44 45 48
690  2 3 8 10 11 12 14 15 16 20 21 22 24 25 31 32 33 34 37 40 41 43 44 47 50
691  2 4 10 11 14 16 20 22 25 27 30 31 32 33 34 37 39 41 43 44 45 49
692  0 3 5 9 11 12 13 15 16 17 18 20 21 22 31 32 33 34 35 39 40 44 45 46 47 48 49 50
693  4 5 7 8 12 15 16 18 19 20 21 22 23 24 25 30 31 32 33 34 38 40 41 43 44 45 46 48 50
694  0 4 6 11 12 14 15 18 21 25 27 29 32 33 39 41 42 46 48
695  0 6 10 12 14 16 17 18 19 20 21 22 23 25 30 31 32 33 34 37 40 44 45 47
696  0 2 3 4 6 7 8 11 12 14 15 18 19 20 21 22 23 25 26 30 31 32 33 34 37 39 40 42 45
697  4 9 11 12 13 14 15 16 17 19 24 25 27 29 32 33 34 35 36 38 39 40 41 42 43 45 47 49 50
698  1 3 4 6 7 8 9 11 12 14 15 16 20 28 29 30 31 34 38 40 41 43 46 47 49
699  3 4 5 6 8 10 11 12 14 15 18 19 20 22 23 25 28 30 31 32 33 34 37 40 46 48 49
700  0 2 5 6 7 8 10 11 15 16 17 18 21 23 25 26 27 28 29 30 34 36 39 40 45 47 50
701  0 2 3 6 7 11 12 13 16 21 22 23 24 27 31 32 34 35 37 40 45 48 49
702  4 7 12 14 16 17 22 23 24 25 30 31 34 37 38 39 40 41 46 47
703  4 5 6 8 9 11 12 15 16 18 20 22 23 24 26 27 30 31 33 37 45 47 48 49
704  0 1 2 4 6 8 12 15 16 24 25 30 31 33 34 35 37 40 41 44 46 47 49
705  1 4 5 8 9 12 13 14 16 17 18 19 23 24 25 28 29 32 44 48 49
706  6 9 11 12 14 16 19 20 21 23 24 29 30 31 33 36 46 48 49
707  0 7 9 10 14 15 17 18 23 24 25 29 30 31 33 34 38 40 43 45 47 48 49 50
708  4 10 15 16 17 22 23 25 28 30 31 34 35 36 40 48
709  0 1 2 6 11 12 14 17 18 23 25 29 31 32 34 36 40 42 47 48
710  7 8 10 12 14 17 18 19 21 22 24 32 33 35 36 40 41 43
711  2 4 8 12 16 17 22 24 25 26 27 34 35 36 44 45 47 48 49
712  1 4 7 9 11 14 16 17 18 21 22 24 31 32 33 34 35 38 40 41 42 43 47 48 50
713  8 9 12 14 15 16 17 20 21 23 25 29 30 31 32 36 37 40 42 47 48
714  0 2 4 6 7 11 12 14 16 17 21 23 25 30 31 33 34 37 43 45 47 48
715  1 9 11 13 15 19 20 23 24 25 29 31 37 40 43 45 50
716  0 3 4 7 11 12 16 17 21 22 23 27 31 32 33 37 40 43 44 45 48 49
717  0 1 2 11 12 13 14 15 17 18 21 22 23 24 25 30 31 32 33 34 39 40 41 44 46 47 48
718  1 3 4 5 7 8 9 10 12 14 17 18 19 20 21 22 23 25 31 32 33 34 37 39 40 45 47 49
719  3 7 10 11 12 15 23 25 26 27 30 32 33 34 41 43 46 48
720  0 3 5 10 11 13 16 17 21 22 23 24 25 27 28 31 32 33 40 46 47
721  2 4 6 7 8 10 11 12 14 15 20 21 24 30 31 32 33 34 39 40 42 48 49
722  0 2 3 6 7 9 10 11 12 14 15 17 24 25 27 29 30 31 33 34 37 41 47 48
723  8 11 15 16 17 18 20 21 23 24 25 27 28 30 31 33 34 37 38 41 45 47
724  3 6 8 10 12 13 15 16 20 21 23 30 31 33 34 36 44 46 47 48
725  0 3 6 7 8 10 11 12 14 15 20 24 26 31 33 34 35 40 42 44 49
726  1 2 4 7 8 9 11 12 14 20 23 24 25 30 31 33 37 39 44 45 48 49
727  0 3 4 6 7 10 11 12 15 20 21 23 24 25 31 32 33 34 35 40 41 43 45 48 49
728  0 4 6 7 8 9 10 11 12 14 16 18 20 21 25 26 31 33 36 38 41 44 45 46 47 48 49
729  2 4 9 10 11 12 15 19 20 23 24 25 29 31 33 34 36 37 45 47 48 49 50
730  0 4 6 10 12 15 16 17 20 21 24 25 27 30 31 32 33 34 37 41 43 44 47 49
731  2 3 4 9 10 11 12 14 16 17 20 21 22 24 25 28 31 33 34 37 38 41 42 44 47
732  1 5 10 11 12 14 16 18 20 22 23 25 31 32 33 34 35 36 37 39 40 41 45 47
733  0 1 2 4 6 8 9 10 11 12 14 15 17 19 20 22 23 24 25 27 28 31 32 34 35 36 37 40 43 44 47 48 49
734  2 4 5 6 7 8 9 10 11 12 15 16 18 21 22 23 24 25 31 32 33 34 38 40 44 45 49
735  0 2 6 8 9 10 11 12 14 15 17 22 23 25 28 29 31 33 34 37 43 44 47 48 50
736  0 1 6 11 15 16 18 21 25 26 29 30 31 33 34 35 37 41 43 44 47 48
737  0 1 6 8 10 11 12 18 21 27 28 30 31 33 34 37 40 42 43 44 46 47 48 49
738  0 1 7 8 9 10 11 12 14 16 17 18 21 29 31 33 34 35 40 41 42 48 50
739  1 6 7 8 11 12 16 17 24 25 28 33 34 37 39 40 44 49 50
740  0 6 7 8 10 11 12 13 16 17 24 25 26 29 31 33 34 35 37 41 46 48
741  1 2 4 6 8 10 11 12 13 14 20 22 23 25 32 33 34 40 41 44 48 49
742  0 6 10 12 15 22 24 25 28 30 31 32 33 34 35 37 40 41 43 45 47 48 49
743  0 2 3 8 11 12 16 17 18 19 20 21 22 23 25 31 34 35 37 39 42 44 47 48 49 50
744  2 4 5 6 7 9 12 13 17 18 21 23 24 25 26 31 32 33 35 37 39 41 44 45 50
745  0 5 6 7 8 10 11 12 14 15 16 21 22 24 33 34 36 39 41 44 45 46
746  4 7 8 12 15 16 20 21 22 23 24 25 26 27 28 31 34 37 45 48
747  0 4 6 8 10 14 15 17 18 19 23 24 25 26 29 31 32 33 34 36 37 38 43 44 47 48 49 50
748  5 6 7 10 11 12 18 22 23 24 26 30 31 32 34 37 38 39 41 44 47 49
749  2 7 8 10 11 12 14 16 17 18 25 28 31 32 34 35 37 42 45 48 49
750  4 5 11 12 14 15 16 18 21 22 23 29 31 32 33 34 39 43 47 48
751  0 3 6 7 10 11 12 15 16 17 18 23 31 32 33 34 39 42 44 49
752  0 1 4 5 6 7 8 10 11 12 13 17 24 25 29 33 34 39 40 43 44 49
753  2 4 5 7 8 10 11 12 14 15 18 23 25 26 30 31 32 33 34 38 40 44 46 47 49
754  1 2 3 4 8 11 12 15 17 18 19 21 25 29 30 32 33 37 39 44 46 47 50
755  1 3 4 8 11 14 15 18 20 21 24 25 26 27 29 30 32 34 35 36 37 38 39 40 41 43 46 48
756  0 3 6 7 10 11 12 13 14 15 17 18 21 22 23 30 31 32 33 34 36 37 40 41 42 45 47 49 50
757  2 5 6 7 10 11 12 14 15 17 29 30 35 37 40 41 45 48 50
758  7 8 10 11 12 13 14 18 22 23 25 26 27 30 31 32 33 34 35 36 37 38 40 41 42 44 45
759  0 1 3 6 7 8 9 10 11 12 13 14 15 17 21 26 32 33 34 35 37 39 40 41 44 46 47 49
760  0 2 3 9 11 12 14 15 19 25 33 34 35 37 46 47 48
761  0 1 4 6 9 10 12 13 14 16 18 20 24 26 27 31 34 37 45 46 47 48 49
762  1 2 7 9 11 12 13 15 16 17 18 20 21 23 25 28 29 30 31 33 34 37 39 40 41 45
763  0 2 4 5 6 7 10 11 12 13 14 20 22 24 25 28 31 33 34 38 40 42 44 45 47 48
764  8 9 10 11 12 13 17 18 19 20 21 25 30 31 34 35 37 38 39 41 44 47
765  0 2 4 7 8 9 11 12 15 16 17 21 25 26 28 30 31 34 35 43 44 45 47 50
766  0 2 5 7 10 12 14 15 18 22 23 25 26 27 29 31 33 39 47 50
767  0 4 11 12 13 14 15 16 17 18 21 22 24 25 29 30 31 34 36 39 40 41 44
768  2 6 11 12 13 14 16 17 18 21 23 25 27 29 30 31 32 34 37 38 40 43 44 48
769  0 4 11 13 14 15 16 19 21 22 25 26 27 31 33 34 39 42 45 47 48 49
770  0 2 4 6 8 9 10 14 16 17 20 21 28 30 31 32 34 39 40 41 44 45 46
771  0 3 4 6 11 12 13 14 20 22 24 25 28 29 32 34 35 37 39 40 44 45 46 47 48 49
772  0 2 4 5 6 8 9 11 12 14 16 17 20 23 24 25 26 30 32 33 34 44 45 46 49
773  1 6 8 11 12 14 15 16 18 19 21 23 27 28 30 33 34 38 42
774  0 4 7 12 13 14 16 17 18 19 22 28 29 30 32 34 35 36 37 41 42 44 46 47 48 49 50
775  0 2 4 6 8 9 10 11 12 13 15 17 23 25 30 31 32 33 34 40 44 45 47 50
776  0 2 10 12 14 16 17 18 19 21 22 23 25 28 29 30 31 32 33 34 35 36 40 44 46 48 49 50
777  0 10 11 12 15 16 17 19 21 22 25 27 31 33 34 40 41 45 48 50
778  0 4 7 8 10 11 12 13 17 22 23 24 25 28 31 32 33 34 39 45 49
779  0 4 7 8 9 10 15 22 25 26 30 31 32 33 34 35 41 44 47 48
780  2 4 11 12 16 19 21 23 25 27 29 30 31 33 34 35 36 38 39 41 44 45 46 47 48
781  0 1 2 3 7 11 12 17 18 19 20 23 24 25 26 32 33 34 40 43 44 45 46 47 49 50
782  0 1 2 6 7 11 12 14 15 17 18 25 31 32 33 34 36 37 40 48 49
783  3 8 10 11 12 13 14 15 18 22 25 29 30 31 33 34 35 41
784  1 2 4 5 7 14 15 16 18 21 25 26 29 31 33 34 35 39 40 42 45 47
785  2 3 4 6 7 8 10 12 14 17 21 22 23 25 30 31 32 33 34 37 38 40 44 45 48 50
786  2 3 4 10 11 14 16 17 18 21 25 26 29 31 32 34 35 37 41 43 44 47 49
787  0 2 6 7 8 12 14 15 16 18 22 24 25 29 30 31 32 33 36 37 38 39 41 42 43 48
788  0 2 4 6 7 9 10 11 12 15 16 17 18 21 22 23 25 30 31 32 33 34 37 40 41 43 44 45 47 48 49
789  0 2 3 4 6 7 10 12 13 15 16 18 20 21 23 25 26 32 33 34 35 37 43 48 49
790  0 2 4 6 7 9 10 12 13 14 15 16 23 25 29 31 33 34 40 41 42 43 45 48 49
791  4 5 6 10 11 14 15 17 18 21 22 25 26 27 28 29 31 32 34 39 42 44 45 47 48
792  1 6 7 8 10 12 14 16 21 25 31 33 34 45 46 47 48 50
793  0 1 2 4 7 8 10 12 14 18 25 26 31 32 33 34 35 36 37 38 43 44 45
794  0 4 6 8 9 11 12 14 15 16 17 24 27 31 37 39 40 42 44 47 48 49
795  0 1 3 4 6 9 11 14 18 20 24 25 31 34 35 36 40 41 47 49
796  9 11 12 13 15 16 19 20 21 24 25 30 33 34 35 40 41 44 45 48
797  0 4 7 9 10 11 12 14 15 17 18 19 21 23 25 27 28 30 31 33 34 36 40 44 47 48 49
798  3 4 5 7 8 9 11 12 15 16 18 19 20 21 22 24 27 30 31 32 33 34 37 41 44 45 48 49
799  0 1 2 3 4 7 8 10 11 12 16 18 21 23 27 28 31 33 34 37 38 41 42 43 47 50
800  1 2 11 12 14 16 17 19 21 22 24 25 28 30 31 32 33 34 37 40 41 44 46 49 50
801  1 5 10 11 13 18 19 21 23 24 30 31 32 33 34 45 47 48
802  2 4 11 12 14 15 17 18 19 24 25 28 30 32 33 34 37 40 41 44
803  3 6 8 9 11 12 20 21 23 25 30 31 33 34 36 40 41 44 45 46
804  2 11 17 19 20 24 25 30 31 34 41 44 49
805  0 2 5 6 7 11 12 13 14 16 18 19 21 22 24 26 28 30 31 33 34 35 37 38 41 44 48 49
806  0 1 2 4 6 7 8 11 14 16 18 20 21 22 24 25 32 33 34 40 41 44 45 47 48
807  3 6 10 11 12 13 14 18 21 26 27 30 33 36 40 41 44
808  0 1 5 12 17 18 25 26 28 29 31 32 33 34 37 39 40 46 49 50
809  4 6 10 11 12 13 16 21 22 24 25 26 27 33 34 36 38 41 43 44 45 47 50
810  0 2 3 4 7 9 10 12 13 15 16 17 19 22 25 28 30 31 32 33 34 35 45 47 49
811  4 11 12 15 16 17 18 20 24 25 26 31 32 35 37 38 41 42 45 47 48
812  2 4 7 9 10 11 12 14 16 19 22 23 24 25 28 31 32 33 34 36 39 41 45 46 47 50
813  2 4 7 10 12 22 23 25 29 31 32 36 37 40 41 42 45 47 48
814  6 7 8 10 11 14 16 17 19 23 25 31 32 33 35 37 39 40 43 44 46 48
815  6 8 11 14 15 16 25 27 32 34 43 47 48 49
816  0 2 6 8 10 11 12 14 17 18 20 23 24 25 28 31 32 33 37 39 40 41 49 50
817  0 1 4 8 14 18 23 25 27 30 33 34 35 40 41 42 44 45 47 49 50
818  3 4 11 16 17 18 19 21 23 24 25 26 31 33 34 36 41 44 45 46 47 48 49 50
819  0 2 4 10 12 16 18 26 31 32 33 34 35 37 40 46 47 48 49
820  0 1 2 8 9 11 12 13 15 17 18 20 22 25 27 30 31 32 33 34 36 37 40 42
821  1 4 6 7 11 12 13 16 17 23 24 30 31 32 33 34 39 41 45 49
822  1 7 8 9 11 12 13 16 18 19 23 25 26 28 31 33 34 35 45 48 49
823  2 3 4 7 8 10 12 15 16 18 19 20 22 24 31 33 35 40 44 45 47
824  0 4 7 8 11 15 18 23 25 29 30 32 33 38 40 41 43 45 47
825  6 7 8 9 10 11 12 14 16 17 18 20 21 24 25 27 31 33 34 35 37 42 44 46 48 49 50
826  2 3 6 7 9 10 11 12 22 25 26 29 31 34 36 37 38 40 41 44 45 48
827  4 6 7 9 10 11 12 13 14 18 19 21 25 27 31 34 37 39 41 44 46 47 49
828  1 2 4 6 7 9 10 11 12 13 14 15 16 24 25 26 28 29 31 33 37 40 44 48 49
829  0 4 5 6 10 11 12 13 14 20 21 22 24 25 31 33 34 39 40 43 45 46 47 48 49
830  0 1 2 4 7 8 10 12 14 15 16 33 34 36 37 39 40 45 46 49 50
831  0 2 4 7 10 11 14 15 17 18 19 21 23 30 31 32 36 37 39 41 44 45 47
832  2 4 7 11 16 17 23 24 25 29 33 38 40 45 48
833  0 6 7 8 10 11 14 16 22 25 26 28 29 30 31 32 36 37 40 42 43 48 49
834  2 3 6 10 12 15 16 17 20 23 24 25 27 29 30 33 34 37 41 44 48 49
835  2 4 6 10 12 13 16 17 18 19 21 22 23 25 30 31 32 33 34 36 37 39 40 41 45 49
836  0 6 8 11 12 14 16 17 18 20 22 25 27 29 31 32 33 38 39 40 41 43 45 47 48 49
837  2 4 7 12 19 21 22 23 24 30 32 33 37 40 47 48 49
838  0 5 6 11 14 16 17 18 26 32 33 34 36 37 44 46 47 48
839  2 9 11 13 15 17 21 22 25 30 31 33 34 35 37 41 44 47
840  0 5 7 8 12 13 14 16 18 19 21 25 29 30 31 32 33 34 37 39 44 45 49
841  4 6 8 10 11 12 15 16 22 25 26 28 31 34 35 37 38 40 47 48
842  0 1 6 8 10 12 15 16 19 24 25 31 32 38 39 40 43 46
843  3 4 6 10 11 18 19 21 24 25 26 29 36 37 40 41 45 46 48 49
844  4 5 6 7 8 11 12 14 15 16 18 19 21 23 24 25 27 28 29 30 31 32 33 34 38 40 47 50
845  0 4 7 12 15 16 18 20 21 22 23 25 26 29 30 31 33 34 38 41 44 45 48 49
846  0 2 9 11 12 14 18 19 23 24 25 30 31 32 34 41 49
847  1 7 12 14 15 17 21 24 25 30 31 33 34 35 38 40 41 42 43 44
848  0 1 2 3 5 10 11 12 16 17 18 21 25 27 32 33 37 38 40 41 42 44 48 49 50
849  4 6 7 8 11 12 16 17 21 22 23 27 28 30 31 32 33 36 38 41 45 46 48
850  1 4 10 11 12 13 14 17 18 19 21 23 24 25 32 33 34 35 37 40 41 45 46 47 48 49
851  0 1 4 6 11 12 13 14 15 17 18 19 21 22 23 24 31 32 34 35 36 37 38 40 44 45 46 49
852  0 1 2 3 4 10 14 15 17 18 22 25 33 34 37 39 41 42 43 44 45 48 49
853  4 10 12 15 16 17 22 23 29 30 31 33 34 41 44 48
854  2 3 6 7 10 11 12 14 18 19 22 23 24 25 28 29 30 31 32 33 42 43 45 47 49
855  0 1 7 8 12 13 15 16 18 21 22 24 25 26 28 29 31 32 33 39 42 44 45 47 48 49 50
856  0 6 7 8 9 11 12 14 16 22 24 25 26 27 29 30 31 32 33 34 35 45
857  1 4 6 7 10 11 15 19 20 22 25 29 30 31 32 33 34 35 37 44 46 47 50
858  0 1 3 7 8 10 12 16 21 22 24 25 26 31 32 33 34 36 37 40 41 44 47
859  0 10 11 12 14 15 16 17 18 22 25 32 37 38 40 43 44 50
860  0 2 6 14 15 16 17 18 21 22 24 25 31 33 34 38 41 42 43 44 45 48
861  0 2 4 11 12 17 18 19 21 25 26 28 32 34 37 43 47 48
862  0 3 5 7 8 9 10 13 14 15 16 17 20 21 23 30 31 33 34 45 46 47
863  0 2 3 4 6 7 11 14 15 17 19 20 23 25 26 27 28 29 31 33 37 40 42 44 46 48 49
864  2 4 6 10 11 12 15 16 20 23 24 27 30 34 35 41 46 48 49
865  0 4 5 6 7 8 10 11 12 13 14 16 23 25 30 32 34 35 36 37 39 40 41 42 44 47 48 49
866  0 1 7 10 11 12 17 18 19 22 23 24 25 30 31 33 34 43 47 48
867  0 2 6 8 13 14 16 19 21 23 24 25 27 30 31 33 34 36 38 39 41 47 48 49 50
868  1 4 5 6 11 12 14 18 20 21 23 24 25 28 31 32 33 34 41 47 49
869  2 3 8 9 10 11 15 17 20 22 23 25 27 28 30 32 33 34 35 38 41 48
870  3 5 6 9 10 11 12 14 15 16 18 21 24 25 26 30 32 33 34 37 40 41 47 48 49
871  0 2 6 7 9 10 12 15 19 20 25 27 29 30 31 33 34 37 38 40 41 43 48 50
872  0 2 6 10 11 16 17 18 20 25 30 31 34 41 43 44 48 49
873  10 12 14 16 17 19 21 22 25 28 29 31 33 34 36 37 38 40 45 46 48 49
874  2 4 5 8 10 12 14 17 20 23 25 28 31 32 33 34 37 38 42 43 44 45 47 48 49
875  0 3 4 7 10 11 12 14 15 18 21 23 27 32 33 34 45 47 49 50
876  0 1 2 4 5 6 8 10 11 12 15 16 18 20 21 23 24 25 30 31 32 33 34 38 40 44 45 46 49
877  3 4 8 9 10 11 15 17 19 21 24 25 30 31 33 34 37 38 41 45 46 49
878  2 3 4 6 7 8 10 12 14 15 24 25 30 31 34 35 37 40 49
879  6 7 10 11 13 14 18 20 21 22 23 25 31 33 34 38 39 41 44 45 46 49
880  2 5 9 10 11 12 14 17 19 22 26 28 31 33 34 37 42 44 45 46 47 48 49 50
881  4 5 6 11 12 15 16 17 22 23 24 25 29 30 31 32 34 37 41 44 45 48 50
882  4 5 6 7 9 11 13 16 17 18 21 22 25 27 30 34 39 44 45 47 48 49
883  2 3 7 10 12 14 18 22 28 31 32 33 34 37 39 41 45 47 48 50
884  1 2 6 10 11 12 14 15 17 18 21 22 23 24 25 26 30 31 33 34 36 41 42 44 45 46 47 48 49
885  4 5 6 11 15 17 18 20 23 24 25 30 31 32 37 39 42 43 47 49
886  0 2 4 6 7 8 10 11 14 16 17 22 23 24 25 29 31 32 33 34 37 45 48 49
887  2 4 5 6 8 10 11 14 15 16 17 18 21 22 23 24 25 28 29 30 31 32 33 34 36 37 39 42 43 44 46 49
888  4 7 11 12 14 15 16 18 19 20 23 24 25 28 29 31 33 34 42 44 48
889  0 3 6 7 8 10 12 14 15 21 24 25 26 28 30 32 34 36 37 38 39 43 46 48 49
890  1 2 4 8 9 10 11 13 14 16 17 22 23 27 28 29 35 36 42 44 49 50
891  2 4 6 7 8 10 11 12 17 19 22 23 25 26 28 30 33 34 35 37 40 44 47 49
892  0 4 8 9 11 12 14 18 23 25 27 30 31 32 33 34 40 43 49 50
893  1 7 11 12 15 16 18 22 28 31 33 34 42 44 45 46 47 48 49 50
894  0 2 3 4 6 7 8 9 12 14 15 16 17 18 21 25 31 32 33 34 36 45 47 48 49 50
895  0 7 8 10 11 12 14 16 17 19 22 25 31 33 34 36 37 39 40 43 45 46 48
896  2 3 4 5 7 8 12 14 16 17 18 19 20 21 29 31 32 33 34 36 37 45 48
897  2 6 7 8 11 13 15 16 17 21 22 24 25 26 28 29 30 32 33 43 46 47
898  7 8 11 15 16 18 25 27 29 32 33 34 37 38 40 44 46 49
899  0 2 3 4 8 10 14 15 16 17 18 19 20 23 24 25 27 28 29 30 31 32 33 34 37 39 40 41 44 47 49 50
900  4 8 10 13 16 17 19 20 21 23 24 25 26 32 33 34 37 38 39 41 44 47 48 49
901  0 2 3 5 6 8 10 11 12 13 15 16 18 23 24 25 31 33 34 38 40 47 48 49
902  1 2 3 4 6 7 8 9 10 11 12 16 18 19 21 22 23 25 27 28 30 31 33 34 35 38 40 42 43 44 45 48
903  3 6 7 8 9 10 11 12 13 14 15 21 23 28 30 31 32 33 39 45 46 48 49
904  0 1 2 4 5 7 8 9 11 12 15 16 17 18 19 21 22 24 25 30 31 33 34 35 45 47 48 49
905  0 2 3 4 11 12 15 21 22 25 31 33 34 37 38 39 40 43 46
906  0 2 7 9 10 12 16 17 21 22 23 24 25 27 28 29 31 32 33 34 35 37 39 40 41 42 44 45
907  0 1 2 3 4 7 8 9 10 12 13 15 16 17 18 21 22 30 31 33 41 43 44 48 49
908  0 1 2 3 10 12 15 16 18 20 22 23 24 30 31 32 33 34 37 40 46 48 49
909  0 3 4 5 8 10 12 14 15 16 17 20 23 25 26 27 30 31 32 33 34 45 48 50
910  0 10 11 12 15 21 22 23 24 27 30 31 32 33 37 39 40 41 46 49
911  0 1 4 5 6 8 11 12 16 17 18 19 21 22 25 31 32 33 34 35 41 44 47 48
912  0 4 6 8 9 10 11 14 16 17 18 21 26 31 32 37 43 44 47 48
913  0 2 3 4 10 11 13 14 15 17 19 25 31 32 33 34 37 40 41 45 47 50
914  6 7 10 11 12 14 20 21 22 24 30 32 44 47 48 49
915  2 6 7 9 15 17 18 21 22 25 26 31 33 37 39 41 43 47
916  0 1 2 7 8 10 11 12 13 16 21 22 25 26 30 31 33 34 36 37 39 40 41 42 44 47
917  0 2 3 5 7 10 11 12 13 15 16 17 18 22 25 27 30 33 34 36 37 41 45 46 48
918  2 10 12 14 17 18 22 23 24 25 32 33 34 35 40 42 44 45
919  3 4 5 7 8 12 18 22 24 25 28 30 31 32 33 34 39 41 42 44 45 46 47 49
920  1 4 7 8 12 14 17 18 20 21 22 23 24 25 28 30 31 32 33 34 35 38 41 44 45 48
921  2 4 10 11 12 15 17 22 26 27 31 34 35 36 37 43 44 46 48 49 50
922  2 4 6 8 10 12 15 18 24 25 28 31 34 40 44
923  2 3 4 8 11 12 14 15 16 18 19 23 27 30 32 33 34 36 40 41 47 48 49 50
924  0 2 4 7 10 11 12 14 18 20 24 25 29 31 32 33 36 41 45 47 48
925  7 8 11 12 14 15 18 20 22 25 29 31 33 37 40 43 45 46 49 50
926  0 1 2 3 5 6 11 12 15 16 21 25 28 29 33 34 36 37 39 41 42 44 46 48 49
927  0 1 3 4 6 11 12 13 17 18 19 25 31 32 33 35 37 40 44 45 46 49 50
928  2 4 7 9 10 11 12 14 17 18 21 22 23 24 29 30 31 33 34 36 37 38 39 40 41 43 45 47
929  1 6 7 11 12 18 22 25 29 31 32 33 34 36 41 44 45 47 48
930  2 3 4 6 8 11 16 17 23 24 27 29 41 46 47
931  0 5 6 8 10 12 14 15 16 17 20 21 22 23 25 27 28 30 31 33 34 38 42 43 44 45
932  0 1 4 6 11 12 14 15 17 18 23 25 30 31 32 33 34 36 43 45 49 50
933  0 3 4 6 13 15 16 26 28 30 31 35 37 40 47 48 49
934  0 1 2 11 12 15 16 18 21 23 24 31 33 34 37 38 40 41 45 49
935  0 4 6 8 10 11 12 13 15 18 22 23 28 30 31 32 33 34 39 40 42 46 48
936  1 2 3 4 5 6 11 12 16 18 20 21 22 23 24 29 31 33 36 39 41 44 46 47 50
937  0 2 4 6 8 11 12 13 14 16 17 21 23 24 25 31 33 34 36 41 42 45
938  6 8 10 11 12 14 15 18 20 22 23 24 25 26 27 30 31 32 33 34 37 38 45 47 48 49
939  5 6 7 11 12 14 15 16 18 20 23 24 25 26 30 31 32 33 34 37 40 45 46 47 48 50
940  1 3 8 10 11 13 16 18 20 22 25 27 28 32 33 34 35 37 41 42 44 45 46 49
941  2 4 8 11 12 13 17 18 19 20 22 23 24 25 33 34 35 39 40 45 47 49
942  0 6 7 8 10 11 12 16 17 18 20 23 24 25 26 27 30 31 34 36 40 44 47 49 50
943  2 4 7 12 15 17 23 24 25 26 27 29 32 33 34 37 40 41 44 45 47 49
944  1 2 6 7 8 11 12 13 15 16 19 22 23 24 25 30 32 34 37 39 40 41 44 49 50
945  1 7 10 12 14 15 17 18 19 20 21 23 25 26 30 31 32 33 37 38 42 43 47 48
946  2 3 4 5 6 10 11 12 14 17 18 21 27 30 31 33 34 37 39 40 41 48 50
947  4 7 10 14 17 24 25 26 27 28 29 32 33 37 40 44 45 47 49
948  2 4 8 10 11 12 17 22 25 29 30 31 33 35 36 42 45 47 49
949  2 3 6 7 10 12 13 15 18 20 21 22 24 25 32 33 34 39 40 45 47 48
950  0 1 5 6 7 12 14 17 18 21 23 25 30 33 35 39 41 42 45 46 47 48
951  4 7 9 10 11 12 15 18 20 25 31 32 33 34 39 40 41 45 47
952  0 5 6 7 8 9 12 13 14 15 16 17 18 20 21 23 24 25 26 31 32 33 36 39 40 41 43 45 46 47 48 49
953  2 3 4 7 8 11 12 14 15 18 19 21 22 23 24 25 26 28 29 30 31 32 33 34 35 39 40 41 45 46 49
954  2 4 5 6 8 10 11 12 13 15 16 17 18 22 24 25 29 33 35 40 43 48 49
955  0 4 7 10 11 12 14 17 19 21 22 30 31 32 33 34 36 38 41 44 45 46 47 48 49
956  4 11 12 14 16 22 23 25 27 28 31 33 35 37 39 40 42 44 49 50
957  0 1 2 6 11 12 17 19 23 25 30 31 33 34 36 40 44 47
958  2 4 7 8 10 11 12 13 14 17 21 22 23 27 30 31 33 34 36 38 45 49
959  0 3 8 11 12 13 14 15 16 18 19 24 25 31 32 34 37 39 43 44 50
960  0 2 3 5 6 7 11 12 14 15 16 17 21 22 26 30 31 33 34 39 40 41 44
961  0 9 10 11 12 14 16 17 18 22 23 24 30 31 32 33 35 39 40 41 47
962  0 2 6 7 11 12 14 15 16 18 20 22 23 28 31 34 37 40 42 45 48 50
963  0 1 4 5 6 8 11 12 14 16 17 21 22 23 25 27 32 34 35 37 41 45 47
964  4 8 11 12 15 16 17 18 21 25 29 32 33 34 37 39 40 45
965  0 1 3 6 11 12 14 16 21 24 25 26 32 33 34 40 41 42 45 46 48 49 50
966  2 4 6 8 10 11 14 17 18 22 23 25 28 29 32 33 34 35 37 40 44 48 49
967  0 2 6 7 9 10 14 15 18 21 22 23 31 34 37 38 39 40 41 42 43 45 47
968  0 2 8 9 10 11 12 13 16 17 19 20 21 23 24 27 29 33 34 36 37 38 39 40 41 42 45 47
969  4 10 11 12 14 15 18 21 22 24 26 27 31 32 34 36 41 44 45 46 47 48
970  1 7 8 10 11 12 15 17 20 21 23 24 26 28 29 30 31 33 34 35 37 40 41 43 44 45 46 48
971  1 6 7 8 11 15 17 18 24 25 27 31 32 33 36 39 40 45 47
972  0 5 6 9 11 12 13 14 16 18 19 20 22 24 25 26 27 29 30 31 33 34 38 41 42 44 47 48
973  3 4 5 10 12 14 15 16 21 23 24 25 30 31 33 34 36 37 44 46 49
974  0 3 4 6 7 10 16 17 18 22 23 25 26 27 30 31 32 34 36 37 39 40 47 48 50
975  0 8 9 10 12 19 22 23 24 25 26 29 33 37 41 42 45 49
976  4 6 7 12 14 17 22 23 29 30 31 32 33 34 40 41 44 48 49
977  3 10 13 15 18 21 22 25 26 30 31 32 33 34 37 40 41 42 43 45 47 50
978  2 4 6 7 8 10 11 12 14 15 17 20 21 25 27 34 36 37 38 41 42 43 45 47 48
979  0 9 11 12 14 15 16 17 20 21 23 25 27 30 32 33 35 38 40 41 44 49
980  4 7 10 12 14 16 21 22 23 30 31 32 33 36 40 46 48 49 50
981  3 4 5 10 11 12 15 16 17 20 22 23 25 27 29 30 32 33 34 36 37 38 39 40 41 43 44 45 46 47 48 49
982  0 1 6 8 11 12 15 16 17 21 22 24 25 26 28 31 32 34 38 39 40 41 44 45
983  1 7 8 10 11 16 17 18 21 28 30 31 34 37 38 39 40 42 45 47 48 50
984  1 4 7 8 9 11 14 15 20 25 28 30 31 33 34 36 40 43 47 48 50
985  0 2 5 6 7 11 13 14 15 16 17 18 19 24 25 30 31 34 35 39 40 41 43 44 45 46 47 48 49 50
986  1 4 7 11 12 14 15 17 18 24 25 30 31 32 33 34 36 37 39 42 44 45 46 48 50
987  0 1 4 11 12 14 15 17 19 21 22 24 29 31 32 35 36 37 38 39 40 41 44 45 48 50
988  0 1 2 4 7 8 11 12 14 16 19 21 22 25 28 30 31 33 38 40 44 47
989  0 4 7 13 15 16 20 22 23 25 27 30 31 33 35 37 40 43 44 45 46
990  0 1 2 3 5 7 11 12 15 16 17 18 21 22 25 34 40 41 42 43 45 47 48 49
991  0 2 6 8 9 10 11 12 17 20 22 23 25 31 33 34 36 37 41 42 47
992  0 1 6 8 11 12 15 16 17 21 24 25 27 30 34 37 45 46 47 49 50
993  0 4 6 7 10 11 13 14 15 16 17 22 24 28 31 34 38 40 44 45 49
994  0 1 4 8 9 11 12 16 17 18 21 22 24 25 26 27 29 33 34 38 40 43 44 45 47 49 50
995  2 3 6 7 9 10 11 12 13 14 15 16 17 21 25 26 30 31 33 38 40 44 45 46
996  0 7 11 12 15 18 24 28 30 32 33 37 47 49 50
997  0 1 2 3 6 7 9 11 12 14 15 17 18 20 22 24 25 27 28 30 31 33 34 35 36 37 38 40 41 44 45 47 50
998  0 2 7 10 11 12 14 16 18 27 28 33 34 35 40 47
999  2 3 4 6 10 11 12 13 14 15 16 17 19 21 23 24 25 27 30 31 33 34 35 37 38 41 42 47 49
