0  0 1 2 3 5 6 7 9 10 11 13 14 16 19 20 21 23 25 26 27 28 32 35 36 38 39 40 41 44 46 48
1  0 1 3 7 9 12 13 17 19 20 21 22 23 26 27 29 30 32 34 35 37 38 39 41 42 43 45 46 48 49 50
2  0 1 3 4 5 7 9 12 13 15 16 17 19 20 23 26 27 28 29 30 32 36 37 38 39 40 41 42 43 45 46 47
3  0 5 9 10 13 18 19 20 21 23 26 27 28 29 31 33 34 36 37 38 39 41 42 43 44 47
4  0 1 2 3 5 7 9 13 14 16 17 19 20 24 25 26 27 28 29 30 34 35 36 38 39 40 41 43 44 45 47 49
5  0 1 2 4 5 9 13 15 17 19 20 24 26 27 29 33 34 36 38 39 40 41 42 43 45 46 47 50
6  3 4 6 10 16 17 19 20 21 23 24 26 27 29 32 35 36 37 41 42 43 47 48 49 50
7  0 1 2 4 7 8 14 15 18 19 20 21 22 24 26 28 29 30 32 36 37 38 39 40 42 43 46 47 49 50
8  1 2 3 5 8 9 13 16 17 18 20 22 23 26 27 28 29 30 31 32 33 34 35 36 37 38 39 41 43 47 49
9  1 4 5 7 9 13 14 18 21 25 26 27 28 29 31 32 35 36 37 38 39 41 42 43 44 46 47 49 50
10  0 1 5 7 8 9 10 11 13 15 16 17 18 19 21 23 27 28 29 32 35 36 38 39 40 41 43 46 50
11  0 2 3 5 6 7 12 13 15 17 18 20 24 26 27 28 29 30 34 38 39 42 43 44 45 46 48 49 50
12  0 1 3 4 6 8 9 10 13 15 17 19 20 21 25 27 32 35 36 37 38 39 41 43 45 46 48 50
13  0 1 2 3 4 6 7 8 9 13 15 17 18 19 20 23 27 28 29 31 36 38 40 44 46 47 49 50
14  0 1 2 4 5 6 7 9 12 14 15 16 18 19 20 21 23 24 26 27 28 29 30 35 37 39 41 42 45 46 48 50
15  0 1 4 5 6 13 14 16 17 19 20 21 22 24 25 26 27 28 29 30 33 35 37 38 39 40 41 42 43 45 47 50
16  1 5 6 8 9 10 15 16 18 19 21 24 28 29 30 36 38 39 42 43 44 46 47 48 49
17  0 1 3 6 9 10 11 14 15 16 17 18 19 20 21 22 23 24 25 26 28 32 35 36 38 39 41 43 45 46 47
18  0 1 2 3 4 5 9 10 13 14 16 18 19 21 22 23 26 27 28 29 30 32 35 36 37 38 40 42 43 44 48
19  3 4 5 7 8 9 10 15 16 19 20 24 26 27 28 29 31 32 33 35 38 39 40 41 42 43 44 46
20  1 3 6 7 8 13 15 16 19 20 23 24 26 27 28 29 30 31 32 33 35 36 37 39 42 46 47 48 50
21  3 7 9 10 13 16 19 20 21 24 26 27 28 29 30 36 39 42 43 45 47 49 50
22  0 1 3 4 5 10 17 19 20 21 23 24 28 29 34 35 38 39 43 45 46 50
23  1 2 3 4 5 8 9 11 15 16 17 19 20 21 22 26 27 30 32 34 35 36 38 41 42 43 44 45 46 47 49 50
24  0 1 2 5 7 8 9 10 11 13 14 15 16 18 19 20 21 22 24 27 28 32 35 36 38 39 40 41 42 44 45 46 47 49 50
25  0 1 2 3 5 7 8 9 10 13 15 16 19 20 21 22 23 24 26 28 29 30 31 32 35 36 37 38 39 40 42 43 45 46 47 49
26  0 1 2 3 5 6 9 11 12 13 14 15 17 19 20 21 26 28 32 35 36 38 39 41 42 43 44 46 47 48 50
27  1 2 3 4 6 8 9 11 13 14 15 16 17 19 22 23 24 28 29 32 35 36 37 38 39 42 43 44 46 48 49 50
28  0 2 3 4 5 6 8 10 13 16 17 19 20 21 23 26 27 28 29 30 32 36 37 38 39 40 41 42 43 46 47 49
29  4 5 7 8 10 12 13 19 20 21 22 23 25 26 27 28 29 32 35 36 37 38 39 42 43 46 49 50
30  0 1 5 6 7 10 13 14 15 17 19 21 23 26 28 29 30 31 32 35 36 38 39 40 41 42 43 44 47 48 50
31  1 2 4 5 6 8 9 10 13 14 15 17 19 20 22 23 24 27 29 30 32 33 36 38 39 43 44 46 47 48 49 50
32  0 1 3 4 5 6 7 8 10 12 13 14 16 17 19 20 21 23 24 26 28 29 30 32 35 36 37 38 39 42 44 45 46 50
33  1 2 3 4 5 6 8 9 11 13 16 17 19 20 22 26 28 29 30 32 33 36 38 39 42 44 45 46 48 49 50
34  5 9 13 17 19 21 24 28 29 30 33 36 37 38 40 41 42 45 47 49 50
35  0 1 3 6 8 9 14 15 16 17 18 19 20 21 23 27 28 29 30 31 35 36 39 40 41 42 43 45 46 48 50
36  2 3 4 5 6 8 10 13 14 17 18 19 21 24 26 27 36 37 38 39 41 44 45 47 50
37  0 1 2 3 4 5 7 8 9 10 13 15 16 17 19 21 22 27 28 29 30 32 35 36 38 39 41 43 44 46 47 48 49
38  0 1 3 4 5 6 7 11 15 18 19 20 22 25 26 29 32 35 36 38 39 40 42 45 46 47 48 50
39  0 3 4 5 9 11 12 13 17 19 20 22 26 27 28 29 30 33 37 38 41 42 43 44 45 46 47 48 49 50
40  1 2 4 5 6 7 10 12 14 15 16 18 19 20 28 29 30 35 36 38 41 42 43 46 47
41  5 6 8 9 10 16 17 18 20 26 30 32 35 36 37 38 40 43 45 46 49 50
42  1 4 6 7 8 9 13 14 15 19 20 21 23 24 27 28 29 31 32 33 35 36 37 38 39 41 43 46 50
43  0 1 2 3 6 8 12 13 16 17 19 20 21 22 23 24 27 28 30 32 35 36 38 39 41 42 43 44 46 49
44  0 1 2 3 5 7 13 15 16 18 19 20 22 25 27 28 29 33 34 36 37 38 39 40 42 43 44 47 48 49
45  0 2 3 5 7 9 13 20 21 23 26 27 30 35 36 38 39 40 41 42 45 46 47 49 50
46  0 1 2 3 4 5 9 10 13 15 17 18 19 21 22 26 28 29 34 37 39 40 41 43 44 45 46 48 50
47  2 3 4 5 6 7 10 16 17 18 19 20 22 23 24 26 28 29 30 31 36 38 39 41 42 43 45 46 50
48  0 1 2 3 4 5 7 8 9 10 13 14 16 18 19 20 21 22 24 25 26 27 28 29 30 32 35 36 38 40 41 42 43 46 48 49 50
49  1 3 5 7 8 10 15 16 17 18 19 20 23 26 28 29 32 34 35 36 37 39 40 42 43 44 45 46 49
50  0 1 4 11 13 14 17 23 24 26 29 30 31 32 35 36 38 39 41 48
51  0 3 4 5 8 9 10 13 17 18 19 20 28 29 30 32 36 38 40 41 42 43 44 46 48 50
52  1 3 4 5 10 12 13 15 16 17 18 19 20 21 23 26 27 29 30 32 35 36 37 38 39 42 43 45 47 48
53  0 2 4 5 6 7 13 14 19 20 21 22 26 27 28 30 31 32 34 35 37 38 40 41 43 44 46 47 49 50
54  0 1 4 5 8 9 10 13 14 15 17 18 20 22 25 26 27 28 29 32 34 36 37 38 39 42 43 45 46 47 48 49 50
55  0 2 3 5 6 8 9 11 12 15 18 19 20 21 26 27 28 29 30 32 33 35 38 39 42 43 44 46 47 49
56  1 2 3 7 8 13 14 16 20 21 22 23 24 26 27 28 29 31 35 36 38 39 40 41 43 46 48 49
57  1 3 5 7 8 9 13 16 18 19 20 23 26 27 28 29 31 35 38 39 41 42 45 50
58  0 1 2 3 4 5 7 8 9 12 13 16 17 18 19 20 24 26 27 28 31 32 34 36 37 38 39 40 42 43 46 50
59  1 3 4 5 8 9 12 17 19 20 24 26 27 28 29 35 36 37 38 39 40 41 42 44 46 48 49 50
60  1 3 4 5 7 8 9 13 14 15 16 18 20 23 26 27 28 29 35 36 39 41 42 43 44 45 46 50
61  1 2 3 6 11 14 16 19 20 22 23 24 26 27 28 29 31 33 35 38 39 40 42 43 46 47 48 49 50
62  0 1 3 5 6 8 9 10 11 13 15 16 19 21 25 28 29 32 35 36 38 39 41 42 43 44 45 46 47 48 50
63  0 1 3 4 5 6 7 8 9 13 14 16 18 19 20 21 22 23 24 27 28 29 30 32 34 36 39 40 41 42 43 44 45 46 48 50
64  0 1 3 4 5 6 7 8 10 11 13 14 17 18 19 20 22 24 26 29 30 32 33 34 36 39 42 43 44 45 46 48 49 50
65  0 1 3 5 6 7 8 9 10 13 16 18 19 20 21 26 27 28 29 30 35 36 39 42 43 44 50
66  0 1 2 3 4 8 9 10 12 13 14 19 22 23 26 27 28 29 30 33 35 36 38 39 42 43 46 50
67  0 1 2 3 7 9 10 11 13 16 17 18 19 20 21 22 23 24 26 27 29 32 35 36 38 39 40 41 42 49 50
68  1 3 5 6 7 9 11 13 14 15 17 18 19 20 21 25 26 27 28 29 35 36 38 41 42 44 45 46 47 49 50
69  1 3 7 9 10 12 13 15 16 19 20 21 22 24 26 29 32 37 38 40 41 42 43 44 46 48 50
70  1 2 3 4 5 9 10 11 13 15 16 19 22 24 26 27 28 30 32 38 39 40 43 44 46 50
71  1 3 5 6 8 9 11 13 14 17 18 19 20 24 26 27 30 33 35 36 37 38 39 41 42 43 45 46 47 48
72  1 3 4 5 6 8 9 10 13 14 15 17 19 20 21 24 27 30 32 34 35 38 39 40 42 43 44 46
73  1 2 3 5 6 7 8 9 10 13 15 22 26 27 28 29 30 31 32 34 36 38 39 40 41 42 43 44 45 46 50
74  0 2 3 4 6 9 11 14 16 17 18 19 23 24 25 26 27 28 29 30 33 36 37 38 39 40 41 46 47
75  0 1 3 5 7 9 10 11 13 16 17 20 21 23 24 27 28 30 35 36 38 41 42 43 44 45 48 49 50
76  0 1 3 4 6 7 9 10 11 13 17 19 22 26 27 28 29 30 33 36 37 38 40 41 42 46 47 48 49
77  0 1 2 6 9 10 13 14 18 19 20 21 23 26 27 28 29 34 35 37 38 39 40 41 42 44 47 48 49
78  0 3 5 6 9 10 13 16 18 19 20 21 27 29 30 32 33 35 38 39 41 42 43 45 47 50
79  1 2 3 5 6 8 11 13 14 16 18 19 20 25 27 29 30 31 32 33 35 36 37 38 43 44 45 47 49 50
80  1 2 3 4 5 7 9 10 13 14 21 22 25 26 27 28 29 30 35 38 39 43 44 46 49 50
81  0 1 3 4 9 10 17 18 19 20 21 22 23 24 27 36 37 38 40 43 44 46 48
82  0 3 7 9 11 14 15 19 20 22 23 26 27 28 29 30 31 32 36 38 41 43 45 47 48 49 50
83  1 3 9 14 16 17 19 20 21 26 27 28 29 37 38 39 40 42 43 45 46 47 48 49
84  0 3 4 5 6 7 8 9 10 13 14 17 18 19 20 21 24 26 27 28 29 35 36 38 39 41 42 43 46 47
85  0 1 2 3 5 9 11 13 14 17 19 20 21 22 23 24 26 28 30 35 36 41 42 43 44 47 48 49 50
86  0 1 2 5 10 14 19 21 23 27 28 29 30 32 33 35 38 39 40 41 42 43 45 46 48 50
87  1 2 3 4 8 9 13 14 15 16 17 19 20 22 23 24 26 27 28 29 32 34 38 39 43 45 48 50
88  1 3 6 9 10 13 14 16 17 18 19 20 24 26 29 31 32 33 35 36 37 38 39 40 41 42 43 46 47 48 49 50
89  0 1 2 3 5 8 9 11 12 13 14 15 17 19 20 22 23 24 25 26 27 28 29 30 31 39 42 43 45 46 47
90  0 2 3 5 6 8 10 13 14 15 18 19 20 21 22 28 29 30 35 36 38 39 40 41 43 45 46 47 48 49 50
91  1 3 4 5 7 13 14 15 16 17 19 20 21 23 26 28 29 31 32 33 34 36 38 39 40 41 42 43 47
92  1 3 4 5 6 7 8 9 10 11 13 14 15 16 17 18 19 20 21 22 23 25 27 28 29 30 32 35 36 39 40 43 44 45 48 50
93  1 3 4 6 8 13 14 16 18 19 20 23 25 27 30 31 32 35 36 38 40 42 43 45 46 47 48 50
94  1 3 5 9 10 15 16 17 19 20 23 24 25 27 28 30 31 32 33 35 36 37 38 40 41 42 43 44 45 47 49 50
95  2 3 5 6 8 9 12 15 16 18 19 20 22 23 24 26 28 30 34 35 36 37 39 42 43 45 46 47
96  0 2 4 5 6 7 14 15 19 20 26 27 28 36 37 38 39 40 41 42 45 46 50
97  0 1 3 4 6 9 10 12 13 15 16 17 18 19 20 22 23 26 27 30 35 36 37 38 39 40 42 43 48 49 50
98  0 3 4 5 6 7 8 13 14 16 20 23 24 25 26 27 29 32 36 37 38 39 40 42 43 46 48 50
99  2 5 6 7 8 9 10 13 14 15 16 19 21 22 26 27 28 30 34 38 39 40 41 42 43 45 46 50
100  2 4 5 6 7 8 9 10 13 15 18 19 21 22 24 26 27 28 29 30 31 34 35 36 39 40 42 43 48 49 50
101  0 3 5 7 9 12 13 16 18 19 20 22 27 28 30 32 35 36 37 39 40 41 42 43 45 48
102  0 1 3 4 5 6 7 8 9 10 13 15 16 19 20 21 24 27 28 30 31 34 35 38 39 40 41 42 43 44 45 46 50
103  0 2 3 7 8 13 15 16 17 18 20 24 26 27 28 30 32 35 37 38 40 42 43 44 46 49
104  0 1 3 4 5 6 7 10 11 13 14 15 16 19 20 21 23 24 25 26 27 28 29 30 34 35 36 38 39 40 42 44 47 48 49 50
105  0 1 3 4 5 7 8 9 10 13 16 20 23 28 34 36 38 39 40 41 43 44 45 46 47 48
106  1 4 5 8 10 12 13 17 19 20 23 26 27 28 29 30 38 39 43 45 46 49
107  1 2 3 5 6 7 8 9 10 11 14 15 17 18 19 20 21 22 23 24 26 27 28 29 30 32 35 36 38 39 40 42 43 46 47 50
108  0 1 2 3 4 5 10 13 14 17 18 19 20 21 22 24 25 26 32 34 36 37 38 40 42 43 44 46 49 50
109  1 2 3 5 6 7 9 10 16 17 19 22 23 24 28 30 32 34 35 38 39 41 42 43 49 50
110  4 5 6 7 9 10 13 15 17 19 20 21 22 24 26 28 29 30 38 39 41 42 43 45 46 47 48 49 50
111  1 2 3 4 5 6 9 10 13 14 16 17 18 19 20 22 24 26 27 28 29 30 32 35 37 38 42 43 45 46
112  0 2 3 4 5 6 8 9 10 13 14 15 19 21 22 26 27 28 29 30 32 35 36 37 38 40 41 42 43 45 48 50
113  0 3 4 5 8 9 10 11 18 21 23 24 28 29 30 33 35 36 38 41 42 45 46 47 49 50
114  0 1 3 4 6 7 8 10 13 14 15 16 17 19 20 21 22 26 27 28 29 36 37 38 41 42 43 44 47 48 50
115  1 3 5 6 9 11 15 16 19 20 22 23 24 26 28 29 31 32 34 35 36 37 38 39 40 41 42 45 46 47 48 50
116  0 1 4 5 7 8 9 13 14 16 17 19 20 23 24 25 26 27 29 35 36 38 39 40 41 43 44 45 46 48 50
117  0 2 3 5 9 10 13 15 19 20 23 26 27 28 29 32 36 42 43 44 45 46 50
118  1 2 4 5 7 12 13 14 15 20 23 24 25 26 27 30 31 36 39 40 42 43 45 50
119  1 3 4 5 6 9 10 13 14 15 17 18 19 22 25 26 34 36 39 40 41 42 43 45 46 50
120  1 2 3 4 7 8 9 11 13 18 19 20 21 22 24 27 28 29 30 35 36 40 42 43 44 45 46 48 49 50
121  1 3 4 5 6 7 8 9 11 12 13 14 20 23 25 27 29 32 35 36 38 39 40 41 42 43 44 45 46 49 50
122  0 1 2 3 5 13 14 16 17 18 19 20 24 27 28 29 35 36 38 42 43 44 45 46 48 49
123  3 4 5 6 7 13 14 15 18 19 21 22 23 24 26 27 28 29 30 32 34 35 36 38 39 42 43 44 46 47 50
124  0 1 3 4 5 6 7 9 10 12 13 15 19 20 22 26 29 30 32 34 35 38 39 41 43
125  0 1 2 4 5 8 9 10 13 14 16 17 18 19 20 24 26 27 35 36 38 39 40 41 43 46 48
126  1 3 5 6 7 8 10 13 14 15 16 17 19 20 21 22 24 26 28 29 32 35 36 38 40 41 42 43 48 49 50
127  0 5 6 7 9 13 15 16 19 20 21 22 23 24 26 27 32 33 34 35 36 37 38 43 44 46 47 48 49 50
128  0 1 3 6 7 8 9 13 15 16 18 19 20 21 24 26 27 28 32 33 35 36 37 39 41 42 43 45 46 48 49
129  2 3 5 6 7 8 9 10 14 15 19 20 21 22 24 26 27 28 29 33 35 36 37 38 39 42 46 48 50
130  1 3 5 6 9 10 13 14 16 17 19 20 21 23 27 28 29 30 31 37 38 39 40 42 45 46 47 48 49 50
131  2 3 4 5 8 9 10 11 12 13 14 16 18 20 23 26 28 29 35 36 37 38 39 42 43 46 48 49 50
132  1 2 3 4 5 6 7 9 11 13 14 15 16 17 20 22 26 27 28 29 30 33 35 36 38 39 40 43 45 46 47 49 50
133  0 2 3 5 7 8 13 17 19 21 26 27 28 29 30 32 34 35 37 38 39 42 43 47 48 49 50
134  0 3 6 8 9 10 13 15 16 17 19 20 22 23 27 28 29 30 36 37 38 39 41 42 44 46 50
135  1 2 3 5 6 9 13 17 19 20 21 22 23 24 27 28 30 32 34 35 36 37 38 39 42 43 44 46 47 49 50
136  1 3 7 13 14 16 18 19 20 22 26 27 29 31 32 35 36 37 40 42 43 44 45 46 48 50
137  0 1 2 5 6 9 10 13 14 15 18 21 25 26 30 36 38 39 40 41 42 43 44 46 47 49
138  2 3 5 8 9 10 11 12 13 14 18 19 20 21 22 24 26 27 28 29 30 31 32 33 36 38 41 42 43 44 46 47 48 50
139  0 1 2 3 4 5 6 7 8 13 14 16 18 19 21 22 23 26 28 30 33 36 37 38 40 41 42 43 44 45 46
140  2 3 5 6 7 9 10 13 14 16 17 18 19 20 22 24 26 28 29 30 33 35 36 37 38 40 41 42 43 44 45 46 47 49
141  0 1 3 5 6 9 10 11 12 14 18 19 20 21 24 25 27 28 29 32 34 36 38 41 42 43 46 49 50
142  0 1 2 3 4 5 6 8 10 12 14 16 17 18 20 24 25 27 28 29 30 32 33 35 38 39 42 43 45 46 49 50
143  0 4 5 7 8 11 13 15 16 17 19 20 21 24 26 27 28 29 30 31 34 35 36 38 39 40 42 43 44 45 46 48 49 50
144  1 6 7 8 9 10 13 18 19 20 21 23 24 27 28 29 30 31 33 35 36 37 40 41 42 43 44 45 46 50
145  1 2 3 5 8 9 10 19 20 21 22 23 24 25 26 27 29 33 35 36 37 38 39 40 42 43 45 47 48 50
146  0 1 3 4 5 9 11 13 14 15 16 19 20 21 25 27 28 29 33 34 35 36 39 40 42 43 44 45 46 47 49 50
147  0 1 2 5 7 9 13 15 16 17 18 19 21 22 26 29 30 31 33 34 36 42 43 44 48 49
148  0 2 3 4 6 8 9 13 14 15 16 17 18 20 25 26 28 29 30 35 39 40 41 42 43 45 46 48 50
149  1 3 4 5 6 7 9 10 13 14 18 19 21 24 26 29 32 33 34 35 37 38 40 43 46 47 48 50
150  1 2 3 4 5 6 7 8 9 10 13 15 18 20 21 22 23 24 27 28 29 30 31 32 35 36 39 41 42 44 46 48 49 50
151  1 5 6 7 8 9 12 14 15 17 18 19 20 21 22 23 24 27 28 29 30 33 35 38 39 40 42 43 46 49 50
152  0 3 4 5 7 8 9 13 15 17 20 22 23 26 28 29 30 35 36 38 39 41 42 48 50
153  1 2 3 4 5 7 8 10 13 16 17 18 19 20 22 24 26 28 29 30 33 34 35 36 37 39 40 41 44
154  1 3 5 6 8 9 10 13 15 16 17 20 22 26 27 28 29 32 34 35 38 39 43 44 45 46 47 48 49 50
155  0 1 2 3 4 5 6 13 14 15 16 18 19 21 22 24 26 28 29 30 33 35 36 39 41 42 44 45 46 48 50
156  1 3 5 8 9 10 12 13 15 16 17 18 19 20 23 28 30 32 34 36 38 39 43 44 46 48
157  1 2 3 4 5 6 8 9 12 13 14 15 16 18 20 22 24 26 27 28 32 33 34 36 37 40 41 42 43 45 46 47 48 50
158  0 3 4 8 9 10 12 13 15 16 19 21 22 25 26 27 28 32 36 37 38 39 40 41 42 43 47 50
159  0 1 3 5 6 8 10 12 13 14 15 19 20 21 26 27 28 29 30 31 33 39 40 41 46 48 50
160  1 2 3 5 7 8 9 10 13 15 16 20 21 22 23 26 28 29 30 34 35 36 38 39 40 42 43 46 47 48
161  0 1 2 4 8 10 12 15 19 20 21 22 26 27 28 29 30 31 32 35 36 38 39 42 43 49 50
162  3 5 6 9 15 16 17 18 20 25 27 28 32 33 35 36 38 40 42 43 46 50
163  2 3 7 9 10 14 15 19 20 21 23 26 27 28 29 30 32 36 38 41 42 43 45 49 50
164  0 1 2 6 7 8 9 13 15 16 17 18 19 20 21 23 24 28 29 30 32 35 36 38 41 42 43 46 49 50
165  1 3 4 5 6 8 9 12 13 14 15 19 20 21 22 24 27 28 29 30 32 36 38 39 42 43 44 45 46
166  1 3 6 11 13 15 16 17 19 20 24 25 26 27 28 32 34 35 36 38 39 41 42 43 46 49 50
167  0 3 4 5 7 8 9 10 12 14 15 18 19 20 21 24 26 27 28 29 33 35 37 39 40 42 44 46 47 50
168  0 1 3 4 5 6 9 13 14 15 16 17 18 19 20 21 24 25 26 27 28 29 30 32 36 38 40 42 43 46 50
169  0 1 3 5 7 8 10 11 13 14 15 16 17 18 19 20 21 23 24 27 28 29 30 32 33 38 42 43 44 46 47 50
170  0 1 5 7 8 9 13 15 19 21 22 23 24 26 28 29 30 34 35 36 37 38 39 40 41 42 45 46 49 50
171  2 3 4 6 7 8 9 10 12 14 16 17 19 22 26 27 30 33 35 36 37 38 39 40 41 42 43 44 46 48 50
172  1 2 3 6 7 9 10 11 15 16 17 18 21 22 26 27 28 30 35 38 39 41 42 43 46 47 48
173  0 1 2 3 5 9 13 15 17 20 21 22 23 25 27 28 29 30 31 32 34 35 36 37 38 39 42 44 46
174  0 1 5 7 9 10 12 14 15 16 17 19 20 21 22 24 25 26 27 28 29 31 32 39 40 41 42 43 45 46 49 50
175  1 3 5 9 11 13 14 15 17 18 19 20 21 22 23 26 27 28 29 30 31 32 33 34 35 36 37 38 39 43 44 45 46 47 49
176  0 2 3 5 8 9 13 15 16 20 21 22 24 26 27 28 30 34 35 36 37 38 39 40 42 43 46 49 50
177  1 2 3 5 6 7 9 13 15 19 22 24 26 27 28 29 32 34 35 36 38 39 40 41 42 44 45 46 48 49 50
178  3 4 6 8 10 11 13 15 17 18 19 22 23 24 26 27 28 30 34 35 36 38 39 40 42 43 44 45 46 49 50
179  2 3 8 9 12 13 14 17 18 20 23 26 28 29 30 34 35 36 38 39 41 42 43 44 45 46 48 49
180  1 3 8 9 10 13 17 20 21 22 23 26 27 28 30 31 32 36 38 39 40 42 43 45 46 47 48 49 50
181  0 1 3 4 7 10 12 13 16 18 19 20 22 24 25 26 27 28 29 33 34 36 38 40 43 44 45 46 47 48 49
182  0 1 2 4 5 7 8 11 12 16 17 19 20 22 24 26 27 28 29 32 34 35 36 37 38 39 41 46 50
183  1 3 9 12 14 15 19 20 23 27 29 30 33 35 36 37 38 39 40 42 44 46 47 48 50
184  1 4 5 6 9 11 13 17 18 19 20 21 22 23 24 27 28 29 34 35 36 38 39 41 42 43 45 46 47 49 50
185  1 3 5 6 9 10 13 14 17 19 21 24 25 26 27 28 29 30 31 35 36 38 39 41 42 43 44 45 46 48 49
186  0 1 2 3 5 7 9 10 13 15 16 18 19 20 21 26 27 28 30 32 35 36 38 39 40 42 43 44 45 46 47 50
187  3 4 5 7 9 13 18 20 21 22 23 24 27 28 29 30 32 35 37 38 39 41 42 43 44 47
188  0 1 3 4 5 6 9 10 13 14 15 16 18 19 22 23 24 26 27 28 29 33 35 37 38 42 43 46 47 48 49 50
189  1 5 6 8 9 12 17 18 19 20 22 24 26 28 29 30 35 36 37 38 39 40 41 42 43 44 47 48 49 50
190  0 2 3 7 9 10 13 15 16 17 19 20 22 25 27 29 31 35 39 40 42 43 45 50
191  1 2 3 4 5 6 9 10 11 13 15 16 17 18 20 22 23 24 26 27 28 29 31 32 33 34 35 36 37 38 39 43 44 46 47 50
192  2 3 4 5 7 8 10 11 12 13 14 15 16 20 23 25 26 27 28 29 35 36 37 38 39 41 43 44 45 47 48 50
193  1 3 4 5 6 7 8 9 10 11 12 13 14 15 16 18 19 21 26 27 28 29 35 36 37 38 39 41 42 43 46 47 48
194  0 1 2 3 5 9 10 11 15 16 17 19 20 21 22 24 26 28 29 30 33 35 38 39 40 43 44 48 50
195  1 2 3 5 9 13 14 15 16 18 22 23 24 26 27 29 31 33 37 38 39 42 43 44 46 48 49 50
196  0 3 5 8 9 10 13 14 15 16 18 20 21 23 24 27 28 29 30 34 35 36 37 38 42 44 45 46 48 49 50
197  0 1 2 3 4 5 8 9 13 16 18 19 20 23 26 27 28 29 30 34 36 37 38 39 40 42 43 44 45 46 47 48 49 50
198  1 2 4 5 6 8 9 10 11 12 13 14 16 17 20 24 26 27 28 29 30 32 35 36 38 39 40 42 44 45 46 49 50
199  1 3 9 10 12 13 15 17 18 19 21 22 23 24 26 27 28 29 31 33 35 36 38 39 40 42 46 47 48 49 50
200  0 3 4 5 6 8 9 13 14 16 17 19 20 21 23 25 28 29 32 35 37 38 39 40 42 43 45 46 47 48 50
201  1 2 3 5 6 7 8 13 14 15 16 18 19 20 26 27 28 30 31 35 36 37 39 40 41 43 44 45 47 50
202  1 3 5 6 7 8 9 13 15 19 20 22 23 24 26 27 28 29 32 35 36 37 42 43 45 46 49
203  1 6 9 10 14 17 19 20 22 23 24 26 27 28 29 32 35 36 37 38 39 40 42 43 44 45
204  5 7 9 10 13 16 18 19 24 27 29 31 32 35 36 37 38 39 41 42 43 44 45 46 47
205  2 3 4 5 6 8 9 10 13 14 17 19 21 23 24 28 29 32 34 36 37 38 40 42 44 46 47
206  1 3 4 5 6 8 9 10 13 14 16 19 20 21 26 27 28 29 31 32 34 35 36 37 39 40 41 42 43 44 45 49 50
207  0 2 3 5 6 9 13 15 19 20 21 22 23 26 28 32 34 35 36 37 38 40 41 42 43 44 45 46 48 50
208  0 2 3 6 8 9 13 15 19 20 22 23 26 27 28 29 30 36 37 38 39 40 42 43 44 46 47 48 49
209  0 1 5 7 10 13 14 15 16 19 20 24 25 26 29 30 31 32 38 39 42 43 50
210  0 3 4 5 9 13 14 15 16 17 18 20 22 23 24 25 26 27 28 29 30 32 35 36 39 41 43 45 46 48 49
211  0 1 2 3 4 5 6 8 9 11 13 14 15 17 18 19 20 21 22 23 26 27 29 31 32 35 36 39 40 41 42 43 45 46 47 48 49 50
212  0 1 2 3 4 5 6 7 8 9 14 17 20 21 23 24 26 29 32 33 35 36 37 38 39 40 41 43 45 47 49 50
213  1 2 3 5 8 9 14 15 16 17 18 19 20 22 23 27 28 29 30 32 33 34 35 36 37 38 39 42 45 46 48 50
214  0 1 2 3 4 8 9 10 13 14 17 20 21 24 26 27 28 29 30 33 35 36 39 42 43 45 46 47 48 50
215  0 2 3 4 5 6 7 8 10 11 13 15 17 19 20 22 23 24 26 27 28 29 30 35 36 38 40 41 42 43 44 46 47 49 50
216  2 3 5 8 9 13 14 15 20 25 26 27 28 29 32 34 35 36 38 39 41 43 44 46 47 49 50
217  1 2 3 4 5 6 7 8 13 14 15 18 21 27 28 29 31 35 36 37 39 41 42 43 48 49
218  0 1 2 3 5 6 7 8 9 10 13 20 21 22 23 26 27 28 29 30 32 36 37 38 39 41 42 43 46 48 49
219  0 1 4 7 9 10 15 16 17 19 20 21 22 23 26 27 28 29 30 35 39 40 41 42 44 46 47 50
220  0 1 2 10 12 13 15 17 20 22 24 26 27 32 33 34 35 36 37 38 39 40 42 43 45 46 47 48 50
221  0 3 4 5 7 10 14 15 16 18 20 21 23 26 27 28 29 31 32 33 35 38 40 41 42 43 46 47 48 49 50
222  0 3 5 11 14 15 16 17 18 19 20 22 23 24 25 26 27 29 30 33 35 36 38 39 46 48 50
223  1 3 5 10 13 17 19 20 21 25 26 27 28 29 35 36 37 40 42 43 48 50
224  0 1 3 4 5 7 9 10 13 14 17 18 19 20 22 23 26 27 29 35 36 37 40 41 43 44 48 50
225  0 1 2 5 6 7 9 10 13 15 16 17 21 26 27 30 35 37 44 46 47 48 49 50
226  0 1 2 3 5 6 7 10 11 13 14 16 17 18 20 21 24 26 27 29 34 35 36 38 39 42 43 44 45 46 47 48 49 50
227  0 1 2 3 6 7 8 9 11 13 14 17 19 21 23 24 26 27 28 29 31 34 39 42 44 45 46 47 50
228  0 1 3 4 5 6 7 9 10 13 14 15 16 17 20 24 25 27 28 29 35 36 37 40 41 44 45 46 47 49 50
229  1 2 5 10 13 14 15 16 17 18 19 20 21 22 23 25 26 27 28 29 30 32 35 36 38 41 42 43 45 46 47 48
230  2 3 4 5 6 8 11 12 13 14 15 17 19 20 21 22 23 25 26 28 29 30 35 36 37 38 39 40 42 43 44 45 46 47 50
231  1 4 5 6 8 9 13 15 16 19 20 23 29 30 32 35 36 38 39 41 43 45 47 49 50
232  0 2 3 4 5 6 8 9 10 16 17 18 19 20 23 24 26 27 29 30 32 33 34 35 36 37 38 39 41 43 44 46 47 48 49 50
233  0 1 2 3 4 7 8 9 13 16 17 18 20 22 24 25 26 27 28 29 31 32 35 36 38 39 40 41 43 45 46 47 48 49 50
234  1 2 3 6 8 10 13 15 16 17 19 24 25 26 27 28 32 35 36 37 38 43 46 48 50
235  0 1 5 6 7 8 10 12 13 14 15 18 20 21 22 23 27 28 29 31 32 34 35 36 38 39 40 41 42 44 45
236  0 1 4 5 6 9 13 15 16 18 20 23 27 28 29 30 33 35 36 37 38 39 40 42 44 45 46 47
237  0 1 3 5 6 9 12 15 20 21 22 24 26 27 28 38 39 41 42 43 45 46 48 49 50
238  1 2 3 5 6 7 8 13 14 15 19 20 21 22 26 27 28 29 30 31 32 35 36 38 39 41 42 43 45 46 47 49 50
239  1 2 3 4 6 7 9 13 14 16 17 20 22 26 28 30 32 33 34 35 36 37 38 39 40 41 42 44 47 49 50
240  0 1 3 4 5 8 9 14 16 17 18 19 21 22 23 24 26 27 29 30 31 32 33 35 38 39 42 46 50
241  0 1 2 3 4 5 6 8 9 11 13 14 18 20 22 23 25 26 27 28 29 32 37 38 39 40 41 42 43 47 48 49 50
242  0 1 7 8 9 11 13 14 16 18 20 23 24 26 27 28 29 30 32 36 37 40 41 42 44 48 49 50
243  0 1 2 3 4 5 6 7 9 10 12 13 15 16 17 18 20 22 23 24 26 27 28 32 35 37 38 39 42 49
244  1 3 5 6 7 8 9 13 14 20 22 23 24 26 27 28 29 30 32 34 36 40 41 44 45 49 50
245  1 2 3 7 9 11 13 15 17 18 19 20 21 24 26 27 28 29 30 32 33 35 36 39 41 43 44 45 46 48 49 50
246  2 3 4 5 8 9 10 13 17 18 19 20 23 27 28 29 37 39 41 42 43 46 47 48
247  1 3 4 8 9 10 14 15 16 17 18 20 21 24 26 27 28 30 32 33 34 35 36 38 40 43 46 48 49 50
248  1 4 5 6 8 10 11 14 16 19 22 24 25 26 27 28 32 33 34 35 36 38 42 43 45 47 49 50
249  0 1 3 5 6 8 9 10 12 13 18 19 20 21 23 24 26 27 28 29 31 32 33 35 36 37 38 39 40 41 42 43 45 46 48 49 50
250  0 1 3 4 5 6 8 9 11 13 14 15 16 19 20 22 23 26 27 29 30 33 35 39 40 43 46 49 50
251  0 1 2 3 4 5 6 8 9 11 15 16 17 18 20 24 26 27 28 30 31 32 34 35 36 38 40 42 45 46 47
252  0 1 3 5 6 7 10 13 16 19 20 22 23 25 27 28 32 35 36 37 38 39 40 41 42 43 46 47 49 50
253  1 2 4 5 9 13 14 15 16 17 19 22 26 27 28 32 33 35 39 40 42 43 44 45 46 47 48 50
254  1 2 3 5 6 7 8 9 13 14 19 20 21 22 24 26 27 28 33 35 37 38 39 40 41 49 50
255  0 1 4 5 7 13 18 19 20 21 22 26 27 29 31 34 38 42 43 44 46 47 49 50
256  0 1 3 5 6 9 10 11 15 16 18 19 27 28 29 35 36 38 39 40 42 45 49
257  0 1 3 4 5 6 7 9 10 11 13 14 16 17 18 19 24 25 28 29 33 35 36 37 38 39 42 43 44 45 46 49 50
258  0 1 2 4 5 6 8 10 11 12 13 14 15 17 18 19 20 21 22 26 27 28 29 32 35 36 37 38 39 40 42 43 44 45 46 50
259  0 1 2 3 4 5 7 10 12 13 14 15 16 18 19 20 21 22 23 24 25 27 28 29 30 36 39 43 47 48
260  0 1 3 4 6 8 10 11 13 15 16 18 19 21 26 27 28 32 33 35 36 38 39 41 44 45 46 48 50
261  0 1 4 7 9 11 13 14 15 16 17 18 19 20 23 27 28 33 35 36 37 41 42 45 49
262  0 1 2 3 7 8 9 11 12 13 15 16 17 19 20 22 23 24 26 28 29 32 36 37 39 41 42 44 46 50
263  1 5 6 9 10 12 14 17 18 19 20 26 27 28 29 32 36 37 39 42 43 44 46 47 48 49
264  2 3 4 5 6 8 9 11 14 15 16 19 20 21 24 26 27 28 29 30 32 34 36 38 39 40 42 43 44 45 46 49 50
265  1 3 4 5 6 7 8 9 10 11 13 18 19 20 22 25 26 28 30 31 35 36 38 39 40 42 43 46 47
266  4 5 8 13 16 17 20 21 24 27 28 30 31 32 34 35 36 37 39 41 42 43 46 49 50
267  1 2 4 6 7 9 11 12 13 14 15 16 18 19 23 25 26 27 28 29 30 31 32 34 35 36 38 40 41 42 43 46 47 48 49 50
268  0 1 3 4 5 6 9 11 16 17 18 20 22 23 26 27 28 29 32 33 35 36 37 38 39 40 44 45 46 47 48 49
269  1 3 4 5 7 8 9 13 14 15 16 17 18 19 20 25 27 28 29 31 32 34 35 36 38 39 40 42 43 44 46 49 50
270  0 1 3 4 6 8 10 13 15 16 18 19 20 21 22 24 25 26 27 28 29 30 35 36 38 39 40 42 43 44 45 46 47 50
271  0 1 2 3 4 5 8 9 11 12 14 15 16 17 18 20 26 27 28 32 34 35 36 38 39 40 41 42 43 44 46 47 48
272  1 3 6 7 8 9 13 14 15 16 20 21 22 23 24 26 28 29 32 34 36 38 39 40 42 43 44 45 48 49 50
273  0 1 3 4 5 8 9 13 15 16 19 20 22 24 25 27 28 30 32 35 36 37 38 39 40 43 46 47 50
274  0 1 2 3 4 6 7 8 9 14 15 16 19 22 23 26 27 28 29 30 32 36 38 39 42 43 45 46 47 50
275  4 5 6 10 13 19 20 21 22 23 24 25 28 29 30 35 37 38 39 40 42 43 44 45 47 48
276  0 1 2 3 4 6 8 9 14 15 16 17 18 21 23 24 26 28 29 32 36 37 38 39 41 48 49 50
277  0 1 8 10 13 15 17 18 19 20 21 22 26 27 28 29 31 32 35 36 37 38 40 41 42 43 44 46 47 49 50
278  1 2 3 5 7 9 11 13 16 17 18 21 23 26 27 28 29 30 36 39 40 42 43 44 45 46 48 50
279  0 1 2 6 7 8 9 10 13 20 22 24 25 26 27 28 29 32 36 37 39 41 43 44 45 46 48 50
280  0 3 5 6 7 8 9 10 11 14 17 19 20 23 27 28 29 32 35 38 39 42 43 46
281  0 1 3 4 5 6 7 8 9 10 14 15 16 18 19 20 21 22 24 26 29 35 37 38 39 40 41 42 43 45 46 48 49 50
282  1 3 4 6 7 8 9 10 11 13 18 19 20 21 22 23 24 26 30 34 35 36 37 38 39 42 43 44 45 46 47 48
283  0 3 5 7 9 10 12 13 14 15 17 18 19 20 25 26 27 29 35 36 37 38 39 40 41 42 43 44 45 47 49 50
284  1 2 5 6 7 9 16 18 19 20 24 26 27 29 30 32 35 38 39 40 43 44 45 47 48 49 50
285  3 4 5 6 7 8 9 10 13 15 16 17 19 20 21 22 23 24 26 27 28 30 32 35 36 37 38 40 41 44 45 46 49 50
286  0 1 2 3 4 5 6 8 9 13 14 15 17 18 20 21 23 24 26 27 28 29 30 32 33 36 37 38 39 41 43 46 48 50
287  0 1 3 5 7 9 10 12 13 14 16 17 18 19 20 24 25 26 28 29 30 36 38 39 42 43 44 49 50
288  1 2 3 4 6 7 8 9 14 15 16 18 19 20 21 22 23 27 28 29 32 33 35 36 37 38 39 40 41 42 43 45 47 49 50
289  0 1 2 3 5 6 13 14 15 16 19 20 21 22 23 24 28 29 30 33 35 39 40 41 42 44 46
290  1 2 3 4 5 6 9 10 12 17 18 19 20 26 27 28 29 32 35 38 39 42 45 46 49 50
291  0 1 4 5 6 9 13 14 15 19 21 22 23 26 27 28 29 30 32 33 35 36 38 43 44 45 46 48 49
292  0 1 2 3 5 6 9 13 14 16 19 20 21 22 25 26 27 28 29 31 32 34 35 36 37 39 40 42 43 44 45 46 47 48 49 50
293  1 2 3 5 6 7 8 10 11 13 15 16 19 20 22 24 27 28 32 35 36 38 41 42 44 46 47 49 50
294  0 1 2 7 10 12 13 16 20 21 24 26 27 28 38 39 40 41 43 44 46 48 50
295  1 2 3 5 6 7 9 13 15 18 19 20 22 23 24 27 28 29 30 32 34 38 40 41 42 43 44 47 48
296  1 2 3 9 11 13 15 16 20 21 22 23 24 26 27 28 29 32 33 35 38 39 42 43 44 46 50
297  0 1 2 3 4 5 7 9 13 14 17 19 20 23 27 28 30 32 33 35 37 38 39 40 41 42 43 44 46 49 50
298  0 1 2 3 5 8 9 10 14 17 18 19 20 21 24 26 27 29 30 32 33 35 36 38 39 40 41 43 44 46 47 50
299  1 2 3 5 6 7 8 9 13 14 19 20 21 22 27 28 29 30 33 34 36 38 39 40 41 42 43 46 48 50
300  0 1 4 8 10 13 14 15 16 17 19 21 22 24 25 26 27 28 29 33 35 37 38 39 41 42 44 46 49 50
301  0 1 3 4 5 6 7 8 9 10 11 14 15 18 19 20 21 29 30 31 35 36 38 39 40 41 43 44 46 49 50
302  0 1 3 4 5 6 7 8 9 13 15 16 18 19 20 21 24 25 26 27 28 29 33 35 36 38 41 42 45 46 47 49 50
303  0 1 2 3 4 5 8 10 11 12 13 14 15 16 17 18 19 20 23 24 26 27 28 35 36 37 38 39 42 43 44 45 46 49
304  1 2 4 5 6 8 9 10 13 14 15 17 20 26 27 28 31 36 38 39 40 41 42 44 45 46 48
305  0 1 3 5 8 9 11 14 16 17 19 20 21 22 23 24 27 28 30 33 34 36 38 39 41 43 44 45 46 49
306  0 1 2 3 4 5 6 8 9 10 13 16 18 19 20 21 24 27 28 29 35 38 39 41 42 46 47 48 49 50
307  1 2 3 5 6 9 10 12 13 14 15 17 19 20 21 23 24 25 26 27 28 29 30 32 33 36 37 39 40 42 46 47 48 49 50
308  2 3 5 6 8 9 11 13 16 18 19 21 26 28 30 32 36 40 41 43 45 47 50
309  1 2 3 4 5 6 7 8 9 10 13 16 17 19 20 22 24 26 28 29 30 32 36 39 40 41 42 43 44 46 47 48 49 50
310  0 1 2 3 5 6 7 9 10 13 14 16 17 18 20 23 24 26 29 31 35 37 38 39 42 43 44 46 48 50
311  1 2 3 4 6 7 8 9 10 13 14 16 17 19 20 21 27 28 29 30 35 36 39 40 42 43 46 47 48 50
312  2 3 8 9 11 13 14 15 17 19 20 24 25 26 27 28 29 35 38 39 42 43 46 47 49 50
313  1 3 5 8 9 13 15 19 21 22 24 26 27 28 29 30 35 37 39 41 42 43 44 46 50
314  1 8 9 13 16 17 19 23 24 25 27 28 30 35 37 38 40 41 42 46 47 49 50
315  0 1 2 3 5 9 12 13 14 15 17 18 19 20 21 22 23 24 26 29 32 35 36 37 38 39 41 42 43 44 45 46 47 48 49 50
316  1 3 4 5 9 10 13 14 16 19 20 21 22 26 29 31 32 34 35 36 38 39 42 45 49
317  1 3 5 8 9 13 15 16 18 19 20 23 24 26 27 29 30 33 34 36 38 39 40 41 42 43 44 46 49
318  2 7 8 9 10 12 13 14 15 17 18 19 21 23 25 26 27 30 35 36 42 43 45 46 47 49 50
319  0 1 3 5 6 7 8 9 11 12 13 16 17 22 23 24 27 28 32 35 36 38 39 40 46 47 49 50
320  0 1 2 3 5 7 9 13 15 18 19 20 22 23 25 27 29 30 35 36 37 38 39 40 41 42 43 44 46 48 50
321  9 11 13 16 18 19 20 21 24 25 28 29 30 31 32 33 34 35 36 38 39 40 42 44 46
322  0 1 2 6 7 8 9 10 13 14 15 17 19 22 24 25 26 27 28 29 30 31 32 35 36 38 39 40 43 44 45 46 47 48 50
323  0 1 3 4 5 7 10 11 17 19 20 21 22 27 29 30 32 35 36 37 39 41 42 46 47
324  2 3 4 7 9 13 14 17 19 20 26 28 30 32 35 36 38 39 40 42 43 46 47 50
325  0 5 7 8 9 10 17 20 21 24 25 26 28 30 31 32 35 36 38 40 41 42 43 44 45 46 47 48
326  0 1 2 3 5 9 14 15 18 19 20 22 23 24 26 29 30 37 38 39 40 42 43 45 46 47 49 50
327  0 1 5 7 9 10 12 13 15 16 17 20 22 23 26 27 28 29 30 34 35 36 38 42 43 44 46 49 50
328  3 4 5 6 7 8 9 11 13 15 19 20 22 23 24 26 27 30 32 36 37 38 40 42 44 45 46 47 49 50
329  0 1 5 6 9 10 13 14 15 17 18 19 23 27 28 35 36 38 39 42 43 44 46 47 49 50
330  0 1 5 6 8 9 10 11 13 14 16 17 19 20 21 26 27 28 29 30 31 32 35 36 37 38 39 40 41 42 43 45 46 49
331  1 2 5 7 8 9 13 15 18 19 20 22 23 26 28 30 31 35 36 38 39 40 42 43 46
332  1 5 6 7 9 10 11 13 14 19 20 21 22 26 27 28 32 34 35 36 38 39 40 41 42 43 44 45 46 47 48 49 50
333  0 3 4 7 8 10 13 15 20 22 23 24 26 27 28 30 32 35 36 39 40 41 42 44 45 46 47 48 50
334  0 3 5 6 7 8 9 10 13 16 17 18 19 26 27 28 29 31 33 34 35 36 38 39 40 41 43 44 46 48 49 50
335  1 2 3 6 8 9 10 11 14 17 19 20 21 22 23 24 26 27 28 30 35 36 39 40 42 44 46 48 49 50
336  0 1 3 5 6 7 8 9 11 12 13 14 19 20 21 23 25 27 28 29 31 35 36 38 39 40 41 42 43 44 45 46 48 49 50
337  1 2 3 4 7 8 9 13 16 17 20 21 23 26 27 28 29 30 35 36 38 39 41 42 43 44 46 47 50
338  1 2 3 5 8 9 10 13 14 18 19 20 22 24 25 26 27 29 30 32 33 35 36 37 39 40 42 44 46 47 49 50
339  0 1 2 4 5 7 14 18 19 22 23 27 28 33 35 36 37 39 40 42 43 46 47 50
340  0 1 3 5 7 8 9 10 12 13 14 15 18 19 20 21 23 26 28 29 35 36 38 40 41 42 43 46 50
341  1 2 3 5 6 7 9 13 17 19 22 23 24 26 27 28 29 31 35 37 39 40 42 46 47 48 50
342  1 9 11 13 15 19 20 21 22 23 24 26 27 29 30 34 35 36 37 38 39 42 43 44 45 46 47 48 49 50
343  0 1 4 6 9 19 21 24 26 27 29 30 32 35 36 38 42 44 45 47 50
344  0 1 2 3 5 6 7 9 10 17 20 21 24 26 27 28 30 31 35 39 40 42 43 44 45 46 47 49
345  0 1 2 3 5 6 9 10 13 15 17 19 20 21 22 24 26 27 28 29 32 35 36 37 38 39 40 41 43 45 47 48
346  1 3 6 7 8 9 11 12 19 21 23 24 25 26 27 28 29 30 31 32 33 34 35 36 38 39 41 42 43 46 47 50
347  0 1 2 6 7 8 9 13 17 19 20 22 26 27 29 32 33 35 36 37 38 39 40 42 43 44 45 46 47 48 50
348  0 1 3 4 6 8 9 10 14 19 20 22 24 25 28 29 30 33 35 36 37 39 40 42 44 46 49
349  3 4 6 8 9 10 12 13 16 19 20 21 22 23 24 27 29 33 34 36 38 39 40 41 42 43 44 46 47 48 49
350  2 3 4 5 6 8 9 10 15 18 20 21 22 23 25 26 28 29 30 32 33 36 37 39 43 44 45 46 49 50
351  0 1 2 3 4 5 6 7 10 11 13 14 16 20 24 26 27 29 30 32 33 34 36 37 38 40 41 42 46 50
352  0 1 2 5 7 9 10 15 17 18 19 20 22 23 24 26 28 29 31 32 35 36 37 38 39 42 43 44 45 46 50
353  0 1 2 3 5 8 9 13 14 19 20 22 23 24 25 26 28 29 32 34 35 36 38 39 42 43 44 45 46 48 49 50
354  1 2 3 5 9 10 11 12 13 14 15 16 18 20 24 25 26 27 28 29 32 35 36 38 39 40 41 42 44 47 48 49 50
355  1 2 3 6 7 8 12 17 19 20 21 22 24 25 26 27 28 30 32 36 37 38 41 43 44 45 46 48 49 50
356  2 3 4 5 6 7 9 11 13 14 15 16 17 20 23 26 27 28 29 30 31 32 35 36 37 39 41 42 43 46 47 49
357  1 2 3 7 9 10 13 14 19 20 21 22 23 27 29 33 35 36 38 39 40 41 43 46 47 48 49 50
358  3 4 6 8 9 10 11 13 15 17 19 20 24 25 26 27 28 29 31 33 38 39 42 43 46 50
359  0 3 5 7 9 15 16 18 19 23 24 26 27 29 30 31 35 36 38 39 40 42 43 45 47 48 49 50
360  0 1 2 3 4 5 6 7 13 16 17 19 20 21 23 24 26 27 30 31 32 35 37 38 39 41 42 43 44 45 46 47 48 49 50
361  2 3 4 5 9 11 12 13 14 16 17 18 19 23 24 25 26 30 32 33 35 36 39 41 42 44 46 47 49 50
362  0 3 4 6 8 9 14 17 18 20 21 22 25 26 28 30 34 35 36 38 39 42 43 46 48 49
363  0 1 7 9 10 13 14 15 17 18 19 20 22 23 24 27 28 29 32 33 34 35 36 38 40 41 42 43 44 45 46 48 49 50
364  0 1 2 3 6 7 8 9 16 20 21 23 24 26 27 31 32 34 35 36 38 39 40 41 42 43 44 45 46 49
365  0 1 2 3 6 7 8 10 13 14 15 17 18 19 20 21 22 23 26 27 28 31 32 34 35 38 39 42 43 44 46
366  1 4 5 7 8 9 14 17 20 23 26 27 30 32 35 36 38 40 43 45 46 47 48 49 50
367  0 1 2 3 4 5 7 9 10 13 14 15 17 19 20 21 24 26 27 29 30 35 36 38 40 41 42 43 45 46
368  1 2 3 4 5 9 10 16 19 21 22 23 25 26 27 28 29 37 38 41 42 43 45 46 47 48 49
369  1 5 6 7 9 14 16 19 20 21 22 23 24 26 27 28 29 31 32 35 36 39 40 42 43 44 47
370  2 5 7 8 10 12 16 17 18 20 21 22 23 26 27 28 29 31 35 36 38 39 41 42 44 45 46 47 50
371  0 1 4 5 9 14 16 17 19 20 21 24 25 26 27 29 30 33 35 36 37 38 39 40 43 46 47
372  0 1 3 4 6 7 8 9 10 11 12 16 17 19 25 26 27 28 33 36 37 39 40 43 44 45 46 48 50
373  0 1 2 3 5 6 8 9 13 14 16 18 19 22 27 29 30 32 35 37 38 39 40 41 42 43 44 45 46 49
374  1 2 4 5 6 8 9 13 15 19 20 21 22 23 26 27 28 29 32 36 38 39 40 42 43 46 47 48 49 50
375  1 3 4 5 10 13 15 16 18 20 21 22 24 26 28 29 30 31 32 35 37 38 39 40 46 47 48 50
376  0 1 6 8 9 13 15 16 19 21 22 23 24 26 27 28 29 30 31 34 35 36 37 39 40 41 44 45 46 48 50
377  1 2 4 5 6 7 8 9 10 12 13 15 17 19 20 21 22 23 24 26 27 28 29 34 35 36 38 42 43 45 46 48 50
378  1 2 3 4 5 8 9 10 11 16 18 19 20 21 22 23 25 26 27 29 30 32 34 35 36 38 40 42 45 46 47 48 49 50
379  0 1 4 7 8 9 11 12 13 16 19 21 24 26 27 28 29 30 36 37 41 42 44 46 50
380  0 1 2 3 5 6 7 15 16 17 24 27 28 29 30 35 36 37 38 39 41 42 43 47 50
381  1 2 3 5 6 7 9 13 14 16 18 20 21 24 26 29 30 32 33 35 36 37 38 39 43 44 45 46 47 48 50
382  1 3 4 8 9 10 15 19 20 21 23 24 26 27 28 29 32 36 42 43 44 46 47 48 50
383  0 1 2 3 5 7 10 13 14 16 17 18 22 23 24 26 27 28 29 34 35 36 38 39 40 42 44 46 47 48 49
384  0 3 5 7 14 16 18 19 20 21 22 23 26 27 28 30 35 36 37 39 41 42 43 44 50
385  1 3 5 6 7 10 13 14 18 19 20 22 26 27 28 29 34 35 36 37 38 39 40 41 42 43 46 47 48 49 50
386  1 5 6 7 8 9 10 16 20 21 23 24 26 27 30 32 33 35 36 37 38 39 48 50
387  1 2 5 8 9 10 11 15 16 17 18 19 21 22 23 24 26 27 28 29 30 31 35 36 38 39 42 43 44 45 47 49 50
388  1 2 4 5 6 7 8 9 10 13 14 15 18 20 22 23 25 26 28 29 30 32 35 37 38 39 41 42 43 44 46 47 48 50
389  0 1 2 3 5 7 8 9 16 19 21 22 24 26 27 28 29 36 39 40 41 42 44 47 48 49 50
390  0 1 3 4 5 6 7 8 9 12 19 20 22 25 26 28 30 32 35 38 39 40 41 42 43 46 48 50
391  1 5 8 9 10 13 15 16 17 18 22 23 24 26 27 28 30 32 36 40 42 43 46 48 50
392  1 2 5 6 7 8 9 14 17 18 19 23 24 26 28 35 36 38 39 40 46 47 49 50
393  1 3 4 5 7 9 10 13 16 19 20 21 23 24 26 29 30 31 35 37 38 39 40 44 45 46 47 50
394  0 1 2 3 7 10 11 16 17 18 19 20 21 22 23 24 27 28 29 31 32 34 35 37 38 39 40 41 42 43 44 45 46 47 48 49 50
395  2 3 5 7 9 10 11 12 13 15 19 21 24 26 27 28 29 32 35 36 37 39 42 44 45 46 47 50
396  0 1 3 4 6 8 9 13 14 16 17 19 20 21 23 24 25 26 27 28 32 34 35 38 39 40 42 43 44 45
397  0 1 2 3 5 6 8 9 12 16 17 19 20 21 26 28 29 30 35 37 38 39 42 43 44 45 46 50
398  1 2 3 4 5 6 9 10 12 13 15 16 17 19 21 22 23 24 26 27 28 29 31 32 34 35 36 38 39 40 41 42 44 45 47 49 50
399  0 3 5 7 10 11 13 14 15 18 20 21 24 26 27 34 36 38 39 42 44 45 46 47 48 49
400  1 2 3 4 5 6 7 9 12 13 15 19 20 21 26 27 28 30 31 32 35 36 38 43 46 49 50
401  1 2 4 14 18 20 21 22 26 27 30 32 33 36 37 39 40 41 42 43 46 47 48 49 50
402  1 2 3 5 7 8 9 10 14 18 20 21 22 23 27 29 30 32 33 34 35 36 37 38 39 43 46 49 50
403  1 2 3 4 9 10 14 15 19 20 23 25 26 27 28 29 34 35 36 38 39 40 42 43 44 45 46 47 48 49 50
404  1 3 4 5 7 9 10 13 18 19 20 21 22 23 26 28 29 30 32 35 36 38 39 40 41 42 43 44
405  0 1 3 4 5 9 13 14 15 16 18 19 21 22 25 28 29 33 35 37 39 40 41 42 43 45 49
406  1 3 4 5 6 7 8 9 15 16 17 18 19 21 26 27 28 29 32 35 36 37 39 40 44 45 46 48 49
407  0 1 3 5 6 9 10 13 16 19 21 23 25 26 28 31 35 36 38 39 42 43 44 46 47 50
408  0 3 4 8 9 14 15 16 18 19 22 25 29 32 34 35 36 37 38 41 43 45 46 50
409  1 2 3 5 7 8 9 13 17 18 19 20 24 25 26 27 32 34 38 39 44 45 46 49
410  1 2 3 4 5 6 9 10 14 15 18 20 21 23 24 25 28 31 32 35 36 37 38 41 42 44 46 49 50
411  0 3 4 5 9 10 11 12 13 14 16 18 20 22 24 26 27 28 29 35 36 38 39 40 42 45 46 49
412  0 1 2 3 5 7 8 9 11 15 18 19 20 21 23 26 27 32 34 35 36 45 46 47 48 50
413  0 1 8 9 10 13 17 18 19 20 22 27 28 29 30 32 35 36 38 39 40 42 43 48 49 50
414  1 2 3 6 9 13 14 16 19 20 21 23 24 25 26 30 32 34 35 36 38 39 42 43 46 47 48 49 50
415  0 2 3 5 8 9 10 13 17 18 19 22 23 24 27 29 33 34 36 37 38 39 42 43 45 46 50
416  0 3 4 5 7 8 9 10 12 13 15 16 18 19 20 21 23 24 27 28 31 32 35 36 37 38 39 41 42 43 44 45 46 48 50
417  1 3 4 5 8 11 13 17 20 22 24 25 26 27 29 30 34 35 36 38 39 40 41 42 43 44 46 47 50
418  0 1 2 3 10 11 13 14 17 19 20 23 27 29 33 35 36 38 39 40 41 42 43 46 47 49 50
419  1 3 4 5 6 8 9 12 13 14 16 19 20 22 23 26 27 29 35 36 39 40 41 42 43 44 45 46 47 48 50
420  0 1 3 5 9 10 12 14 16 19 20 22 24 28 29 30 34 35 38 39 40 42 43 46 47 48 49 50
421  0 3 4 6 7 10 11 13 14 15 16 18 21 22 24 26 28 29 31 35 36 37 38 39 42 43 44 45 46 48 50
422  0 1 5 8 9 11 13 14 16 18 19 20 21 22 23 26 27 28 30 32 33 36 37 38 39 40 42 43 47 48
423  0 1 2 4 5 6 7 8 12 14 16 20 22 23 24 28 29 30 31 33 35 37 38 39 41 42 43 44 45 46 47 48 49 50
424  0 1 3 6 8 9 13 15 18 19 20 21 22 24 26 27 29 30 35 36 38 39 40 42 43 45 50
425  0 1 3 5 14 16 17 19 20 21 23 24 27 28 29 30 34 35 37 38 39 41 42 43 44 45 46 47 50
426  0 2 3 5 6 7 9 10 13 14 15 17 19 20 22 26 27 30 34 35 36 37 39 41 42 43 46 47 48 50
427  1 2 3 5 6 7 9 10 12 13 18 19 25 26 29 32 35 36 38 39 40 41 45 46 47 48 50
428  2 3 4 5 7 9 10 13 14 16 19 21 22 24 26 27 28 29 30 31 33 34 35 36 37 38 42 45 46 47 48 49 50
429  1 5 6 7 8 9 10 13 15 16 17 19 20 26 27 28 29 30 34 35 36 38 39 40 42 46 50
430  0 1 5 6 7 9 10 13 14 15 17 18 19 20 21 24 25 28 29 31 32 35 36 39 40 42 43 44 45 48 50
431  0 1 2 3 4 5 8 9 10 11 13 17 18 19 21 22 26 27 29 30 35 36 38 39 40 41 42 44 46 48 49 50
432  0 4 5 10 12 13 15 19 20 22 23 24 25 26 27 28 30 32 35 38 39 41 42 43 45 46 47 49 50
433  0 1 3 4 6 7 8 10 11 13 17 20 21 22 26 27 28 29 33 34 35 36 38 42 44 45 48 49
434  1 5 6 7 8 9 14 15 16 18 19 20 26 27 28 29 30 32 35 36 37 38 39 40 42 44 45 47 48
435  0 1 3 5 7 9 12 13 15 18 19 20 21 22 23 24 25 26 27 28 29 32 34 35 36 38 39 41 42 43 47 49 50
436  0 2 3 4 5 6 7 10 13 14 15 18 19 20 21 23 24 25 27 28 29 30 34 35 36 37 39 40 42 45 46 48 50
437  0 1 2 3 4 5 6 7 9 10 12 13 14 16 17 19 20 22 23 26 27 28 32 34 35 36 37 38 39 40 42 43 45 46 48 49 50
438  0 1 3 5 7 8 9 10 13 14 15 18 20 22 23 26 27 28 29 30 31 32 33 34 36 37 38 41 42 43 46 49 50
439  0 1 4 5 7 10 11 13 14 17 18 19 20 23 26 27 28 29 30 36 38 39 40 41 42 43 44 45 46 49 50
440  2 5 8 9 10 13 15 18 19 20 21 26 27 28 29 30 33 35 36 41 42 45 46 49 50
441  0 2 3 4 6 7 8 9 11 16 17 18 19 20 21 22 23 24 27 29 34 36 39 45 46 47 48 49 50
442  1 2 4 5 7 8 10 12 13 17 19 20 23 27 28 29 31 32 35 36 39 40 41 42 43 45 46 47
443  0 1 2 5 8 9 10 12 13 14 16 18 19 20 22 23 24 25 27 28 31 32 35 37 38 39 40 46 49 50
444  6 8 12 15 16 18 25 26 27 28 29 32 35 36 39 40 42 43 45 48 50
445  2 3 4 5 7 8 9 11 13 14 15 16 20 22 23 24 25 26 27 28 29 30 34 36 37 38 39 40 42 44 45 46 48 49 50
446  2 3 4 5 7 9 10 13 14 15 16 19 20 22 26 27 28 29 32 35 36 38 39 40 41 42 43 46 47 48 49
447  1 2 4 5 6 7 8 9 10 12 13 15 16 17 19 20 23 24 25 28 29 35 36 37 38 39 40 41 42 43 44 46 49 50
448  1 2 3 5 6 7 10 13 15 16 18 19 20 22 26 27 28 29 35 36 37 39 42 43 44 45 46 49 50
449  0 1 2 3 4 5 9 10 11 12 13 14 18 19 26 27 29 31 34 35 36 38 39 40 41 42 43 45 46 49 50
450  0 1 2 3 4 5 6 8 9 12 16 18 19 20 22 23 24 27 28 29 30 32 35 36 38 39 40 42 43 44 47 50
451  3 4 5 7 9 10 12 16 17 19 20 24 26 27 29 30 32 36 38 41 43 46 47 48 49
452  1 2 4 5 7 8 9 11 13 14 15 16 17 18 19 25 26 27 28 30 32 33 34 35 36 37 38 39 42 43 44 46 47 48 49 50
453  1 3 4 6 8 9 11 13 17 19 20 26 28 30 31 36 38 39 41 42 43 45 46 48 49 50
454  0 1 2 3 5 6 7 9 13 14 15 16 18 19 20 21 22 24 26 27 29 30 31 32 37 38 39 40 41 42 46 47 49 50
455  0 1 2 3 5 6 8 9 11 14 15 16 18 19 20 22 23 24 26 27 28 32 33 35 36 38 39 40 42 45 46 47 49
456  3 5 7 10 13 16 17 19 20 21 24 26 27 28 29 30 33 35 36 37 39 42 44 46 50
457  0 1 2 3 4 5 9 10 11 15 16 19 20 22 24 27 28 29 31 32 35 39 42 43 45 46 47 48 49 50
458  1 3 4 5 6 7 8 9 10 11 13 14 15 16 18 19 20 21 22 23 27 29 30 31 35 36 38 41 43 44 45 46 48 50
459  1 2 4 5 6 8 9 10 11 14 17 18 19 20 26 27 29 30 32 36 37 39 42 43 44 50
460  2 3 6 10 13 14 15 17 19 20 21 23 26 27 28 29 35 36 39 41 42 43 45 47 48
461  0 1 3 5 6 9 10 13 14 15 19 20 24 25 26 29 30 31 33 35 39 41 42 43 44 45 46 47 48 50
462  0 1 3 4 5 7 9 13 15 16 20 21 23 24 27 36 39 40 46 48 49 50
463  0 1 4 5 7 9 13 15 16 19 20 21 23 27 30 32 33 34 35 36 38 39 40 41 42 46 47 48 49 50
464  1 2 3 4 5 7 8 9 11 12 13 14 15 17 18 22 23 24 26 27 28 29 30 31 32 35 36 37 38 39 40 42 43 44 45 49 50
465  1 3 4 5 6 7 8 9 10 12 13 16 17 18 19 20 21 24 26 27 28 30 32 35 38 40 41 43 44 45 46 47 49 50
466  1 2 5 6 10 13 15 19 20 21 22 23 24 27 28 29 32 35 38 39 40 41 42 43 44 45 46 47 49 50
467  0 1 3 5 6 9 12 13 15 18 19 20 24 26 27 29 31 32 35 36 37 39 40 41 42 45 47 50
468  1 2 3 5 7 8 9 13 15 18 19 22 23 24 26 27 28 31 32 35 36 39 42 43 44 45 46 47 48 49 50
469  1 3 4 5 6 8 11 12 13 14 15 17 18 19 20 23 26 27 28 29 30 32 33 34 35 36 37 38 39 42 43 46 47 48 49 50
470  0 1 5 9 10 12 13 15 18 19 20 24 26 27 28 31 32 36 38 39 40 41 42 43 44 45 46 47 48
471  3 5 6 7 9 11 13 14 15 16 18 19 20 21 22 23 25 26 27 29 30 34 35 38 40 41 42 43 44 45 46 48 49 50
472  3 4 5 9 10 13 15 17 19 20 22 23 24 26 27 28 29 32 38 39 40 41 42 43 46 48 49 50
473  1 3 5 7 8 9 13 14 15 16 17 18 20 21 22 23 24 26 27 28 29 30 33 35 36 38 39 40 41 42 43 50
474  0 1 2 3 5 6 9 13 14 18 19 21 24 26 28 29 36 37 38 39 40 41 42 43 44 45 46 49
475  0 1 2 3 4 6 8 9 12 14 18 24 26 27 28 29 30 32 35 36 37 38 39 40 41 43 46 47 48 49 50
476  1 3 8 9 16 17 18 19 20 21 23 25 27 28 29 33 36 37 38 39 40 46 47 48 49
477  0 1 3 4 5 9 13 15 17 18 19 20 21 22 23 26 28 29 30 31 32 36 37 38 39 42 43 46 48 49
478  4 7 8 14 15 16 18 19 20 23 24 26 27 28 29 33 35 36 38 39 42 43 46 48 50
479  0 2 3 4 8 9 13 16 18 19 20 21 22 23 24 26 27 28 29 30 32 35 36 37 40 42 43 44 45 46 49
480  0 1 2 3 4 6 7 8 9 10 11 12 13 15 16 17 19 20 21 23 24 27 28 29 30 32 33 35 36 38 39 40 41 42 43 45 46 47 50
481  1 2 3 4 5 13 15 16 19 20 21 24 25 26 28 29 32 35 36 38 39 40 41 42 43 44 46 48 49 50
482  1 2 3 5 6 8 9 10 13 14 16 17 20 23 24 25 28 33 35 37 38 40 42 43 44 45 46 47 48 50
483  1 2 3 4 5 8 9 10 11 13 16 17 18 19 20 21 22 25 26 27 28 30 31 33 35 36 37 38 39 40 42 43 44 46 47 50
484  1 2 3 6 7 8 10 13 15 16 17 18 20 21 23 26 27 28 29 34 36 37 41 43 44 45 46 49 50
485  0 1 3 5 8 9 10 12 13 15 17 19 20 25 27 28 29 30 35 37 38 39 40 42 43 45 46 49
486  0 3 9 11 12 13 14 15 18 20 22 24 26 28 30 33 35 36 38 40 43 46 47 48 50
487  1 3 5 9 13 14 17 19 20 22 23 24 26 28 29 30 31 34 36 38 39 42 43 48 50
488  5 9 10 12 13 15 16 18 19 20 22 23 24 27 28 29 30 31 32 35 36 37 38 39 41 42 43 45 48 49 50
489  3 4 5 6 8 9 12 13 14 15 16 17 18 19 20 21 22 24 28 29 30 37 38 39 40 43 44 45 46 50
490  1 2 4 5 6 7 8 9 10 13 14 15 18 19 20 22 24 25 29 36 39 40 41 42 43 45 46 50
491  1 3 7 9 10 13 17 18 19 20 21 24 27 28 29 30 31 32 35 36 37 38 41 42 43 44 45 46 48 50
492  0 1 2 3 5 6 13 15 17 18 19 23 26 28 29 32 35 37 38 39 44 45 46 47 48 50
493  0 1 2 3 4 5 7 9 13 15 16 19 21 22 26 27 29 30 32 34 35 36 38 40 42 43 45 49 50
494  2 3 4 5 6 7 9 11 13 19 26 28 29 30 34 35 36 37 38 39 40 41 42 43 45 46 49 50
495  0 1 3 4 5 6 7 8 9 10 11 13 17 18 20 22 24 27 28 29 30 32 36 38 39 40 41 44 45 46 48 49
496  1 3 4 5 7 9 10 13 15 21 22 23 27 29 30 33 35 39 40 41 42 43 44 46 50
497  1 2 3 4 5 6 7 8 9 10 12 13 15 18 19 20 21 22 23 25 26 27 28 30 31 34 36 38 39 40 41 42 43 46 47 48 49 50
498  7 10 12 13 14 15 16 17 19 20 24 25 26 27 29 32 33 35 37 40 41 42 43 44 46 47
499  1 2 3 5 6 8 9 10 11 16 19 20 23 24 26 27 28 29 30 35 36 37 38 39 40 42 46 47 50
500  1 4 7 9 10 13 14 15 16 17 19 20 21 22 23 24 27 29 32 34 35 37 38 40 41 42 43 46 47 48 50
501  0 1 2 3 4 5 6 7 9 13 14 20 21 23 24 27 28 29 30 33 35 36 37 38 39 40 41 42 43 48 50
502  1 2 3 4 5 6 9 13 14 18 20 22 23 24 26 27 28 29 34 35 37 39 41 42 43 44 45 46 47 50
503  1 3 4 5 6 7 8 9 12 13 14 16 18 19 20 21 26 29 32 35 37 38 39 40 42 43 45 46 47 50
504  0 1 2 4 5 6 8 12 13 14 18 19 20 26 27 28 34 35 36 37 38 40 42 43 45 48 49 50
505  1 5 7 8 14 15 16 18 19 20 21 23 24 26 27 29 30 35 37 38 39 42 43 45 46 50
506  0 1 2 3 5 6 8 9 10 11 13 15 17 18 20 21 22 23 27 28 29 35 36 38 39 43 44 45 46 48 49 50
507  1 4 5 6 9 13 16 17 19 20 22 23 26 27 32 36 37 38 39 41 42 43 44 46 47
508  0 1 2 3 6 9 10 13 16 17 18 19 20 24 26 27 32 35 38 39 41 42 44 46 50
509  0 1 3 4 5 6 8 9 10 13 14 15 18 19 20 21 24 26 27 28 29 33 35 36 38 39 46 48 49 50
510  0 2 3 4 5 8 10 11 12 16 18 19 20 21 22 24 28 30 31 34 35 37 38 39 40 44 45 46
511  1 2 3 4 6 8 13 18 19 20 21 22 23 26 27 28 29 30 36 38 39 43 44 46 47 48 50
512  0 1 3 4 6 8 13 14 15 16 17 19 20 26 27 28 29 32 34 35 36 37 38 39 42 43 44 45 46 49 50
513  2 3 4 5 7 8 9 11 13 14 15 16 17 19 20 23 26 28 29 35 36 37 38 39 40 42 43 44 45 47 49 50
514  0 3 4 5 7 8 10 13 15 16 19 20 27 28 29 30 32 34 35 36 37 38 39 40 42 43 46 48 49 50
515  0 2 3 5 6 7 9 11 13 14 16 20 23 26 28 30 31 32 33 35 36 37 38 39 40 41 43 44 45 46 47 48 49 50
516  0 1 2 3 6 7 8 9 10 18 20 21 22 24 25 26 27 29 30 35 36 39 42 43 44 45 46 49
517  1 3 4 5 6 7 9 10 13 17 19 20 21 24 27 28 30 32 35 36 37 39 40 43 44 46 47 49 50
518  0 1 2 6 7 8 9 13 14 15 18 20 21 23 24 26 27 28 29 34 35 39 40 42 44 46 48 49 50
519  1 2 3 7 9 10 12 13 16 17 18 20 21 22 26 27 30 31 32 35 36 38 39 40 41 42 45 46 48 50
520  0 1 3 4 5 6 8 12 13 15 17 18 19 20 22 23 25 26 27 28 29 30 31 32 33 34 35 36 38 39 41 42 44 45 46 47 48 50
521  1 3 4 5 8 9 10 13 14 16 18 19 20 23 26 27 28 29 32 34 35 36 37 38 42 47 49 50
522  2 3 4 5 9 12 13 14 17 18 19 20 23 24 28 29 34 35 36 38 39 40 41 45 50
523  0 1 2 4 5 10 11 12 13 18 19 21 26 27 28 29 30 31 32 34 38 39 41 42 43 47 49 50
524  0 1 2 3 4 9 10 13 15 17 18 19 20 24 26 27 28 29 30 32 35 36 41 42 43 44 45 46 47 48 49 50
525  0 5 7 9 11 13 16 17 19 20 21 22 23 24 28 30 31 35 36 38 39 41 43 44 45 46 47 48 49 50
526  1 2 3 4 6 7 9 10 17 18 19 20 23 27 28 30 35 36 38 39 42 43 46 49 50
527  3 5 7 9 13 14 15 16 17 18 19 20 21 22 23 24 25 26 27 28 29 32 34 35 36 38 39 40 41 42 43 44 45 46 47
528  1 2 3 4 5 6 9 10 11 12 13 15 17 19 20 23 24 27 29 30 31 32 34 35 36 37 39 40 41 42 43 44 45 46 47 48 49 50
529  0 1 3 4 6 9 10 12 13 14 16 17 19 20 23 24 26 27 29 35 36 37 38 41 42 44 45 46 48 49 50
530  1 2 3 4 7 8 9 11 13 14 16 17 20 21 24 27 28 29 30 34 35 36 39 40 41 43 46 50
531  0 1 3 5 8 9 12 18 19 20 21 24 26 27 29 30 32 35 36 38 39 40 41 42 44 45 47 48 50
532  0 2 3 5 6 9 10 11 13 14 19 20 22 23 24 26 27 32 35 36 38 39 41 42 44 46 50
533  1 2 5 9 13 18 19 20 21 22 23 26 27 28 30 31 32 34 36 37 38 40 42 43 45 46 48 50
534  0 1 3 5 6 9 10 13 15 20 22 23 24 26 27 28 29 32 35 36 37 38 39 40 41 42 44 46 50
535  1 3 4 5 8 9 10 15 18 19 21 22 25 26 28 29 30 32 34 35 38 42 45 46 47 48 49 50
536  0 1 3 4 6 8 9 10 12 18 19 20 26 28 29 30 32 35 36 38 40 41 43 45 46 47 48
537  2 3 5 7 8 10 12 13 14 15 16 18 19 20 22 23 24 25 28 29 30 31 34 35 36 38 40 42 46 47 50
538  1 3 5 6 7 10 11 13 14 20 22 23 24 26 27 28 29 30 32 36 38 40 41 43 44 46 47 48 49 50
539  0 1 3 4 5 7 9 12 19 23 24 26 27 28 30 32 35 36 37 39 41 42 43 46 47 49 50
540  0 4 5 6 9 13 16 18 20 21 23 24 27 28 29 32 35 36 39 42 43 45 46 48 50
541  0 1 2 5 6 7 8 9 10 13 14 16 19 21 23 24 26 27 29 30 35 37 39 40 42 44 45 46 47 48 50
542  1 3 4 5 9 10 11 12 15 22 23 27 28 29 34 35 36 38 40 43 45 46 48 49 50
543  2 3 4 5 8 9 10 13 14 15 16 17 19 20 21 24 25 27 30 31 32 35 36 38 39 40 42 43 45 46 49 50
544  2 3 4 5 6 7 8 9 11 13 16 17 18 20 21 22 24 26 27 28 29 35 36 37 39 42 43 44 45 46 48
545  1 4 5 6 7 8 9 10 13 14 16 20 21 22 23 24 26 29 32 33 34 36 37 38 39 42 43 45 48 49 50
546  0 1 2 7 8 9 13 14 19 20 23 24 25 27 29 34 35 36 37 38 39 41 42 43 44 46 47 48 50
547  0 2 3 5 8 9 13 17 20 21 23 25 26 28 29 33 34 35 38 39 40 41 42 43 44 46 47 48 50
548  1 2 5 6 8 10 12 13 15 19 20 21 24 27 28 29 32 33 35 36 37 38 39 41 43 44 47
549  1 3 4 5 6 8 9 10 13 15 16 17 18 19 20 21 23 24 26 27 28 29 30 31 33 34 35 36 38 40 45 46 48 50
550  2 3 4 5 9 12 13 15 19 20 21 22 23 25 26 27 28 29 30 32 35 36 37 38 39 40 42 46 47 49 50
551  1 3 5 6 8 9 13 15 17 18 21 23 26 27 29 34 35 36 37 38 39 40 44 45 46 48 49 50
552  2 4 7 8 9 11 16 19 20 21 23 26 27 28 30 31 32 35 37 39 41 42 43 46 47 49 50
553  0 1 2 3 5 7 9 11 13 14 15 18 19 20 26 27 30 33 35 38 42 43 47 50
554  1 5 6 8 9 10 11 13 14 16 19 20 23 27 29 30 31 32 35 37 39 40 41 42 43 44 45 46 49
555  0 1 2 3 4 6 7 8 9 12 14 15 16 18 19 20 23 26 27 28 30 32 36 39 40 43 46 47 49 50
556  1 3 6 7 8 9 13 14 18 19 20 21 23 24 25 26 27 33 35 36 37 39 40 41 42 43 44 46 47 49
557  0 1 3 6 7 9 10 13 15 16 19 20 21 22 23 24 26 28 29 32 35 36 37 38 39 40 41 42 43 45 46 47 48 49 50
558  1 3 4 5 7 8 9 13 15 18 22 26 27 29 30 35 36 38 39 40 41 44 45 46 47 48 49 50
559  1 4 5 6 8 9 10 13 14 15 17 24 27 28 29 32 36 38 39 41 42 43 46 49
560  1 2 3 5 6 9 10 11 13 14 15 17 18 19 20 24 26 27 28 29 30 32 36 37 38 40 41 44 46 50
561  1 5 7 8 9 10 12 13 14 15 16 17 18 19 20 23 27 28 29 31 37 39 41 42 43 46 47 48 49 50
562  1 2 3 5 6 8 9 10 12 13 14 19 23 24 26 27 28 29 35 36 37 39 41 42 43 44 47 49 50
563  3 4 5 6 9 10 12 14 15 16 17 19 20 22 24 26 27 30 32 33 35 38 39 40 43 45 46 47 50
564  0 1 7 9 13 14 16 17 19 21 23 24 26 27 28 30 32 33 36 39 40 41 42 47 49 50
565  0 3 4 5 6 7 8 9 10 20 22 26 28 29 32 33 34 35 36 37 38 41 43 45 46 48
566  1 3 4 5 6 8 9 10 11 13 14 16 18 20 22 23 24 26 27 28 29 35 36 37 38 40 41 42 43 46 47 48 50
567  0 3 5 6 11 12 13 15 17 19 20 22 24 26 27 28 32 33 35 36 37 38 39 40 43 47 48 50
568  0 1 5 7 8 9 10 12 13 14 15 16 17 25 26 27 31 32 33 35 36 37 38 43 44 46 48 49
569  1 3 4 5 6 8 9 10 12 14 15 16 18 19 20 22 23 27 28 29 30 33 35 36 37 38 39 40 42 43 45 47 48 50
570  0 1 2 3 5 7 9 13 15 16 19 20 25 26 27 29 30 35 36 38 39 40 41 42 43 46 50
571  0 1 3 5 9 10 11 13 14 16 21 22 26 27 28 29 30 32 33 35 36 37 38 41 42 43 44 45 46 47 48 49 50
572  0 1 2 3 5 10 13 14 16 17 18 19 21 22 23 24 26 27 28 34 35 36 37 38 39 42 44 45 47 48 49 50
573  1 2 3 4 5 6 9 13 14 15 17 18 19 20 23 24 25 28 29 32 35 38 39 43 44 46 48 50
574  1 2 3 5 6 7 8 10 13 17 18 19 20 23 25 26 28 30 32 33 35 36 38 42 45 46 47
575  1 3 5 6 8 9 11 13 14 16 17 18 19 20 21 22 23 24 27 28 29 38 39 40 43 44 46 49 50
576  1 3 4 5 7 8 10 11 13 15 17 20 24 26 27 29 30 33 35 38 39 41 42 43 44 46 47
577  1 3 7 8 9 10 12 13 15 16 24 27 29 32 34 35 36 38 39 40 41 42 43 44 45 46 47 48 50
578  1 2 3 5 6 7 9 13 14 15 17 18 20 22 25 26 27 28 29 30 32 35 36 37 38 39 40 42 43 44 47 49 50
579  1 3 4 5 7 9 11 13 16 17 18 20 23 24 26 27 28 29 31 34 35 36 38 39 40 41 42 43 46 49 50
580  1 3 5 6 7 9 13 16 17 18 19 20 21 22 23 26 27 28 29 30 31 35 38 40 42 44 45 46 47 48 50
581  1 5 6 9 13 14 15 16 17 19 20 21 24 26 27 28 29 32 36 38 39 40 42 43 46 47 49 50
582  1 2 3 4 5 6 7 8 10 12 13 14 15 16 21 23 24 26 27 28 29 30 31 35 36 37 38 39 41 42 43 45 46 48 50
583  1 2 5 7 8 10 13 14 15 20 21 22 24 26 28 29 30 31 35 36 37 38 40 42 43 44 46 47 50
584  1 2 3 4 5 7 8 9 10 11 12 14 16 17 18 19 24 25 27 28 29 34 36 37 38 39 41 46 48 50
585  0 1 2 3 5 7 9 11 13 16 17 18 19 20 21 22 23 24 26 28 29 30 31 35 36 37 38 39 42 43 44 45 46 47 48 50
586  1 2 3 5 7 10 12 13 14 15 19 20 21 23 26 27 28 29 30 35 37 39 41 42 43 44 45 46 48 49 50
587  1 3 6 9 10 13 16 20 22 27 28 29 31 32 33 35 36 38 39 40 42 43 46 47 48
588  1 2 3 4 7 8 9 10 11 12 15 16 17 18 20 21 22 26 27 28 29 30 32 33 34 36 37 38 39 40 43 45 47 50
589  0 2 5 6 9 10 15 17 18 19 20 23 24 26 28 29 30 32 35 36 39 40 41 42 43 45 46 47 49
590  0 1 3 4 5 6 7 8 9 10 13 14 16 19 20 21 22 23 24 26 27 29 30 35 36 38 39 41 42 43 44 46 48 49
591  0 1 3 5 6 7 8 9 13 14 16 18 19 20 21 25 26 27 28 29 32 35 36 38 40 41 42 43 44 46 47 48 50
592  1 2 3 5 6 8 9 13 16 17 19 24 26 27 28 29 32 36 37 39 41 42 43 44 45 46 47 50
593  0 1 3 4 5 6 7 13 15 16 17 19 20 24 25 26 27 28 29 30 31 32 33 34 35 37 38 42 43 48 49 50
594  0 1 3 5 7 9 10 11 13 14 15 16 17 18 19 20 23 24 27 28 29 31 33 35 36 38 39 40 41 42 46 48
595  2 3 4 5 6 8 9 10 12 14 17 23 25 26 29 30 36 37 38 39 41 42 43 45 47 48 49 50
596  0 1 3 4 5 8 10 13 14 16 20 21 22 24 25 26 27 28 29 31 32 34 36 37 38 39 42 44 46 47 48 50
597  0 1 3 6 8 9 10 12 13 14 15 17 20 21 22 23 27 28 29 36 38 39 41 42 43 45 46 48 49 50
598  0 1 3 5 6 7 9 12 13 14 15 19 20 23 24 27 28 29 30 34 36 39 40 42 43 45 47 48 50
599  1 3 4 5 7 8 9 10 11 13 14 15 16 19 20 21 22 23 26 28 30 31 32 35 36 37 39 40 41 42 43 44 45 46 47 48 49 50
600  3 5 6 7 9 10 13 16 17 18 22 24 26 28 29 30 35 38 40 41 42 44 45 46 47 48 49 50
601  1 2 5 6 8 9 13 14 15 16 17 20 21 22 23 26 29 31 32 35 37 38 39 41 42 43 46 49
602  0 1 3 5 7 8 9 10 18 19 25 27 28 29 31 35 36 38 39 42 47 48 50
603  3 6 7 9 10 12 13 14 15 16 19 20 24 26 27 28 29 32 34 36 38 39 41 42 43 44 46 49 50
604  0 1 3 4 5 9 12 13 14 16 17 18 19 22 26 28 29 32 36 38 39 40 42 43 46 47 50
605  1 3 5 9 11 13 15 16 17 19 20 21 22 23 25 26 27 28 29 30 32 33 35 38 39 40 41 42 43 44 46 49
606  0 2 3 5 6 7 8 10 13 19 20 21 24 27 28 29 30 36 39 41 42 43 44 45 46 48 50
607  0 8 10 12 13 14 15 16 17 19 21 23 25 32 35 36 38 39 40 42 43 45 48 50
608  0 2 3 5 7 8 9 13 16 19 20 21 26 27 28 29 31 32 35 36 38 39 40 43 47 50
609  0 3 5 6 7 9 14 15 16 17 18 19 20 21 22 26 28 29 33 35 36 38 39 40 44 45 46 47 48 50
610  0 2 3 4 6 9 12 13 14 16 19 20 22 26 28 29 35 36 37 39 40 42 43 44 45 48 49 50
611  0 4 9 10 13 14 16 17 18 19 20 21 28 30 32 34 36 37 39 40 43 44 48 49 50
612  0 2 4 5 6 8 12 13 14 15 16 22 24 26 27 28 29 31 35 36 38 39 40 41 42 43 44 49 50
613  1 3 4 5 6 8 9 10 11 12 14 15 17 18 20 21 22 23 27 28 30 31 33 34 35 36 37 39 44 46 47 49 50
614  0 1 3 7 8 9 10 11 14 15 16 17 18 19 20 21 23 24 26 27 29 31 35 37 39 42 43 44 45 46 50
615  0 3 4 5 7 9 10 16 17 20 21 24 26 27 28 29 32 36 38 39 40 41 42 44 45 46 47 49
616  0 1 3 4 6 7 8 9 12 13 14 15 18 19 22 23 26 28 29 35 36 37 38 39 42 43 44 46 47 48
617  3 5 6 7 8 9 13 14 16 18 19 20 23 24 26 27 28 29 30 31 35 36 38 39 40 41 42 44 45 46 48
618  2 3 6 7 13 19 20 24 26 27 28 29 35 36 39 42 43 44 46 47 48 49 50
619  1 2 3 6 7 8 9 14 15 17 20 26 27 30 32 35 36 37 38 42 43 44 45 48 49 50
620  1 3 4 5 6 8 10 11 12 13 14 19 20 21 22 24 25 27 30 35 36 37 38 41 43 44 45 46
621  0 1 2 5 6 7 8 9 10 11 18 19 20 21 22 25 27 28 29 32 35 36 39 41 42 43 47 50
622  0 1 2 3 5 6 7 12 13 17 18 20 21 29 35 36 37 38 39 41 42 43 44 46 47 48 49 50
623  1 4 5 6 7 9 10 11 13 14 15 17 18 19 20 21 22 24 26 27 29 30 32 35 36 37 39 40 42 43 44 47 48 49 50
624  1 2 3 5 6 13 17 18 19 20 23 26 27 28 29 31 34 36 38 39 41 42 44 46 48 50
625  0 1 2 8 9 11 12 13 17 18 19 20 24 26 27 28 29 30 33 35 36 37 39 40 41 42 44 46 47 48 50
626  0 1 5 6 13 14 18 19 20 22 24 27 28 29 30 33 36 37 39 42 44 45 50
627  1 2 5 6 8 9 13 16 17 20 27 28 29 35 36 38 39 40 42 43 44 46 47 50
628  0 1 2 3 4 5 6 8 9 12 13 17 20 23 27 28 29 36 38 39 41 42 43
629  0 1 2 3 4 5 9 13 17 18 19 20 22 23 24 25 26 28 29 33 34 35 36 37 38 40 42 43 44 45 46 47 48 49
630  0 3 5 8 9 10 11 12 14 15 17 18 19 21 24 26 27 28 30 35 36 39 40 41 42 43 44 45 46 49 50
631  1 2 5 6 9 13 16 18 20 21 22 26 29 30 32 34 35 36 39 41 42 43 44 45
632  0 1 3 5 7 8 9 13 14 15 16 19 20 21 24 26 30 35 36 38 39 40 41 42 43 48 49 50
633  1 2 4 5 7 9 11 13 17 18 19 22 23 26 27 30 33 34 35 36 38 39 40 41 42 43 45 46 48 50
634  0 2 3 4 5 6 8 9 10 12 14 15 17 20 21 22 23 24 25 26 27 28 29 30 35 37 38 39 41 42 43 47 48
635  1 2 3 5 6 7 8 9 10 13 14 17 19 20 21 22 26 27 28 30 32 35 36 39 40 41 42 43 44 45 46 48 50
636  1 4 5 7 8 9 13 15 19 20 21 22 24 26 27 28 29 30 31 32 35 38 39 40 41 42 43 46 47 50
637  0 1 2 3 4 7 8 9 10 11 12 13 14 15 19 20 22 23 26 27 29 30 35 38 39 40 41 42 44 45 46 50
638  1 2 4 5 6 7 10 11 12 13 16 19 20 21 22 27 28 29 30 35 36 37 38 39 40 41 42 43 45 48 50
639  3 4 5 7 8 12 13 14 16 17 19 20 21 23 26 27 28 29 30 32 37 38 39 42 43 44 45 46 47 49 50
640  2 6 7 9 14 15 16 18 22 23 24 26 27 29 30 32 35 36 37 38 39 40 42 43 44 46 47 50
641  0 1 2 3 5 8 9 10 12 15 19 20 23 24 26 29 30 31 34 35 36 40 41 42 43 44 45 46 47 48 49 50
642  0 1 2 5 6 7 8 9 10 13 16 17 19 20 22 23 24 27 28 29 30 32 35 36 38 39 44 47 48 50
643  1 5 6 9 13 18 19 20 21 23 24 26 27 28 29 30 31 35 38 39 40 44 46 47 50
644  1 4 13 15 16 17 19 20 21 22 23 26 27 28 30 31 36 37 38 39 40 42 45 46 50
645  1 2 3 5 6 7 8 9 12 13 14 19 20 21 25 27 29 33 36 38 39 41 42 43 46 47 49 50
646  1 2 3 4 5 6 8 9 12 13 15 16 17 18 19 20 23 24 26 27 28 29 32 33 35 36 38 39 40 42 43 44 45 46 49 50
647  1 2 3 5 6 9 10 11 13 14 15 18 19 20 21 22 23 26 27 28 29 30 32 35 36 37 38 41 42 43 44 45 46 49 50
648  0 3 4 5 6 8 9 10 11 13 14 16 17 19 20 22 26 28 29 34 35 36 38 39 40 41 42 46 47 48 49 50
649  1 2 4 5 6 9 13 14 15 17 19 20 21 25 27 28 30 33 35 36 38 39 40 41 42 43 45 46 47
650  1 3 5 6 7 9 10 12 15 16 18 19 20 23 24 27 28 29 30 33 35 37 38 41 42 43 45 46 47 50
651  0 1 5 8 9 10 13 14 15 16 17 19 21 22 23 26 27 28 34 35 36 37 38 41 42 43 45 46 47 50
652  0 1 2 3 5 6 7 8 9 10 12 15 16 18 19 20 21 24 25 26 27 28 29 35 36 38 39 41 43 44 45 46 47 48 50
653  0 3 5 6 7 9 10 13 15 21 22 23 28 29 32 35 36 39 40 41 43 44 49 50
654  1 2 3 5 6 7 8 9 10 13 14 15 16 19 20 21 23 24 25 26 29 32 35 36 37 38 39 43 44 48 49 50
655  1 3 4 5 7 8 9 10 11 12 13 14 16 19 20 21 23 24 26 27 28 35 36 38 40 42 45 46 49
656  1 2 3 4 5 6 9 12 13 14 15 17 19 20 22 24 27 28 29 32 35 36 38 39 40 42 43 44 46 47 48 50
657  0 1 2 3 4 5 6 9 10 11 13 17 18 19 20 21 23 25 26 27 28 29 30 36 40 41 42 43 48 49
658  1 2 3 4 5 7 8 9 10 16 17 18 19 20 21 22 23 26 27 28 29 34 36 38 39 41 42 43 46 48 49 50
659  1 3 4 5 7 9 10 12 13 14 16 18 19 20 21 22 23 25 27 28 29 30 32 34 35 36 37 39 40 43 44 45 46 48
660  1 3 5 7 9 10 13 14 15 18 19 20 22 25 26 29 32 33 34 35 36 38 39 42 43 44 47 48 49 50
661  0 1 4 5 12 16 17 18 19 22 23 24 25 26 27 28 29 33 35 36 37 38 41 43 45 46 48 50
662  0 1 2 3 7 9 14 15 17 18 21 24 25 27 28 31 36 40 41 43 45 46 48 49 50
663  0 1 2 3 5 8 9 10 11 13 14 15 16 17 19 20 23 26 27 28 29 30 31 32 35 37 38 39 40 41 42 43 44 46 47 48 49 50
664  0 1 6 9 12 17 18 20 21 24 26 27 28 29 31 33 37 38 39 40 41 42 43 46 47 48 50
665  1 2 3 5 9 11 12 13 16 20 22 25 26 27 28 29 32 34 35 37 38 39 41 43 44 45 46 48 49 50
666  0 1 2 3 5 7 9 10 13 15 16 17 18 20 21 22 27 28 29 30 32 35 36 37 38 39 42 43 45 46 47 48 49 50
667  0 1 3 4 5 6 7 9 13 16 17 18 20 21 25 26 27 28 29 31 32 33 35 38 41 42 43 46 48 50
668  0 3 5 6 8 9 10 13 16 19 20 22 23 24 26 27 29 32 34 35 36 37 42 44 46 50
669  0 1 2 3 13 20 23 26 27 28 29 30 34 35 36 38 41 43 46 47 49 50
670  1 2 3 4 5 6 7 8 9 11 13 14 17 18 22 23 24 25 27 28 31 35 36 38 39 41 42 43 44 46 48 49 50
671  0 2 3 5 6 10 13 14 18 21 22 26 27 29 36 39 42 43 44 46 50
672  0 1 2 3 4 7 8 9 10 13 16 19 20 21 23 26 27 28 29 30 32 35 36 38 42 43 44 45 46 48 49 50
673  0 1 5 6 7 8 9 10 13 15 16 17 18 20 21 23 24 26 27 28 29 30 32 33 35 36 37 39 40 41 42 43 44 45 48 49 50
674  1 6 7 8 10 11 13 14 17 19 20 22 23 24 26 27 28 32 35 36 37 39 41 42 43 46 49 50
675  1 2 3 4 5 6 7 9 10 13 15 19 20 21 24 25 29 30 31 33 35 38 41 43 44 45 46 48 50
676  0 1 3 7 12 14 16 17 18 19 20 21 27 28 30 35 36 38 39 42 43 45 46 48 50
677  1 3 4 5 6 8 9 12 13 14 15 16 19 20 23 25 26 27 28 29 30 35 36 37 38 39 41 42 43 44 45 46 47 48 50
678  0 1 3 6 7 9 13 19 20 21 24 26 27 28 29 36 38 39 41 42 43 45 46 47 49 50
679  0 1 2 3 5 7 9 10 11 13 14 15 20 22 23 27 28 32 34 35 36 37 39 43 46 47 50
680  1 2 3 4 5 9 10 13 15 16 17 18 19 20 21 24 26 27 28 29 31 32 33 36 38 39 42 43 44 45 47 48 49 50
681  1 3 5 7 8 11 13 17 19 21 23 25 26 28 29 32 34 35 38 39 41 42 43 45 46 48
682  1 5 6 7 13 15 19 26 27 28 30 31 32 33 35 36 38 42 43 44 45 48 50
683  1 4 5 6 7 8 10 13 15 16 17 19 20 22 23 24 25 26 29 32 36 38 39 41 42 43 44 46 48 49
684  1 2 3 7 8 9 13 15 18 19 20 22 23 25 26 28 29 30 32 35 37 38 40 41 42 43 44 45 49 50
685  0 1 2 4 5 7 9 13 15 16 19 21 23 26 27 28 29 30 32 35 36 38 39 42 43 45 46 50
686  1 2 3 5 6 8 9 13 14 15 19 20 21 25 26 27 28 35 37 41 42 43 44 46 47 50
687  0 1 2 3 4 5 6 7 8 9 12 13 15 16 17 18 19 20 25 26 28 29 35 36 39 40 41 43 46 49 50
688  0 1 3 4 9 10 13 14 15 17 19 20 26 27 28 29 30 31 32 35 36 37 38 39 40 41 43 47 48 49 50
689  1 2 3 6 8 9 13 16 17 19 20 21 24 27 28 29 32 33 36 37 38 39 40 41 43 46 50
690  0 1 2 3 7 8 10 15 17 20 21 22 24 25 26 28 29 30 31 35 36 38 39 42 43 45 46 50
691  0 1 2 3 5 7 9 10 11 13 15 18 19 20 21 22 23 28 29 30 32 35 36 37 38 39 42 44 45 47 50
692  3 6 9 12 13 14 15 16 17 19 22 24 28 29 30 32 38 39 40 42 43 45 46 47 48 49 50
693  1 2 3 4 5 8 9 12 13 16 18 19 21 23 27 29 30 33 35 36 39 40 41 43 44 46 47 49 50
694  1 3 4 6 8 10 13 18 19 20 21 23 24 26 27 29 30 32 36 37 39 43 44 46 48 49 50
695  2 3 5 7 8 9 10 13 14 20 21 23 25 26 27 29 30 35 36 39 40 42 43 48 49
696  0 5 6 7 9 10 12 14 15 16 17 18 19 20 23 27 29 31 32 38 39 40 41 42 43 44 46 47 48
697  0 1 3 5 7 8 10 13 19 20 21 24 26 27 28 29 32 35 36 39 41 42 43 44 45 48 49
698  1 3 5 7 9 12 13 15 16 17 18 19 20 23 24 26 27 29 32 35 36 38 39 40 42 43 45 46 47 48 49 50
699  1 4 5 6 7 8 9 10 13 14 15 16 17 20 22 26 28 29 31 32 34 35 36 37 38 40 42 46 47 48 49 50
700  1 4 5 6 7 8 9 13 19 20 22 23 25 26 27 28 29 32 35 36 38 39 40 43 44 45 46 47 48 49 50
701  0 1 3 5 7 8 9 10 13 14 15 19 20 21 23 27 28 29 32 33 35 36 37 38 41 42 44 45 46 48 49 50
702  3 4 5 8 9 10 13 17 18 19 20 21 22 26 27 28 32 35 36 38 39 40 41 43 46 48 50
703  0 3 4 5 7 9 13 16 17 19 22 23 24 26 27 28 29 30 32 33 34 35 36 38 40 42 45 46 48 50
704  1 4 5 6 7 8 9 10 13 14 19 20 21 24 26 27 28 29 33 35 38 39 42 43 46 47 48 49
705  1 2 9 11 12 13 14 16 17 19 20 22 23 24 26 27 29 32 35 36 37 38 39 40 41 42 45 46 48 49
706  4 5 6 7 8 10 13 17 19 20 21 23 24 25 27 28 29 34 35 36 38 39 40 43 46 50
707  1 4 5 7 8 13 14 15 16 17 19 20 21 22 23 24 26 27 28 29 31 33 36 38 39 40 41 42 44 46 48 50
708  0 1 3 4 5 6 7 8 9 10 13 14 17 19 21 23 27 28 29 30 32 36 38 43 44 45 46 47 48 50
709  0 1 2 3 5 6 9 10 12 13 17 19 20 21 22 25 26 27 28 29 30 32 35 36 38 41 42 45 46 47 48 49 50
710  1 2 3 4 7 9 10 13 14 16 20 21 23 25 26 29 30 32 35 36 37 38 39 41 42 44 46 47 49 50
711  1 3 4 5 8 13 15 16 17 19 20 26 27 29 30 32 35 36 37 39 42 43 47
712  0 1 4 5 7 9 10 12 13 15 16 17 18 20 21 23 27 28 29 30 32 35 38 39 41 42 43 46 47 49 50
713  0 1 3 5 7 8 9 10 14 15 16 17 18 19 21 24 26 27 28 29 32 35 38 39 41 42 44 46 50
714  0 1 3 5 9 10 12 13 17 18 19 26 27 28 29 31 32 35 36 37 41 42 43 46 48 49 50
715  0 1 3 4 5 6 8 10 11 12 13 18 19 20 21 24 26 27 29 30 32 35 37 38 39 40 41 42 43 44 47 49
716  1 3 4 5 6 7 13 14 15 19 20 21 27 29 36 38 39 40 41 42 43 44 45 46 47 48 49 50
717  1 4 5 8 9 10 11 12 14 16 20 24 27 30 36 39 41 42 43 45 46 49 50
718  1 2 3 4 6 9 10 11 13 15 16 17 20 21 26 27 30 35 36 37 38 40 42 43 44 45 46 48 49
719  0 1 2 3 5 9 13 14 16 17 20 22 26 30 31 35 36 37 38 39 42 43 46 49 50
720  1 4 7 8 9 13 19 21 23 26 27 28 29 30 32 35 36 38 39 40 41 42 44 49 50
721  1 3 5 6 7 8 9 13 16 17 20 22 23 24 25 26 28 29 32 35 37 38 39 40 43 44 46 47 50
722  0 1 3 9 12 13 14 18 19 20 21 23 24 25 26 27 28 33 35 39 40 42 43 44 46 48 50
723  1 2 3 4 5 6 9 10 11 13 18 19 20 21 25 26 27 28 29 32 35 37 38 39 40 42 43 47
724  0 3 4 5 8 11 15 16 18 19 20 21 22 26 28 30 32 34 35 36 37 38 39 41 42 43 44 45 46 48 49 50
725  0 1 3 4 7 8 9 10 11 13 14 15 16 18 19 20 22 23 25 26 27 28 29 33 35 36 38 39 40 43 44 45 46 47 48 49
726  3 5 9 12 13 14 15 16 17 19 20 23 24 28 29 32 34 35 36 37 38 40 43 44 46 47 49 50
727  1 3 5 6 7 9 12 13 15 17 19 20 21 22 27 28 29 30 34 35 38 39 40 41 42 43 44 48 49 50
728  1 2 4 5 6 9 11 12 13 18 19 20 22 24 26 27 29 30 31 32 34 35 36 38 41 42 43 45 46 48 49
729  0 1 2 3 5 9 11 13 16 18 20 24 26 27 28 29 30 31 32 35 37 39 41 42 43 46 47 48 49
730  1 2 3 4 6 8 9 11 13 14 15 17 20 22 26 27 28 29 30 35 36 38 39 41 43 44 45 46 48 50
731  1 2 3 5 12 13 14 17 18 21 25 26 27 28 29 30 34 35 38 41 42 45 46 47 48 50
732  0 1 3 4 5 6 9 10 12 14 15 19 20 22 24 26 27 28 29 30 33 36 37 38 39 40 41 42 43 44 46 48 50
733  2 7 8 10 13 14 17 19 20 22 23 24 28 29 30 35 37 38 41 42 43 44 48 49
734  1 2 3 4 5 7 10 13 14 17 18 19 21 22 27 28 29 32 35 38 39 44 45 46 48 49 50
735  1 3 5 7 8 9 13 17 19 20 21 22 26 27 28 29 30 31 34 36 38 39 40 43 44 45 50
736  2 3 6 7 8 9 10 11 15 17 18 19 25 26 28 30 32 35 36 37 38 39 40 42 43 44 46 48 50
737  0 1 2 5 6 8 9 10 13 14 15 18 19 20 22 23 24 27 29 30 35 36 37 38 39 41 44 46
738  0 5 8 9 12 13 14 19 20 21 24 26 29 32 34 35 36 38 44 46 47 48 50
739  0 1 3 5 11 12 13 19 20 21 22 25 26 27 29 30 32 35 36 37 38 40 45 46 47 48 49 50
740  0 1 2 4 8 9 10 12 14 17 18 20 24 25 26 27 28 29 30 33 34 36 39 40 41 42 43 44 45 46 47 49 50
741  0 1 3 4 8 9 13 16 17 19 20 24 26 27 35 37 38 40 41 43 45 46 49
742  0 1 3 4 5 8 9 12 14 16 17 19 22 24 27 28 29 30 32 35 36 39 41 42 43 45 46 50
743  0 1 2 3 4 5 12 13 14 19 20 21 23 24 28 32 35 38 39 41 42 43 46 48 50
744  1 4 5 7 8 9 10 11 13 15 16 17 19 20 23 25 26 27 35 37 38 39 42 43 45 46 48 50
745  1 2 3 4 5 7 9 13 14 15 18 19 20 21 27 28 29 35 36 39 42 43 44 46 49 50
746  1 3 4 6 8 9 16 17 19 20 22 24 26 27 28 29 30 32 35 36 37 38 39 40 41 42 43 48 49 50
747  0 1 3 5 7 9 10 11 13 14 15 16 17 18 19 20 24 26 27 28 29 32 35 36 37 38 39 40 41 42 43 44 45 46 47 48 49 50
748  1 2 3 5 6 9 12 13 16 18 20 21 23 24 26 27 28 29 32 35 38 39 42 43 44 49 50
749  0 1 2 3 4 5 8 9 10 11 12 14 15 17 18 20 21 24 26 27 28 29 34 35 36 39 43 48 50
750  0 1 2 3 4 5 6 8 9 10 13 15 17 18 19 20 21 22 27 28 30 32 35 36 38 40 43 44 46 47 49 50
751  0 1 2 3 5 6 8 9 14 15 16 17 18 19 20 21 23 26 27 28 29 30 33 36 37 39 43 48 49
752  4 5 6 7 9 12 13 15 16 20 21 26 27 28 29 31 34 36 38 39 43 45 46 47 50
753  1 4 5 8 9 13 14 15 20 21 26 27 28 29 30 32 33 35 36 38 39 41 43 45 47 48 49 50
754  4 5 7 13 14 15 16 17 18 19 20 21 22 24 26 27 28 29 31 35 36 38 39 40 42 43 44 46 47 49 50
755  0 1 4 5 6 9 11 13 15 16 20 21 24 26 27 28 29 34 35 36 37 38 39 40 41 42 43 46 49
756  0 1 2 3 4 5 6 8 9 13 15 16 20 24 26 27 28 29 32 35 36 37 38 39 41 42 43 46
757  0 1 2 4 6 8 9 10 11 12 13 14 18 19 20 21 24 26 27 28 29 30 32 36 37 41 43 44 46 47 49 50
758  0 2 3 4 5 7 8 9 13 14 15 16 17 19 22 23 24 26 29 30 31 32 35 36 38 39 41 42 43 46 47 49 50
759  1 3 4 5 6 7 8 9 10 12 15 16 17 19 20 22 23 27 28 29 35 36 38 39 40 41 42 43 44 46 47 48 50
760  0 1 2 3 5 8 9 13 15 16 18 20 21 24 26 27 29 30 31 32 35 36 38 41 43 44 45 46 48 49 50
761  0 1 3 5 6 7 9 13 15 17 19 21 22 23 24 26 27 29 32 33 35 36 38 39 42 43 45 46 47 49
762  0 1 3 4 5 7 8 9 10 13 15 19 20 22 23 24 29 30 32 33 34 35 36 38 39 40 41 45 46 47 48 50
763  1 2 3 4 5 6 9 13 15 17 18 20 21 26 27 28 29 36 37 39 40 41 42 43 46 47 50
764  0 1 3 4 5 6 9 10 11 13 14 16 18 19 27 28 29 34 35 36 37 38 39 43 46 49 50
765  1 2 3 4 5 9 10 13 18 19 20 23 26 27 28 29 30 34 35 37 39 41 42 43 45 46 47 50
766  0 3 5 7 9 10 11 13 14 16 17 18 19 21 22 25 26 28 29 32 34 35 36 37 39 40 42 43 44 46 48 49 50
767  1 2 3 4 5 6 7 8 9 15 17 18 19 20 26 28 30 32 35 36 37 38 39 42 43 44 46 48 50
768  0 1 2 3 5 6 7 8 9 13 14 15 17 19 20 23 24 26 27 28 29 34 35 36 38 39 40 41 42 43 47 48 50
769  3 4 5 6 8 10 13 14 15 17 18 19 20 21 25 26 27 28 32 33 34 35 36 37 38 39 41 43 45 46 48 50
770  1 2 3 5 6 7 9 12 13 16 17 18 20 21 24 26 27 29 36 41 42 43 44 45 47 48 49 50
771  3 5 6 7 9 10 12 13 14 17 20 22 23 24 26 27 28 29 30 33 36 37 38 39 40 41 43 45 46 47 49 50
772  5 9 10 11 13 14 16 18 19 20 24 26 27 28 29 31 33 36 37 38 39 40 43 44 47 50
773  1 2 3 5 6 8 10 11 15 18 19 21 23 24 28 29 30 36 39 42 43 44 46
774  1 2 3 5 7 9 11 13 14 15 16 17 19 20 21 24 27 28 29 31 32 36 37 38 39 40 42 43 46 48 50
775  0 1 5 6 7 8 9 12 13 16 17 18 19 20 21 23 24 26 27 28 29 31 32 34 35 37 38 39 41 42 44 45 46 47 48
776  1 3 4 6 10 12 19 20 21 22 23 24 25 26 28 29 33 35 36 38 39 42 43 44 45 47 50
777  1 2 3 4 6 7 9 10 13 14 15 18 19 20 24 26 27 29 30 31 33 35 36 37 38 39 40 42 43 45 46 47 49 50
778  0 1 2 3 5 6 7 13 16 17 18 20 26 27 28 29 30 33 35 37 38 39 40 42 43 44 45 46 47
779  0 1 2 3 8 9 10 12 13 16 19 21 22 23 24 26 27 29 35 36 40 41 42 43 44 45 46 47 48 50
780  0 1 3 4 8 9 10 13 14 15 17 19 22 24 27 28 29 32 33 34 36 37 39 40 41 42 43 44 46
781  0 1 3 5 6 7 12 13 14 16 18 19 20 21 23 24 26 27 28 31 32 35 36 38 39 41 44 46 48 49 50
782  1 2 3 5 6 7 8 9 11 13 14 19 20 25 27 29 30 35 36 38 39 40 41 42 45 46 48
783  1 2 3 5 7 8 10 12 13 15 16 17 21 22 26 27 28 29 32 35 37 41 42 44 45 47 48 49 50
784  0 3 4 6 7 8 13 17 19 21 22 23 24 26 28 29 30 31 32 34 36 37 38 41 42 43 50
785  0 3 4 6 7 9 10 13 19 20 22 23 25 27 28 30 31 32 35 36 37 38 41 43 44 50
786  0 1 3 4 5 7 8 11 13 14 15 16 17 18 19 21 23 25 26 27 29 31 33 35 36 37 39 41 42 43 46 47 49 50
787  0 1 3 4 5 7 8 9 10 12 15 18 21 27 29 30 32 36 37 39 41 42 43 46 47 48 49
788  0 1 2 3 4 6 7 8 9 14 15 19 20 22 23 26 27 28 29 31 32 34 35 36 37 38 39 40 42 44 45 46 47 50
789  0 1 2 4 5 6 9 15 16 18 19 24 26 27 29 33 35 37 40 41 42 43 44 45 46
790  1 2 3 5 6 7 8 9 13 15 16 18 19 20 22 27 28 29 31 32 35 38 39 40 41 42 43 44 45 47 48 49 50
791  0 3 4 6 9 10 15 16 17 18 19 20 21 23 26 27 28 29 30 35 36 37 39 40 41 42 43 44 46 47
792  1 2 5 7 10 11 13 14 15 16 17 19 21 23 24 26 27 28 32 35 36 37 38 40 41 42 43 44 46 47 48 49 50
793  2 5 6 7 8 10 13 16 19 20 22 26 27 29 30 32 35 36 37 38 39 40 43 44 49 50
794  0 1 2 3 5 7 9 13 15 17 18 19 20 21 22 23 24 26 28 29 30 35 38 39 40 42 46 50
795  1 2 3 5 6 8 9 10 12 17 18 19 20 25 26 27 28 29 32 35 36 38 39 42 43 44 45 46 47 48 50
796  0 1 2 4 5 8 9 13 15 16 19 20 21 22 23 25 26 27 29 33 35 36 37 38 39 43 46 48 50
797  0 2 4 7 9 10 13 15 18 19 20 22 24 26 27 28 30 35 36 37 38 42 43 44 45 46 47 48 49 50
798  1 4 5 7 9 13 16 17 19 20 22 23 26 27 29 31 32 33 35 36 37 38 39 41 43 44 46 48 49
799  1 2 3 4 6 7 8 9 10 13 15 16 17 18 19 21 22 24 26 27 28 29 30 31 35 37 38 40 41 42 46 47 49 50
800  0 1 2 3 5 6 9 16 18 19 22 24 25 26 27 30 31 35 36 37 39 41 42 45 47 48 49 50
801  0 1 2 3 4 5 6 9 18 20 21 26 27 28 29 34 35 36 38 39 40 43 46 50
802  1 3 4 5 8 9 13 14 22 26 27 28 35 37 38 39 40 41 42 44 48 49 50
803  1 3 4 5 7 9 13 14 15 16 17 19 20 22 24 26 27 28 29 30 34 35 36 39 40 41 42 43 50
804  1 2 3 5 7 13 15 18 19 21 23 24 26 29 30 32 34 36 38 39 40 41 42 43 48 49 50
805  0 2 4 5 10 15 16 18 19 20 21 22 23 26 27 28 29 30 35 36 38 39 40 42 45 46 48 49 50
806  0 1 3 4 5 8 9 13 14 15 16 18 19 20 24 26 27 29 30 31 34 39 42 43 44 46 48 49 50
807  0 1 2 3 4 5 6 7 18 19 21 26 27 28 29 32 36 37 38 40 43 50
808  1 2 3 5 6 7 8 9 13 18 22 23 24 26 27 28 29 32 33 34 35 38 39 40 41 42 43 44 45 46 48 49
809  1 3 4 5 7 9 10 15 18 19 20 21 22 23 25 26 27 28 31 32 34 35 38 39 40 42 43 46 47 49 50
810  3 5 8 10 13 14 15 16 17 18 19 20 22 24 27 28 36 37 42 43 46 48 50
811  1 2 6 8 9 11 13 14 15 16 17 19 20 23 24 25 26 27 28 29 32 36 37 39 42 44 48 50
812  1 3 5 7 8 9 12 13 22 26 27 28 29 33 35 36 37 38 42 43 46 47 49 50
813  1 3 9 13 14 16 17 18 22 23 26 27 28 32 36 37 39 43 46 48 50
814  1 2 3 5 7 8 9 13 15 17 18 19 20 23 26 27 28 29 31 32 36 37 38 39 43 44 48
815  1 2 3 4 5 7 8 9 10 11 12 13 20 21 26 27 28 29 30 31 32 33 35 36 38 39 40 42 45 48 49 50
816  0 1 2 3 5 6 7 9 11 14 15 16 17 18 19 20 21 22 24 26 27 29 34 35 36 38 40 41 43 44 45 47 50
817  1 2 3 4 5 7 9 11 13 14 15 16 18 19 20 21 24 25 27 28 29 30 35 36 37 41 42 44 45 46 47 49
818  1 3 5 6 9 11 13 16 17 20 23 24 29 30 32 34 35 37 38 39 42 43 44 45 46 48
819  0 1 2 3 4 5 6 9 10 13 16 19 20 24 27 28 31 32 33 35 36 39 40 45 46 47 49
820  0 1 2 3 4 5 7 8 15 19 21 23 24 25 26 27 28 29 32 33 34 35 36 38 40 42 44 46 47 48 49
821  1 3 5 7 8 10 13 15 17 18 19 21 22 23 24 26 27 28 29 30 35 38 39 40 41 42 43 45 46 49 50
822  1 2 5 8 9 10 13 15 18 19 20 21 22 24 26 27 28 29 33 35 36 37 38 39 40 42 43 44 46 48 49 50
823  1 2 4 5 6 7 8 13 14 15 16 18 19 21 23 24 27 28 29 32 33 35 36 38 39 40 41 42 44 46 47 50
824  1 3 4 8 9 10 16 19 20 21 23 27 28 29 30 35 36 37 38 40 43 46 47 49
825  5 7 8 9 12 13 16 17 18 20 23 26 27 28 29 32 35 36 38 41 43 46 48 50
826  0 2 5 6 7 8 9 10 11 12 15 16 17 18 19 24 25 26 29 31 32 35 36 38 39 41 42 43 45 46 47 50
827  1 3 6 7 9 10 11 14 16 17 19 20 21 22 26 27 28 29 30 32 34 35 36 37 38 39 43 44 45 49 50
828  0 3 4 7 8 9 12 13 14 16 17 18 19 21 23 24 26 27 28 30 31 35 36 39 40 41 42 43 45 50
829  0 1 2 3 4 5 6 7 8 9 14 16 20 22 24 25 26 28 35 36 37 38 39 43 46 47 48 50
830  0 2 3 4 6 7 9 11 14 19 20 23 26 27 28 29 33 34 35 36 37 38 41 42 43 44 45 46 47 48
831  0 2 3 5 7 8 9 12 13 15 17 20 21 22 23 25 27 28 29 30 31 33 35 36 39 42 43 46 47 48
832  0 1 2 3 4 6 7 9 10 16 17 18 19 20 22 26 27 29 32 35 36 38 39 40 41 42 43 46 47 49
833  1 2 3 4 5 7 9 10 12 14 15 16 17 19 20 21 22 23 24 25 26 28 29 30 32 35 36 38 39 41 42 43 44 45 46 47 50
834  0 1 3 5 7 8 9 10 11 13 14 16 17 19 20 22 24 26 27 28 30 35 36 38 40 41 42 43 44 45 47 48 49 50
835  0 4 5 6 13 14 15 16 17 18 19 20 21 22 23 25 27 28 29 31 36 37 38 40 41 42 43 44 45 46 47 49 50
836  0 1 3 8 9 10 12 13 14 15 17 18 20 21 22 23 24 25 26 27 28 29 31 35 36 39 43 46 47 49 50
837  1 3 4 5 7 9 10 13 14 15 16 17 18 20 23 27 30 32 36 37 39 41 42 43 44 45 48 49 50
838  1 3 5 6 9 11 13 14 16 18 19 21 22 23 26 29 30 32 35 36 37 39 43 46 50
839  0 1 2 3 5 6 7 9 11 12 13 14 15 16 17 19 20 21 22 23 24 26 28 29 30 33 35 38 39 41 44 46 47 48 49 50
840  0 1 3 5 7 9 10 13 14 16 18 19 20 23 24 26 27 28 30 32 35 36 38 41 42 43 47 50
841  0 1 2 3 5 13 17 18 19 22 24 25 26 27 28 35 36 37 38 40 41 42 43 45 46 47 48 50
842  0 1 3 4 5 6 7 8 9 13 18 19 20 22 24 26 27 28 29 30 33 35 36 38 39 43 44 45 46 47 48 50
843  1 3 5 6 7 8 9 10 13 15 16 17 18 19 20 24 26 27 28 31 35 36 37 38 39 40 41 42 43 44 45 46 48 50
844  1 3 5 6 7 8 12 13 16 19 20 21 22 23 24 26 27 28 30 36 37 38 39 40 42 43 44 45 46 47 50
845  1 2 3 4 5 6 7 8 13 14 15 16 17 18 19 21 24 26 27 28 29 31 32 35 37 38 39 40 41 42 43 46 50
846  1 2 3 5 7 8 12 13 15 16 17 19 20 23 24 26 27 28 29 34 35 36 37 38 39 40 42 43 45 50
847  0 1 2 3 4 7 9 10 13 14 16 18 19 20 21 23 26 27 28 35 36 37 38 39 40 41 42 43 46 47 50
848  1 2 3 6 7 8 9 12 13 14 15 17 18 19 20 24 25 26 27 28 29 32 35 36 38 39 42 43 44 45 46 49 50
849  2 3 5 6 7 8 9 19 20 22 23 24 26 27 28 30 31 32 34 35 36 38 39 40 42 43 46 47 48 49 50
850  4 5 6 8 9 12 13 16 17 18 19 22 24 27 28 29 30 32 34 36 37 38 39 40 42 43 44 45 46 47 49 50
851  0 1 2 6 7 8 10 13 15 18 19 20 21 22 23 26 28 29 31 35 36 38 41 46 48 49 50
852  0 2 3 5 6 7 8 9 13 14 16 17 18 19 20 22 24 25 26 29 35 36 37 38 39 40 41 42 43 45 46 47 49 50
853  1 3 5 7 9 14 15 16 17 20 22 26 27 28 30 33 35 36 37 38 39 41 43 45 46 47
854  0 4 7 8 9 11 13 15 17 19 20 21 22 24 25 27 28 30 32 33 35 36 37 38 39 40 41 42 43 44 45 46 50
855  0 1 2 3 5 6 7 9 16 17 19 20 21 22 24 26 27 30 33 35 36 37 38 39 41 43 44 46 47 49 50
856  0 1 2 3 5 7 8 9 10 13 14 18 19 24 25 28 31 32 35 36 38 41 42 43
857  0 2 3 5 7 11 14 15 16 17 18 19 22 26 27 29 30 32 35 36 38 40 41 42 43 45 46 49 50
858  0 1 2 3 4 5 8 13 14 15 16 17 20 22 23 24 26 27 28 29 30 33 35 36 38 39 40 41 43 44 45 46 48 50
859  1 3 4 5 7 8 13 14 16 17 19 20 21 22 23 26 27 28 29 30 32 33 36 39 43 44 45 46 48 49 50
860  0 1 3 4 8 9 12 13 14 16 17 19 20 24 25 26 27 29 30 31 32 37 38 42 43 44 45 46 47 50
861  0 1 2 3 5 6 7 8 13 15 16 17 18 20 24 26 27 28 29 32 34 36 38 40 42 43 44 45 46 50
862  1 3 7 8 10 13 15 16 22 23 24 26 27 29 30 31 35 38 39 42 43 45 47 49 50
863  0 1 2 3 5 6 7 9 14 15 16 17 18 19 20 21 24 26 27 28 29 30 31 32 34 35 37 39 43 44 45 46 48 49
864  0 1 2 4 6 9 13 14 16 18 19 20 21 22 23 27 28 30 32 34 35 38 39 41 42 44 46 48 49
865  1 2 3 5 6 8 9 10 11 12 13 17 20 21 22 24 26 27 28 29 30 32 34 35 36 38 39 41 42 43 46 47 49 50
866  1 3 4 6 7 9 10 13 15 16 19 20 22 23 24 25 27 28 29 33 36 37 38 39 40 42 44 45 50
867  0 3 5 7 8 10 11 13 14 16 17 19 20 23 24 27 29 30 32 34 35 36 37 38 42 43 45 46 48 49 50
868  1 3 4 5 9 13 14 15 17 18 20 21 22 23 25 26 27 28 29 34 35 36 37 40 41 42 43 44 46 48 49 50
869  0 2 3 5 6 10 13 14 15 16 17 20 23 24 27 29 32 35 38 39 43 45
870  0 1 2 3 5 7 9 10 11 13 16 18 19 20 22 24 26 27 28 29 30 32 35 36 37 38 39 41 42 43 44 46 47 48 49
871  3 5 6 7 8 12 13 15 16 19 21 25 26 27 28 29 30 35 36 38 39 40 42 43 44 46 47 48 50
872  1 3 5 7 8 9 10 13 15 16 18 19 20 23 24 25 27 28 29 36 39 40 41 42 43 44 45 46 49
873  1 2 3 5 7 9 13 14 16 17 18 19 21 22 24 26 28 29 33 36 37 40 42 43 44 45 46 47 49 50
874  0 2 3 4 5 6 7 8 9 10 13 14 15 16 17 18 19 21 23 24 27 29 31 32 36 38 39 41 42 43 44 45 46 48 49
875  0 1 6 8 9 10 13 15 16 19 20 23 27 32 33 35 36 39 40 41 42 43 46 49 50
876  0 1 2 3 4 5 6 8 9 13 14 15 16 20 21 22 23 24 27 29 35 37 38 39 40 41 42 43 45 46 48
877  0 1 2 5 7 9 10 13 14 15 16 18 19 21 22 24 26 27 29 33 35 36 37 38 39 40 41 43 46 48 50
878  0 1 3 4 5 7 9 12 13 15 17 19 20 23 27 29 30 32 35 36 38 39 40 41 43 49 50
879  1 3 7 8 9 10 12 13 14 16 17 20 21 26 27 28 29 36 38 39 41 43 44 46 47 48 49 50
880  2 3 5 7 9 10 12 13 14 16 17 20 21 23 25 26 29 33 34 35 36 39 41 42 43 44 46 47 49
881  0 1 3 6 7 8 9 16 17 19 20 21 26 28 30 32 33 34 35 36 38 40 41 42 43 46 47 48 50
882  3 4 5 8 10 11 13 17 18 19 20 21 24 26 27 28 29 30 36 38 40 41 43 44 46
883  1 2 3 6 8 9 10 11 13 14 15 16 19 20 21 22 25 26 27 28 29 30 35 36 38 39 41 43 46 50
884  0 1 2 3 5 6 8 9 10 11 21 22 24 25 26 28 29 30 35 36 37 38 39 41 43 44 45 46 47 48 49
885  2 5 6 7 8 9 10 13 14 18 20 23 24 27 29 30 36 38 39 41 42 44 46 47 50
886  1 2 3 4 5 6 7 9 13 14 16 17 18 20 23 24 25 26 27 28 29 30 31 36 38 40 41 42 44 45 46 47 48 49 50
887  2 4 6 7 9 10 12 13 17 18 19 21 22 24 25 26 27 28 30 33 35 36 37 38 39 40 42 46 49 50
888  0 2 8 9 13 15 16 18 19 22 23 25 26 27 28 29 36 37 38 39 41 42 43 44 45 47 48 50
889  1 3 5 6 7 8 9 13 19 20 22 23 24 26 27 28 29 30 32 34 36 38 40 41 42 43 44 45 46 47 48
890  0 1 2 3 4 5 6 9 12 13 16 18 19 20 23 24 26 27 29 30 31 32 33 36 37 38 39 41 42 43 44 45 46 47 50
891  1 3 4 6 9 10 17 21 22 23 27 28 30 35 37 39 40 41 42 43 44 45 50
892  0 1 3 9 12 13 15 16 19 21 22 26 28 29 33 37 38 39 40 41 43 45 46 50
893  2 3 9 10 13 15 16 18 20 22 23 26 27 28 29 30 31 32 35 36 37 39 42 43 45 46 47 49 50
894  2 5 6 10 11 13 15 16 18 19 22 23 24 26 27 30 32 36 38 41 42 43 44 46 47 50
895  0 1 3 4 6 9 13 14 15 16 17 18 19 20 21 22 24 26 27 28 29 30 33 35 36 39 42 43 49 50
896  1 3 4 5 7 9 13 14 18 20 22 23 24 26 27 28 29 35 36 38 40 41 42 43 44 47 48 49 50
897  0 1 2 4 5 9 11 14 15 17 19 20 22 24 26 28 29 32 36 38 40 41 42 44 47 48
898  0 2 3 4 7 8 9 10 12 13 14 15 16 18 20 23 26 27 32 34 35 36 37 39 40 42 44 45 47 49
899  1 3 4 6 7 9 11 12 13 15 16 17 18 19 20 23 24 25 26 27 28 29 31 33 34 35 37 38 39 43 46 48 49 50
900  0 5 6 8 10 11 13 14 15 17 18 19 20 23 26 27 28 29 30 32 34 35 36 37 38 39 40 43 44 45 46 47 49 50
901  1 2 4 5 8 9 10 12 13 14 17 18 19 20 26 27 28 29 30 31 33 35 36 37 38 39 40 42 43 45 46 49 50
902  1 5 6 7 8 13 14 16 17 18 19 20 24 30 33 34 35 36 38 39 41 42 43 44 45 46 47 50
903  1 2 3 4 5 6 8 9 10 14 15 18 19 20 21 22 23 24 25 26 27 29 32 34 35 36 38 39 40 42 43 44 46 48 50
904  1 2 3 5 6 11 13 14 15 16 17 18 19 21 24 25 26 27 28 29 30 32 36 39 42 43 45 46 48 50
905  0 1 2 4 5 6 7 9 10 13 14 15 17 18 21 22 24 26 28 29 31 33 35 36 38 39 42 43 44 46 47 48 49 50
906  1 2 3 5 7 13 15 18 19 20 22 24 27 28 29 34 35 36 37 38 39 40 41 42 43 45 46 49 50
907  0 1 5 6 8 10 13 16 17 18 20 21 25 26 27 28 29 30 35 36 37 39 40 41 42 43 44 46 47 48 49 50
908  0 1 2 3 4 5 9 11 13 15 18 19 20 21 24 27 28 29 30 35 36 37 38 39 40 41 42 43 44 45 46 47
909  1 2 3 4 5 6 8 9 10 11 13 18 19 20 21 22 23 26 27 28 29 30 33 35 36 38 39 43 46 49
910  1 2 3 4 5 9 14 19 20 21 23 24 25 26 27 28 29 33 35 36 37 38 39 40 41 42 43 45 46 48
911  0 1 2 3 5 6 7 8 9 13 15 17 19 20 23 24 27 28 29 30 34 36 37 38 39 41 42 43 48 49 50
912  1 2 3 7 8 9 10 11 13 14 18 21 23 26 27 35 37 38 39 40 41 48 50
913  1 3 5 6 8 9 17 19 23 26 27 28 29 30 31 32 35 37 38 40 41 42 43 44 46 47 49
914  0 1 3 4 5 8 13 14 15 19 20 26 27 28 29 35 36 37 38 41 42 43 45 48 49
915  3 4 5 7 9 10 13 15 16 17 18 19 20 21 23 26 27 29 32 35 36 38 39 42 44 45 46 49 50
916  0 1 2 3 7 8 9 11 12 13 18 20 21 22 23 24 26 27 29 36 37 38 39 40 41 42 43 44 45 46 49 50
917  1 2 5 6 10 13 15 17 19 20 21 22 26 27 28 30 34 35 37 38 39 40 42 43 46 49 50
918  0 1 3 4 5 8 13 17 18 19 20 21 22 27 28 29 30 32 33 35 36 38 39 43 44 45 46 48 49
919  0 1 2 4 5 6 9 14 16 19 24 27 28 29 30 32 35 36 37 38 39 40 41 42 44 45 47 48 49 50
920  3 5 6 7 9 10 12 13 17 19 21 22 23 26 27 28 32 33 34 36 37 38 39 41 42 49 50
921  2 3 4 5 6 7 9 13 15 17 18 20 21 22 24 25 26 27 28 29 31 34 37 38 39 41 42 43 46 48 50
922  0 1 3 5 6 7 9 13 14 15 16 17 19 20 21 22 23 24 25 26 27 28 29 34 35 36 37 38 39 40 42 43 46 49 50
923  0 1 3 5 7 9 14 15 19 21 24 25 26 27 28 29 34 35 39 41 42 43 46 49 50
924  0 1 3 4 5 6 7 9 13 14 16 19 20 25 27 29 32 35 36 38 40 41 42 43 44 45 46 47 49 50
925  0 1 6 7 9 13 15 17 19 20 21 22 24 28 29 30 35 36 37 38 39 41 43 46 47 48
926  0 1 3 5 8 11 12 13 15 16 17 19 20 21 22 25 28 29 35 36 38 39 40 42 43 45 46 48 49 50
927  1 2 3 4 5 8 15 17 19 20 22 23 26 27 28 29 30 35 36 37 38 39 40 43 45 46 49 50
928  0 1 2 3 5 6 7 8 9 10 11 13 15 16 17 19 20 23 24 26 27 28 29 30 35 36 37 38 42 43 44 46 49
929  1 3 4 5 6 7 8 9 10 11 13 15 19 20 23 26 27 28 29 35 36 38 40 42 43 44 46 47 48
930  1 2 3 5 6 7 9 10 13 16 17 18 19 20 22 23 26 27 28 29 31 34 36 37 39 40 41 42 43 45 46 49 50
931  1 6 8 9 11 13 15 17 20 21 22 24 26 27 28 29 32 35 37 38 39 40 43 44 46 47 48 50
932  0 1 3 4 5 6 8 9 13 19 22 24 27 28 32 35 36 37 38 40 43 45 46 47 49 50
933  1 2 3 5 6 7 9 10 11 14 15 16 17 18 19 20 21 26 28 29 32 35 36 38 39 42 43 44 47 48 49
934  1 3 6 7 8 9 11 14 15 20 22 23 25 26 28 30 31 33 36 38 39 42 47 50
935  0 1 2 3 5 8 9 10 13 15 18 19 20 21 22 23 27 28 30 31 32 35 36 38 39 40 41 43 46 49 50
936  0 1 8 10 13 16 17 18 19 20 22 24 26 27 28 29 30 32 33 35 36 38 39 40 43 45 46 50
937  1 2 3 4 5 6 7 9 13 14 17 26 29 30 34 35 37 39 42 43 44 45 46 48 49 50
938  1 3 8 12 13 14 15 16 17 18 19 20 22 24 25 26 27 28 29 35 36 37 38 39 40 42 45 46 48 49 50
939  1 2 4 5 8 18 20 21 22 26 28 29 30 32 35 37 38 39 40 41 42 43 47 50
940  1 3 4 8 9 10 12 13 15 17 18 19 20 21 23 26 29 31 35 38 39 40 41 42 43 45 46 49 50
941  4 5 9 10 12 14 16 19 20 21 23 24 26 27 29 30 33 34 36 37 38 42 43 45 47 48 49 50
942  0 1 3 5 7 10 12 17 19 20 23 24 26 27 28 29 30 31 35 36 38 39 40 41 42 48 49 50
943  3 4 5 6 9 10 11 14 15 20 22 26 27 31 32 36 37 38 42 43 44 46 47 49 50
944  1 3 4 5 6 8 9 15 20 21 22 23 24 26 28 29 32 34 35 36 39 40 41 42 43 44 45 47 48 50
945  0 1 3 4 9 13 16 18 19 23 27 28 29 36 38 39 42 44 45 46 47 48 49
946  1 3 5 6 7 9 13 16 19 20 22 23 25 26 27 32 34 38 39 41 43 45 46 48 50
947  1 3 5 8 9 10 15 16 17 19 20 21 23 25 26 27 28 30 35 36 37 38 39 40 43 44 46 47 50
948  1 2 3 5 8 9 10 13 14 16 17 19 20 21 22 23 24 25 26 27 28 29 32 35 36 38 39 40 41 42 43 46 49
949  1 2 3 5 6 7 8 9 13 14 15 18 19 20 22 23 25 26 27 28 29 30 35 36 39 40 41 43 44 45 46 47 48
950  0 1 7 8 13 14 15 18 20 21 23 25 26 28 29 30 32 34 35 38 39 42 45 46 47 48 50
951  1 2 3 5 6 9 12 13 15 16 17 19 20 22 24 26 27 28 29 33 35 38 39 42 44 45 46 49 50
952  1 2 3 4 5 7 8 9 10 13 16 17 18 19 20 21 22 23 26 27 28 32 35 36 37 38 39 40 43 44 45 46 50
953  0 1 3 7 8 12 14 15 16 17 18 19 24 26 27 28 29 30 31 35 36 37 38 39 40 41 42 43 44 46 47 48 49 50
954  1 3 5 6 8 9 11 13 14 15 16 19 21 22 23 26 27 29 31 33 34 35 38 39 40 42 43 44 47 49 50
955  0 1 3 5 13 15 16 19 23 26 29 36 38 41 42 43 44 46 48 49 50
956  3 4 6 7 8 9 10 13 17 19 26 28 29 32 33 35 36 37 38 41 42 44 45 46 47 48 49 50
957  1 2 3 4 5 6 9 13 14 16 18 19 20 21 22 23 24 26 27 29 30 32 35 36 37 42 43 44 46 48 49 50
958  1 2 4 5 6 8 9 10 13 15 16 17 18 19 21 26 27 29 33 34 36 39 40 41 42 47 50
959  1 2 3 9 13 14 16 17 18 19 20 21 22 23 24 25 27 32 33 36 37 38 39 42 44 46 47 49 50
960  2 3 5 9 10 14 17 18 19 26 27 28 29 30 32 35 36 37 38 39 40 41 44 45 46
961  1 2 3 4 5 9 10 11 15 17 18 19 20 21 22 23 26 27 29 30 32 34 35 37 39 40 41 42 44 45 46 50
962  1 3 4 5 7 8 9 10 11 13 14 16 19 20 22 23 24 26 27 28 29 30 32 36 37 38 39 40 43 47 48 49 50
963  0 2 3 4 5 8 9 14 17 18 19 20 22 24 25 27 28 29 37 38 42 43 44 45 46 47 48 50
964  1 3 4 5 6 7 9 11 14 15 20 22 25 26 29 30 31 32 38 39 40 42 43 45 46 47 48 49
965  1 2 3 5 6 7 11 13 15 16 18 19 20 24 26 27 28 29 32 35 36 37 38 39 42 43 44 45 46 47 48 49 50
966  0 1 2 3 4 6 8 9 14 16 19 21 22 24 26 27 28 29 30 31 35 36 38 41 43 44 47 49 50
967  0 1 2 3 5 7 9 11 14 15 16 18 20 21 22 27 28 29 30 32 35 36 38 39 41 42 45 46 47 49
968  0 2 3 4 6 10 13 17 20 21 23 24 26 27 28 29 30 32 34 35 36 38 39 41 42 45 46 47 48 50
969  2 3 5 6 7 9 10 11 13 14 15 17 18 19 20 21 22 23 24 27 29 31 35 37 38 42 43 45 46 47 49 50
970  1 2 3 4 6 9 10 12 13 14 15 16 18 19 20 22 24 26 27 28 31 32 34 35 36 38 40 42 43 44 46 47 50
971  1 2 3 5 6 8 10 13 15 16 19 20 21 22 25 26 29 32 35 36 37 38 40 41 42 46 49 50
972  1 2 4 7 10 11 13 16 17 19 20 24 26 27 29 30 35 37 38 42 46 50
973  0 1 2 3 5 7 9 10 16 18 19 21 24 26 27 29 31 32 36 37 42 43 47 50
974  1 2 3 4 8 9 10 15 17 18 19 20 21 24 25 26 27 28 29 31 34 35 38 39 42 43 45 46 47 48 50
975  1 2 3 4 8 9 11 13 14 15 16 17 19 20 21 23 26 27 28 29 31 35 38 39 40 41 42 46 47 48 49
976  0 1 2 3 5 6 8 9 11 13 14 16 18 23 26 27 28 29 32 34 36 38 39 40 41 42 43 44 45 48 50
977  1 5 6 7 9 10 13 16 17 18 19 20 21 22 23 24 26 27 28 29 32 33 35 38 41 42 43 44 45 46 47 50
978  0 1 2 3 4 5 7 8 9 10 11 13 14 15 18 19 20 21 22 23 24 25 26 27 28 29 30 31 32 34 35 37 38 39 40 41 43 44 47 50
979  0 1 2 4 5 6 7 8 9 10 12 14 19 23 24 25 26 28 35 38 39 41 43 44 46 48
980  1 2 3 5 8 9 10 16 17 18 19 20 22 23 24 26 27 28 29 32 34 35 36 39 42 43 46 49 50
981  1 2 4 6 9 10 13 14 16 19 20 23 24 26 28 35 37 38 39 41 42 43 46 49 50
982  1 2 3 4 7 9 10 14 17 19 21 22 23 24 25 26 27 28 29 31 33 35 36 39 42 45 46 47 48 49 50
983  1 3 5 6 8 9 10 11 13 14 15 16 17 18 20 23 24 26 27 28 29 30 33 35 36 38 40 44 48 49
984  0 1 2 3 5 8 9 14 17 19 21 23 24 27 29 35 36 38 40 41 42 43 44 45 46 48
985  1 3 4 7 9 15 16 17 18 20 21 24 26 27 29 30 33 35 36 38 39 42 43 44 45 46 47 48 50
986  1 2 3 4 7 8 9 10 13 14 18 19 20 22 23 25 26 27 29 30 32 33 35 37 38 40 43 45 46 47 48 50
987  1 3 4 5 8 10 11 12 13 14 16 17 20 22 23 24 27 28 34 37 38 39 40 41 43 44 46 48 49 50
988  1 3 5 8 13 15 16 19 20 21 23 24 25 26 30 31 32 33 34 35 36 37 38 39 40 41 42 43 46 47 48 49 50
989  0 1 3 5 6 7 8 13 15 16 17 19 20 22 27 28 29 32 35 37 38 39 41 42 44 46 48 50
990  0 1 2 3 8 9 10 13 14 16 17 19 20 23 24 25 26 28 29 35 36 37 42 43 44 45 46 48 49 50
991  1 2 3 4 8 9 13 14 17 18 19 20 22 23 26 27 28 29 32 34 35 37 38 39 43 46 47 48 49
992  0 1 3 6 7 8 10 13 14 19 20 22 23 24 25 26 27 30 35 36 38 39 40 42 43 45 49 50
993  0 1 2 3 10 13 16 17 18 19 20 21 26 27 28 29 31 35 36 38 39 41 42 43 44 45 46 47 48 49 50
994  0 1 2 3 4 5 6 9 10 15 19 20 21 23 26 27 28 29 32 36 37 38 39 40 42 43 44 45 46 47 48 49
995  1 2 3 4 5 6 9 11 13 16 17 19 20 24 26 27 28 30 35 36 37 38 39 40 42 43 46 48 49
996  2 3 5 6 7 8 9 10 12 16 18 19 20 21 22 23 24 26 29 30 33 35 38 40 41 43 46 47 49
997  0 2 5 6 9 10 13 17 18 23 24 26 27 29 30 32 35 36 38 39 43 44 46 47 48 50
998  0 1 2 3 4 5 7 8 9 13 15 16 19 20 24 26 27 28 29 30 31 32 35 38 39 40 41 43 44 45 46 47 49
999  0 1 2 3 4 5 6 7 9 10 12 13 17 18 19 20 21 26 27 32 35 36 38 42 44 48 49 50
