184 10.740702 59.92367 278887 0.547 0
101 10.740414 59.916794 153281 0.611 0
217 10.751557 59.92257 121474 0.247 0
20 10.739111 59.91262 138268 1.0 0
240 10.936017 59.966625 211746 0.803 0
239 10.728036 59.947533 155716 0.968 0
187 10.739551 59.924313 278829 0.454 0
181 10.771438 59.91431 162771 0.552 0
320 10.663153 60.01764 182997 0.399 0
248 10.771562 59.907894 168051 0.885 0
278 10.757223 59.931183 17712 0.256 0
85 10.759446 59.92114 147503 0.046 0
78 10.88031 59.979256 239806 0.0 0
312 10.668584 59.99812 199319 1.0 0
250 10.682782 59.92076 158626 0.791 0
47 10.779368 59.90825 162421 0.614 0
284 10.724274 59.953342 126722 0.169 0
228 10.751166 59.91085 294292 0.833 0
262 10.669526 59.98638 154821 1.0 0
168 10.666526 59.96442 198838 0.73 0
1 10.731432 59.913536 315048 0.914 0
133 10.716445 59.92954 113860 0.109 0
274 10.770213 59.918068 41748 0.167 0
97 10.737371 59.918503 153269 0.179 0
55 10.739946 59.926125 119943 0.281 0
309 10.66806 59.998196 106688 0.435 0
154 10.715944 59.9273 28362 0.922 0
82 10.734813 59.917896 152975 0.566 0
281 10.757147 59.931023 17712 0.194 0
207 10.735294 59.938095 196791 0.103 0
68 10.720135 59.916702 11247 0.4 0
139 10.774535 59.94698 80448 0.501 0
245 10.761287 59.925983 112912 0.892 0
48 10.776548 59.965755 23311 1.0 0
293 10.812286 59.95335 41225 0.586 0
224 10.768218 59.90852 293534 0.0 0
279 10.75702 59.93098 256604 0.0 0
288 10.723891 59.95991 144451 0.646 0
298 10.812228 59.953457 41225 0.856 0
180 10.685742 59.906616 167862 0.063 0
136 10.643849 59.948265 274404 0.755 0
142 10.731564 59.92315 133872 0.23 0
151 10.716272 59.91657 274935 0.256 0
132 10.792656 59.923603 187861 0.88 0
14 10.758972 59.92409 147649 0.378 0
192 10.702841 59.923923 49351 1.0 0
92 10.733718 59.932713 277297 0.536 0
27 10.739484 59.912205 157839 0.161 0
71 10.730345 59.91136 36776 0.602 0
90 10.755369 59.912132 9812 0.339 0
