66 10.73437 59.91461 233778 1.0 0
3 10.738834 59.915237 276646 1.0 0
99 10.734913 59.914124 233832 1.0 0
30 10.766946 59.91042 56342 1.0 0
17 10.743425 59.91464 290436 0.0 0
79 10.734731 59.914143 233822 1.0 0
65 10.734093 59.91469 233776 1.0 0
94 10.733509 59.91448 233432 1.0 0
5 10.747761 59.913895 234130 0.0 0
83 10.733635 59.914364 233428 1.0 0
72 10.733934 59.91472 233774 1.0 0
107 10.734812 59.914146 233826 1.0 0
85 10.733726 59.914314 233426 1.0 0
84 10.733726 59.914314 233426 1.0 0
14 10.708998 59.91726 307336 1.0 0
86 10.733726 59.914314 233426 1.0 0
93 10.734093 59.91469 233776 1.0 0
88 10.733726 59.914314 233426 1.0 0
1 10.709921 59.918793 16060 1.0 0
62 10.726157 59.911068 257226 1.0 0
29 10.708657 59.92656 97476 0.0 0
6 10.728309 59.9136 195696 0.0 0
80 10.734652 59.914074 233820 1.0 0
109 10.735033 59.91423 233834 1.0 0
69 10.733477 59.914505 233434 1.0 0
63 10.726389 59.91108 51392 1.0 0
98 10.734965 59.914253 233836 1.0 0
71 10.733934 59.91472 233774 1.0 0
73 10.734435 59.9141 233418 1.0 0
18 10.739497 59.914314 276332 1.0 0
74 10.734435 59.9141 233418 1.0 0
108 10.734984 59.91427 233838 1.0 0
76 10.734172 59.91417 233420 1.0 0
67 10.73437 59.91461 233778 1.0 0
77 10.73437 59.91461 233778 1.0 0
0 10.71076 59.929806 98736 1.0 0
87 10.733726 59.914314 233426 1.0 0
92 10.734172 59.91417 233420 1.0 0
78 10.734792 59.914127 233824 1.0 0
20 10.729359 59.913467 195698 1.0 0
7 10.732827 59.913597 289104 1.0 0
15 10.76572 59.936047 296260 1.0 0
16 10.724871 59.910107 98406 1.0 0
68 10.734619 59.914524 233780 1.0 0
106 10.735007 59.91431 233842 1.0 0
104 10.734946 59.914326 233844 1.0 0
57 10.726157 59.911068 257226 1.0 0
97 10.734966 59.914272 233840 1.0 0
13 10.712859 59.93289 3276 1.0 0
58 10.726599 59.91105 257224 1.0 0
