184 10.740702 59.92367 278887 0.547 32
101 10.740414 59.916794 153281 0.611 35
217 10.751557 59.92257 121474 0.247 68
20 10.739111 59.91262 138268 1.0 36
240 10.936017 59.966625 211746 0.803 15
239 10.728036 59.947533 155716 0.968 51
187 10.739551 59.924313 278829 0.454 26
181 10.771438 59.91431 162771 0.552 42
320 10.663153 60.01764 182997 0.399 16
248 10.771562 59.907894 168051 0.885 98
278 10.757223 59.931183 17712 0.256 48
85 10.759446 59.92114 147503 0.046 100
78 10.88031 59.979256 239806 0.0 62
312 10.668584 59.99812 199319 1.0 62
250 10.682782 59.92076 158626 0.791 66
47 10.779368 59.90825 162421 0.614 1
284 10.724274 59.953342 126722 0.169 71
228 10.751166 59.91085 294292 0.833 35
262 10.669526 59.98638 154821 1.0 57
168 10.666526 59.96442 198838 0.73 60
1 10.731432 59.913536 315048 0.914 48
133 10.716445 59.92954 113860 0.109 52
274 10.770213 59.918068 41748 0.167 60
97 10.737371 59.918503 153269 0.179 46
55 10.739946 59.926125 119943 0.281 69
309 10.66806 59.998196 106688 0.435 47
154 10.715944 59.9273 28362 0.922 94
82 10.734813 59.917896 152975 0.566 44
281 10.757147 59.931023 17712 0.194 51
207 10.735294 59.938095 196791 0.103 47
68 10.720135 59.916702 11247 0.4 56
139 10.774535 59.94698 80448 0.501 56
245 10.761287 59.925983 112912 0.892 70
48 10.776548 59.965755 23311 1.0 85
293 10.812286 59.95335 41225 0.586 64
224 10.768218 59.90852 293534 0.0 34
279 10.75702 59.93098 256604 0.0 32
288 10.723891 59.95991 144451 0.646 49
298 10.812228 59.953457 41225 0.856 57
180 10.685742 59.906616 167862 0.063 46
136 10.643849 59.948265 274404 0.755 72
142 10.731564 59.92315 133872 0.23 69
151 10.716272 59.91657 274935 0.256 78
132 10.792656 59.923603 187861 0.88 18
14 10.758972 59.92409 147649 0.378 31
192 10.702841 59.923923 49351 1.0 59
92 10.733718 59.932713 277297 0.536 66
27 10.739484 59.912205 157839 0.161 84
71 10.730345 59.91136 36776 0.602 58
90 10.755369 59.912132 9812 0.339 55
