91 13.333222 52.46914 88451 0.834 0
595 13.493534 52.51206 418430 0.175 0
134 13.426134 52.478523 340581 0.081 0
584 13.419253 52.514717 368992 1.0 0
180 13.348902 52.507572 310168 0.539 0
84 13.332138 52.506588 486649 0.756 0
182 13.275636 52.535873 162006 0.279 0
295 13.291062 52.47504 2104 0.841 0
483 13.315043 52.51277 480866 0.866 0
529 13.367455 52.462227 196729 0.422 0
144 13.306173 52.507614 5503 0.263 0
464 13.283255 52.58978 250552 0.465 0
165 13.377798 52.508892 383625 0.41 0
362 13.4142 52.50277 455562 0.542 0
285 13.288935 52.476395 1003 0.625 0
302 13.265599 52.513138 437508 0.795 0
590 13.3886 52.49365 502780 0.716 0
351 13.393332 52.48904 11101 0.529 0
469 13.204407 52.536987 103878 0.429 0
551 13.391271 52.514996 467181 0.242 0
82 13.451319 52.508656 199378 0.043 0
129 13.441676 52.50088 464208 0.694 0
354 13.508645 52.45148 428932 0.78 0
514 13.504818 52.548004 106922 0.766 0
185 13.281292 52.589397 39960 0.199 0
332 13.439961 52.475113 413688 0.481 0
527 13.424241 52.53856 496403 0.686 0
238 13.578795 52.45842 140526 0.715 0
241 13.384431 52.458015 264298 0.001 0
56 13.196231 52.52914 88468 0.023 0
569 13.157809 52.41902 183244 0.297 0
571 13.320019 52.49754 4131 0.086 0
400 13.262911 52.43782 245887 0.375 0
94 13.296367 52.44266 300383 0.34 0
251 13.510354 52.456608 235185 0.781 0
253 13.406355 52.53506 467942 0.017 0
215 13.404073 52.580772 21524 0.547 0
312 13.334806 52.47137 8502 0.332 0
57 13.197635 52.52118 12829 0.664 0
375 13.340035 52.503536 304634 0.286 0
381 13.207994 52.560905 328066 0.582 0
319 13.49099 52.421005 323678 0.596 0
596 13.312292 52.49897 3626 0.695 0
236 13.442915 52.54329 174325 0.441 0
89 13.283559 52.589344 170906 0.072 0
22 13.441189 52.54222 386655 0.58 0
438 13.422204 52.492805 431328 0.395 0
518 13.391531 52.510548 458127 0.694 0
320 13.497743 52.419186 305646 0.507 0
298 13.267884 52.53692 139598 0.482 0