24 13.446578 52.521362 28916 1.0 0
34 13.40108 52.533108 117554 1.0 0
42 13.312336 52.48948 89418 1.0 0
132 13.206372 52.538597 62084 1.0 0
138 13.47754 52.51718 142106 1.0 0
93 13.372402 52.50723 394622 1.0 0
13 13.416983 52.500595 410462 1.0 0
0 13.408053 52.536995 494216 1.0 0
80 13.417085 52.49248 226930 1.0 0
53 13.309386 52.550606 485238 1.0 0
106 13.410289 52.529827 354678 1.0 0
23 13.463785 52.516617 34584 0.0 0
70 13.297688 52.44207 275902 1.0 0
26 13.413636 52.540024 338916 0.748 0
117 13.372617 52.509293 323672 1.0 0
78 13.415001 52.543312 288818 1.0 0
90 13.421908 52.495975 167982 1.0 0
77 13.201438 52.536762 128648 1.0 0
37 13.328688 52.50629 497876 1.0 0
17 13.413022 52.558144 444692 1.0 0
98 13.326593 52.494194 34780 1.0 0
128 13.330462 52.477062 81376 1.0 0
27 13.317934 52.45519 496288 1.0 0
107 13.290194 52.518368 96866 1.0 0
18 13.6254 52.456482 76490 0.0 0
124 13.386611 52.4989 473282 1.0 0
92 13.203115 52.53841 149048 0.0 0
55 13.401989 52.525124 439592 1.0 0
15 13.381992 52.52414 128230 1.0 0
40 13.38412 52.55604 18720 1.0 0
67 13.407791 52.516647 364422 1.0 0
50 13.419642 52.501186 299582 1.0 0
25 13.410732 52.539524 86588 1.0 0
43 13.387928 52.493484 486 1.0 0
125 13.450992 52.54884 309288 1.0 0
74 13.388209 52.487133 284886 0.0 0
96 13.461518 52.512115 16498 1.0 0
69 13.326565 52.46433 408700 1.0 0
79 13.425245 52.491547 270892 1.0 0
12 13.414673 52.50132 27392 1.0 0
3 13.431619 52.481586 33782 1.0 0
20 13.394685 52.516186 294602 1.0 0
119 13.41119 52.526066 27736 0.0 0
10 13.359654 52.486465 24262 0.0 0
33 13.323123 52.510517 413152 0.0 0
110 13.285913 52.583725 100322 0.0 0
97 13.430338 52.528957 412566 1.0 0
65 13.321433 52.46689 16598 1.0 0
47 13.42334 52.504448 415064 1.0 0
121 13.401296 52.52549 26348 1.0 0