0 10.867568 59.9305 28428 1.0 47
1 10.749751 59.92863 119818 1.0 6
2 10.771549 59.92192 148893 1.0 64
3 10.822519 59.931152 253999 1.0 77
4 10.809337 59.94226 124257 1.0 99
5 10.711441 59.920193 8001 1.0 92
6 10.759873 59.94748 8665 0.0 13
7 10.889414 59.936306 129608 1.0 57
8 10.791755 59.91075 282707 1.0 89
9 10.776768 59.945812 80410 1.0 16
10 10.782115 59.96377 291993 1.0 52
11 10.659518 59.92877 156408 0.0 35
12 10.684694 59.937805 114144 0.0 55
13 10.826231 59.935333 284108 1.0 98
14 10.93893 59.94756 298578 1.0 13
15 10.675067 59.95098 305986 1.0 36
16 10.778735 59.94809 214571 1.0 75
17 10.728798 59.926254 10141 1.0 53
18 10.834783 59.849934 31126 0.227 51
19 10.814834 59.897682 75261 1.0 57
20 10.811016 59.875324 26311 1.0 58
21 10.819786 59.878944 321755 1.0 49
22 10.660289 59.929577 98440 1.0 42
23 10.675765 59.92165 21365 1.0 43
24 10.744015 59.935276 163642 1.0 14
25 10.773438 59.88033 268950 1.0 91
26 10.88378 59.960163 247217 0.127 15
27 10.777122 59.914413 162350 0.0 1
28 10.722054 59.932457 300251 1.0 92
29 10.790769 59.871983 33476 1.0 95
30 10.635873 59.926758 184577 1.0 28
31 10.636125 59.921295 265097 1.0 97
32 10.660749 59.91781 159856 1.0 2
33 10.878408 59.947624 214703 1.0 17
34 10.91053 59.952698 195912 1.0 24
35 10.789894 59.901627 261864 1.0 17
36 10.838583 59.94363 270753 1.0 34
37 10.724049 59.948536 137900 1.0 23
38 10.845153 59.92512 69116 1.0 3
39 10.709089 59.918365 276653 1.0 2
40 10.641716 59.962112 54604 1.0 50
41 10.725468 59.950268 3263 1.0 11
42 10.847668 59.91555 327152 1.0 31
43 10.800532 59.91652 273098 1.0 8
44 10.705042 59.91018 77243 1.0 65
45 10.907388 59.96272 68364 1.0 99
46 10.820746 59.910603 34439 1.0 25
47 10.831714 59.925824 300036 0.012 28
48 10.843323 59.922565 69065 1.0 40
49 10.833382 59.944046 66917 1.0 99
50 10.758619 59.892727 261091 1.0 18
51 10.84339 59.87412 276370 1.0 33
52 10.804365 59.847507 315849 1.0 10
53 10.751245 59.920895 154163 1.0 97
54 10.710078 59.909225 242726 1.0 25
55 10.839893 59.893555 266561 1.0 7
56 10.778074 59.94794 37029 1.0 7
57 10.850901 59.92763 42200 1.0 10
58 10.824797 59.92672 173902 1.0 29
59 10.810768 59.911987 4582 1.0 22
60 10.806535 59.871532 190634 1.0 57
61 10.778025 59.932438 270063 1.0 42
62 10.802298 59.896046 263097 0.0 2
63 10.842269 59.923256 137333 0.0 96
64 10.852181 59.898716 309878 1.0 83
65 10.88533 59.95933 68907 0.703 32
66 10.833374 59.900352 186783 1.0 30
67 10.843685 59.922554 241227 1.0 73
68 10.714314 59.90927 54398 1.0 67
69 10.843075 59.88325 268349 1.0 3
70 10.720343 59.934532 254417 1.0 77
71 10.750556 59.949783 262700 1.0 65
72 10.643518 59.94761 274392 1.0 44
73 10.843286 59.883377 187075 1.0 85
74 10.759943 59.92229 147515 0.776 53
75 10.70526 59.942616 219661 1.0 38
76 10.805563 59.8946 7763 1.0 87
77 10.758316 59.927143 304163 0.0 27
78 10.659739 59.917946 165048 1.0 68
79 10.641357 59.962513 54600 1.0 91
80 10.887343 59.818115 324961 1.0 42
81 10.868959 59.95244 68764 0.222 46
82 10.884522 59.949284 243863 1.0 93
83 10.928641 59.93609 184242 1.0 7
84 10.810537 59.927574 66501 1.0 42
85 10.826078 59.935658 284110 1.0 23
86 10.86065 59.932835 157383 1.0 44
87 10.833649 59.944046 53125 1.0 31
