0 10.811063 59.87346 32961 0.0 20
1 10.750195 59.9118 244223 0.0 27
2 10.75884 59.917084 29749 1.0 26
3 10.755496 59.93846 1321 1.0 89
4 10.769026 59.939083 148057 1.0 95
5 10.82212 59.903503 267979 0.894 64
6 10.813741 59.896774 310223 1.0 17
7 10.776933 59.926056 160135 1.0 64
8 10.75713 59.923462 147818 1.0 85
9 10.720776 59.940033 7111 1.0 44
10 10.738068 59.912617 138219 1.0 86
11 10.708912 59.915173 161476 1.0 15
12 10.753357 59.91342 286393 0.0 86
13 10.744682 59.9127 209948 0.0 50
14 10.73788 59.92113 122540 1.0 42
15 10.908616 59.95278 184819 1.0 74
16 10.684556 59.920002 48093 1.0 50
17 10.776989 59.965805 281370 1.0 76
18 10.856222 59.92225 182343 0.0 13
19 10.79389 59.939552 71348 1.0 82
20 10.745357 59.926006 278737 1.0 13
21 10.776092 59.91444 29230 1.0 97
22 10.908994 59.95289 195824 1.0 87
23 10.757106 59.922375 147811 0.942 22
24 10.720413 59.926765 276999 1.0 16
25 10.728478 59.940502 1898 1.0 21
26 10.728309 59.9136 97848 0.0 56
27 10.843514 59.875294 299891 1.0 34
28 10.79523 59.83429 244560 1.0 50
29 10.7434 59.91383 145227 1.0 27
30 10.676427 59.927216 105001 1.0 89
31 10.716223 59.928623 213131 1.0 66
32 10.704523 59.942513 219636 0.0 65
33 10.829897 59.84872 145939 0.0 54
34 10.773843 59.946835 80445 0.0 31
35 10.735162 59.937912 196790 1.0 27
36 10.845581 59.882484 159256 1.0 4
37 10.881937 59.932846 71097 1.0 37
38 10.847761 59.943806 137150 1.0 29
39 10.732213 59.92769 9933 1.0 6
40 10.840658 59.8945 293881 1.0 98
41 10.811456 59.94267 83560 1.0 7
42 10.78102 59.938114 235140 1.0 78
43 10.848345 59.926086 241759 1.0 25
44 10.761621 59.93429 119669 1.0 63
45 10.693717 59.95068 166343 1.0 22
46 10.70831 59.919617 234714 1.0 57
47 10.733251 59.949947 4178 1.0 49
48 10.740619 59.923737 278887 1.0 57
49 10.764012 59.912746 295587 1.0 88
50 10.923923 59.961647 112077 1.0 49
51 10.928955 59.97246 108729 1.0 19
52 10.759485 59.91208 250357 1.0 90
53 10.751511 59.911636 260376 1.0 41
54 10.753214 59.91111 307704 1.0 7
55 10.731608 59.91489 134666 1.0 87
56 10.759344 59.90845 300332 0.0 81
57 10.82212 59.903503 267979 0.894 54
58 10.813741 59.896774 310223 1.0 73
59 10.776933 59.926056 160135 1.0 3
60 10.75713 59.923462 147818 1.0 28
61 10.787184 59.904377 274807 1.0 81
62 10.796341 59.835064 192550 0.0 58
63 10.808949 59.944965 321631 1.0 3
64 10.811063 59.87346 32961 0.0 43
65 10.744682 59.9127 209948 0.0 20
66 10.73788 59.92113 122540 1.0 20
67 10.908616 59.95278 184819 1.0 86
68 10.684556 59.920002 48093 1.0 56
69 10.750195 59.9118 244223 0.0 29
70 10.75884 59.917084 29749 1.0 59
71 10.755496 59.93846 1321 1.0 83
72 10.769026 59.939083 148057 1.0 63
73 10.776092 59.91444 29230 1.0 72
74 10.908994 59.95289 195824 1.0 1
75 10.757106 59.922375 147811 0.942 92
76 10.720413 59.926765 276999 1.0 28
77 10.720776 59.940033 7111 1.0 76
78 10.738068 59.912617 138219 1.0 83
79 10.708912 59.915173 161476 1.0 71
80 10.753357 59.91342 286393 0.0 63
81 10.7434 59.91383 145227 1.0 97
82 10.676427 59.927216 105001 1.0 11
83 10.716223 59.928623 213131 1.0 26
84 10.704523 59.942513 219636 0.0 1
85 10.776989 59.965805 281370 1.0 39
86 10.856222 59.92225 182343 0.0 34
87 10.79389 59.939552 71348 1.0 80
88 10.745357 59.926006 278737 1.0 18
89 10.881937 59.932846 71097 1.0 27
90 10.847761 59.943806 137150 1.0 19
91 10.732213 59.92769 9933 1.0 72
92 10.840658 59.8945 293881 1.0 56
93 10.728478 59.940502 1898 1.0 12
94 10.728309 59.9136 97848 0.0 24
95 10.843514 59.875294 299891 1.0 16
96 10.79523 59.83429 244560 1.0 22
97 10.693717 59.95068 166343 1.0 65
98 10.70831 59.919617 234714 1.0 61
99 10.733251 59.949947 4178 1.0 68
100 10.740619 59.923737 278887 1.0 89
101 10.829897 59.84872 145939 0.0 73
102 10.773843 59.946835 80445 0.0 98
103 10.735162 59.937912 196790 1.0 92
104 10.845581 59.882484 159256 1.0 72
105 10.751511 59.911636 260376 1.0 48
106 10.753214 59.91111 307704 1.0 31
107 10.731608 59.91489 134666 1.0 67
108 10.759344 59.90845 300332 0.0 73
109 10.811456 59.94267 83560 1.0 14
110 10.78102 59.938114 235140 1.0 82
111 10.848345 59.926086 241759 1.0 15
112 10.761621 59.93429 119669 1.0 95
113 10.787184 59.904377 274807 1.0 41
114 10.796341 59.835064 192550 0.0 91
115 10.808949 59.944965 321631 1.0 89
116 10.764012 59.912746 295587 1.0 98
117 10.923923 59.961647 112077 1.0 74
118 10.928955 59.97246 108729 1.0 59
119 10.759485 59.91208 250357 1.0 19
