0 10.766605 59.95011 256095 0.0 25
1 10.740003 59.910103 136027 1.0 11
2 10.744116 59.917034 145266 1.0 13
3 10.781077 59.91382 295996 0.802 3
4 10.809232 59.866104 29920 1.0 81
5 10.749564 59.911304 197235 1.0 80
6 10.733932 59.91908 276683 1.0 13
7 10.733659 59.91904 276839 0.0 31
8 10.736888 59.91336 246495 0.0 69
9 10.80033 59.861076 88487 1.0 46
10 10.756465 59.9375 279944 0.609 29
11 10.75897 59.925472 147558 1.0 85
12 10.758508 59.92344 147657 1.0 29
13 10.757398 59.923424 147658 1.0 99
14 10.80419 59.879524 168761 1.0 23
15 10.800331 59.886837 34370 1.0 65
16 10.805472 59.87967 243570 1.0 94
17 10.757218 59.922237 147785 1.0 7
18 10.755091 59.91909 154422 1.0 40
19 10.760663 59.918243 111403 1.0 76
20 10.758049 59.918583 111516 1.0 14
21 10.758028 59.923153 75655 1.0 31
22 10.759194 59.923576 55540 1.0 71
23 10.75897 59.9223 147715 1.0 26
24 10.759329 59.92448 304221 1.0 99
25 10.737969 59.91399 246433 1.0 42
26 10.738656 59.913002 52904 1.0 58
27 10.723503 59.94833 163159 1.0 78
28 10.786646 59.880184 35128 0.344 58
29 10.759505 59.919083 147595 0.0 52
30 10.740468 59.90999 4142 1.0 15
31 10.804681 59.84923 44941 1.0 7
32 10.769621 59.90829 112566 0.0 25
33 10.747458 59.911644 6821 1.0 56
34 10.747458 59.911644 6821 1.0 92
35 10.747458 59.911644 6821 1.0 39
36 10.744682 59.9127 209948 0.0 71
37 10.757249 59.919674 147758 0.0 62
38 10.728765 59.920765 110894 1.0 98
39 10.751334 59.911713 260371 1.0 49
40 10.748447 59.911427 156575 1.0 33
41 10.715766 59.918907 48329 1.0 87
42 10.781284 59.91382 295996 0.0 41
43 10.752386 59.936047 119200 0.903 50
44 10.715457 59.928753 113943 1.0 35
45 10.743411 59.913116 265428 0.0 25
46 10.741795 59.91281 265391 1.0 72
47 10.73901 59.91381 138160 1.0 15
48 10.763083 59.911343 35609 1.0 78
49 10.712586 59.927147 279644 1.0 91
50 10.708872 59.92856 49363 0.0 92
51 10.682282 59.920982 52615 1.0 2
52 10.659767 59.917576 159857 1.0 24
53 10.717214 59.92947 1203 1.0 11
54 10.716593 59.92945 113857 1.0 78
55 10.724871 59.910107 49203 1.0 63
56 10.694413 59.924103 158985 1.0 94
57 10.725247 59.908813 69617 1.0 18
58 10.72552 59.90895 18099 0.0 1
59 10.750722 59.912407 244834 1.0 27
60 10.758049 59.918583 111516 1.0 26
61 10.674239 59.894905 169621 1.0 95
62 10.764721 59.949993 82232 1.0 75
63 10.739495 59.91031 4521 1.0 93
64 10.726034 59.910355 22382 0.0 75
65 10.74803 59.91878 739 1.0 34
66 10.724254 59.90872 315025 1.0 55
67 10.707789 59.91831 28252 1.0 25
68 10.682554 59.92063 48144 0.0 1
69 10.732299 59.91358 315047 1.0 81
70 10.733167 59.920322 276706 0.0 9
71 10.733422 59.92059 110989 1.0 73
72 10.729945 59.921223 276734 1.0 52
73 10.738931 59.912823 138211 1.0 39
74 10.744749 59.913303 245910 1.0 30
75 10.717223 59.929043 114011 1.0 14
76 10.644047 59.962315 55362 1.0 72
77 10.684556 59.920002 48093 1.0 92
78 10.686192 59.922092 271624 1.0 84
79 10.76727 59.905647 249997 1.0 80
80 10.721897 59.94039 18452 1.0 57
81 10.911065 59.952633 195911 1.0 39
82 10.733711 59.917755 325151 0.278 94
83 10.738721 59.910275 48294 1.0 38
84 10.726367 59.909344 50105 1.0 89
85 10.666868 59.96072 44331 1.0 70
86 10.63663 59.918697 311691 1.0 71
87 10.759505 59.919083 147595 0.0 53
88 10.832909 59.94418 271295 1.0 61
89 10.841927 59.913757 300282 1.0 37
90 10.857492 59.922516 288738 0.0 60
91 10.88524 59.949446 243835 0.571 53
92 10.673842 59.920227 169518 1.0 70
93 10.73815 59.91662 153345 1.0 12
94 10.848096 59.925667 241755 1.0 57
95 10.779314 59.90867 11709 1.0 60
96 10.751544 59.919144 154070 0.656 8
97 10.750694 59.9282 154168 1.0 54
98 10.751379 59.928093 154243 1.0 21
99 10.749865 59.928326 154174 1.0 34
100 10.800195 59.91764 273105 1.0 41
101 10.676816 59.919243 66704 1.0 27
102 10.748794 59.927616 154131 1.0 51
103 10.749001 59.92771 154132 1.0 40
104 10.749347 59.927906 154137 1.0 98
105 10.705542 59.910587 77244 1.0 55
106 10.766439 59.933426 8460 1.0 59
107 10.764575 59.935024 147978 1.0 42
108 10.74017 59.90841 4543 0.0 14
109 10.741472 59.90975 22656 0.0 43
110 10.796273 59.951954 292304 1.0 71
111 10.757519 59.923386 75692 1.0 67
112 10.757321 59.923462 147660 1.0 27
113 10.785571 59.906456 329527 1.0 2
114 10.727142 59.91086 4834 0.0 22
115 10.726461 59.910366 259396 1.0 71
116 10.751016 59.9277 449 0.0 11
117 10.746952 59.914165 216039 1.0 69
118 10.729005 59.92058 11313 1.0 34
119 10.743576 59.913662 245853 1.0 80
120 10.844357 59.883034 268277 1.0 75
121 10.71542 59.922092 8213 1.0 55
122 10.727138 59.92188 138779 1.0 92
123 10.727531 59.921112 110823 1.0 2
124 10.726103 59.923084 138933 1.0 6
125 10.694311 59.900517 89115 0.0 57
126 10.686737 59.90332 153832 1.0 25
127 10.698021 59.908054 49788 0.0 32
128 10.682711 59.937794 141381 1.0 76
129 10.73939 59.92334 278838 1.0 66
130 10.735634 59.922554 9902 1.0 15
131 10.734521 59.91317 144570 1.0 49
132 10.734348 59.91316 69958 1.0 58
133 10.715205 59.928173 114110 1.0 82
134 10.716848 59.91574 191038 1.0 14
135 10.716419 59.91616 153539 1.0 81
136 10.726032 59.915092 134590 0.0 74
137 10.688532 59.921345 135100 1.0 73
138 10.720669 59.91468 143982 1.0 67
139 10.7589 59.927155 304163 1.0 97
140 10.759302 59.925472 147539 1.0 96
141 10.735231 59.912636 144769 1.0 55
142 10.735185 59.912884 144688 0.0 79
143 10.728733 59.915142 134626 0.0 77
144 10.721819 59.90775 117744 1.0 6
145 10.723098 59.909317 98326 1.0 11
146 10.721702 59.90868 116858 1.0 76
147 10.748331 59.915176 286899 1.0 3
148 10.756971 59.930378 17708 1.0 6
149 10.71605 59.921715 8210 1.0 66
150 10.780489 59.945396 234405 1.0 35
151 10.780318 59.93515 270696 1.0 51
152 10.762187 59.91287 295653 1.0 20
153 10.725751 59.923897 138628 1.0 36
154 10.768358 59.908665 293535 1.0 66
155 10.759913 59.918163 270290 1.0 73
156 10.757346 59.92227 147711 1.0 14
157 10.723809 59.924168 191015 1.0 12
158 10.728478 59.940502 1898 1.0 90
159 10.73417 59.919605 276727 1.0 79
160 10.726526 59.9224 138610 1.0 5
161 10.785536 59.95533 303454 1.0 79
162 10.867358 59.95069 115748 1.0 13
163 10.867358 59.95069 115748 1.0 48
164 10.883764 59.96085 220663 1.0 38
165 10.756791 59.922375 147811 0.246 31
166 10.759514 59.91871 147677 0.0 13
167 10.757348 59.92057 40 1.0 32
168 10.75674 59.918667 111915 1.0 20
169 10.703883 59.943153 219639 0.0 44
170 10.865066 59.92711 307216 1.0 4
171 10.740064 59.91876 153324 1.0 6
172 10.757121 59.92549 16 1.0 58
173 10.724336 59.909393 49181 1.0 25
174 10.724257 59.90936 49178 1.0 95
175 10.725119 59.90963 49183 1.0 8
176 10.811673 59.94225 284301 1.0 83
177 10.740675 59.92311 286830 1.0 54
178 10.775137 59.92527 173104 1.0 70
179 10.759057 59.925426 147553 1.0 35
180 10.84339 59.87412 276370 1.0 44
181 10.757067 59.923367 147815 1.0 46
182 10.753158 59.91697 154376 1.0 20
183 10.747458 59.911644 6821 1.0 47
184 10.738297 59.92666 286565 1.0 12
185 10.819152 59.907593 263613 0.0 71
186 10.753903 59.914654 262666 1.0 95
187 10.755754 59.913624 244453 1.0 12
188 10.807086 59.871323 37760 1.0 46
189 10.763664 59.912632 295580 1.0 73
190 10.767419 59.91051 28170 1.0 60
191 10.882122 59.958157 150250 1.0 59
192 10.819111 59.90678 26602 1.0 23
193 10.740064 59.91876 153324 1.0 88
194 10.740253 59.918144 153319 1.0 27
195 10.759188 59.92197 147576 1.0 49
196 10.771046 59.94161 172311 1.0 2
197 10.751534 59.92209 315917 1.0 56
198 10.748588 59.915604 145391 1.0 76
199 10.748711 59.915695 145388 1.0 75
200 10.759246 59.927307 112928 1.0 71
201 10.759718 59.942333 282092 1.0 4
202 10.793247 59.930897 309110 0.0 46
203 10.773829 59.939465 284647 1.0 62
204 10.733728 59.91416 245386 1.0 4
205 10.775888 59.907047 162059 1.0 9
206 10.758986 59.939934 282126 1.0 70
207 10.759156 59.93925 282058 1.0 87
208 10.873809 59.95365 293375 1.0 52
209 10.735699 59.911186 258538 1.0 50
210 10.763211 59.93324 148404 1.0 80
211 10.719446 59.91435 247367 1.0 76
212 10.677134 59.927288 105002 1.0 66
213 10.734162 59.91394 245395 1.0 99
214 10.740913 59.914597 246029 1.0 89
215 10.759302 59.925472 147539 1.0 84
216 10.8238 59.940033 284506 1.0 65
217 10.722285 59.908386 98335 1.0 56
218 10.725721 59.908764 98322 1.0 29
219 10.725721 59.908764 98322 1.0 68
220 10.725721 59.908764 98322 1.0 7
221 10.761179 59.928394 279046 1.0 36
222 10.728874 59.914192 28243 1.0 11
223 10.72874 59.913807 97848 1.0 37
224 10.721069 59.908215 117731 1.0 7
225 10.706285 59.918827 7995 1.0 97
226 10.717437 59.915245 153545 1.0 59
227 10.715439 59.927834 8128 0.0 62
228 10.714648 59.92599 18949 0.0 2
229 10.734023 59.932816 277335 1.0 71
230 10.731602 59.948387 137888 1.0 30
231 10.749434 59.913425 245945 1.0 16
232 10.736182 59.91267 246522 1.0 8
233 10.718987 59.91386 271926 1.0 42
234 10.714878 59.91637 165192 1.0 10
235 10.711876 59.916264 272013 1.0 9
236 10.77514 59.94688 53432 0.0 17
237 10.716688 59.92098 8208 1.0 97
238 10.719582 59.930576 164105 1.0 42
239 10.716742 59.931374 49470 1.0 93
240 10.716691 59.92945 113855 1.0 63
241 10.765797 59.923393 148765 0.0 21
242 10.751886 59.916275 154378 1.0 26
243 10.703073 59.918713 153626 1.0 48
244 10.722981 59.913322 144050 1.0 43
245 10.736638 59.94941 73680 0.0 58
246 10.722764 59.911057 25694 1.0 37
247 10.719767 59.92585 154471 0.0 22
248 10.737997 59.911926 2393 1.0 88
249 10.742922 59.909405 34743 1.0 4
250 10.715391 59.928192 113940 0.0 4
251 10.750572 59.9241 262726 1.0 14
252 10.745157 59.910957 168028 1.0 21
253 10.75948 59.918552 111494 1.0 98
254 10.747216 59.91461 250575 1.0 55
255 10.746881 59.91438 286906 1.0 9
256 10.743142 59.909634 152649 1.0 61
257 10.739846 59.923626 278830 1.0 23
258 10.713358 59.916668 147343 1.0 72
259 10.744161 59.91695 145161 1.0 73
260 10.714589 59.91635 272126 1.0 78
261 10.734869 59.913918 134724 1.0 5
262 10.717713 59.915005 153546 1.0 68
263 10.751633 59.921849 214503 0.383 87
264 10.739693 59.91505 22596 1.0 65
265 10.734633 59.91391 144580 1.0 42
266 10.781937 59.933563 106220 1.0 96
267 10.755845 59.937412 279800 1.0 49
268 10.721702 59.90868 116858 1.0 39
269 10.730133 59.926 227614 1.0 56
270 10.718143 59.919895 147488 1.0 27
271 10.753073 59.90796 34771 1.0 87
272 10.752541 59.90723 299726 1.0 70
273 10.731217 59.923855 133977 1.0 2
274 10.75325 59.916855 259347 1.0 79
275 10.750867 59.914684 11850 0.0 26
276 10.71372 59.9278 4280 1.0 88
277 10.748264 59.911232 250481 1.0 51
278 10.84253 59.89185 139995 1.0 75
279 10.751766 59.928177 2531 0.0 28
280 10.739057 59.922726 311820 0.0 75
281 10.732214 59.921562 110974 1.0 70
282 10.734507 59.920467 111033 1.0 97
283 10.771046 59.94161 172311 1.0 17
284 10.759249 59.92002 147693 1.0 7
285 10.751407 59.919563 11629 0.0 53
286 10.749844 59.91728 724 0.0 59
287 10.751343 59.91595 11849 0.0 76
288 10.741487 59.91311 245864 1.0 34
289 10.807752 59.942245 66895 1.0 41
290 10.759186 59.934654 11540 1.0 61
291 10.743957 59.91049 53689 1.0 10
292 10.72048 59.914433 144088 0.0 20
293 10.748456 59.91009 165231 1.0 17
294 10.719539 59.91483 271938 1.0 98
295 10.830443 59.84889 206768 1.0 49
296 10.731004 59.924282 134003 1.0 46
297 10.753301 59.92821 154066 1.0 18
298 10.753409 59.915886 722 1.0 67
299 10.756717 59.938133 1321 0.0 71
300 10.756717 59.938133 1321 0.0 59
301 10.771113 59.927097 120109 0.0 99
302 10.716096 59.915985 272157 1.0 76
303 10.727577 59.920174 110813 1.0 90
304 10.733372 59.93302 277296 1.0 96
305 10.732759 59.92834 122067 1.0 19
306 10.875875 59.946636 227641 1.0 82
307 10.765051 59.928757 148657 1.0 74
308 10.764696 59.92874 279198 1.0 71
309 10.756559 59.937946 10702 1.0 22
310 10.754969 59.93756 279799 1.0 47
311 10.733985 59.93109 138016 1.0 61
312 10.733985 59.93109 138016 1.0 21
313 10.732183 59.921658 276753 1.0 27
314 10.731161 59.926388 133839 1.0 81
315 10.757478 59.92008 147698 1.0 55
316 10.750322 59.916332 145377 1.0 10
317 10.760839 59.928413 279114 1.0 8
318 10.753301 59.92821 154066 1.0 49
319 10.760292 59.910324 157982 1.0 93
320 10.761353 59.910595 157979 1.0 60
321 10.821013 59.87117 86099 1.0 74
322 10.770575 59.92228 148857 1.0 77
323 10.771082 59.922653 148853 1.0 81
324 10.752527 59.922478 214483 1.0 16
325 10.709916 59.912746 164860 1.0 54
326 10.715625 59.916294 165194 1.0 86
327 10.797649 59.913963 201442 1.0 18
328 10.727839 59.910393 269942 1.0 78
329 10.76223 59.913734 3653 1.0 21
330 10.737969 59.91399 246433 1.0 11
331 10.736444 59.914654 138345 1.0 74
332 10.718226 59.928116 138579 1.0 77
333 10.740039 59.914825 138167 1.0 2
334 10.746731 59.910885 6823 1.0 46
335 10.759443 59.941128 282075 1.0 13
336 10.878688 59.9646 84348 1.0 36
337 10.751862 59.952694 124627 1.0 24
338 10.746861 59.911022 6822 1.0 20
339 10.738249 59.922714 9551 1.0 80
340 10.703565 59.919033 153672 1.0 16
341 10.7591 59.926865 133102 1.0 82
342 10.759056 59.92562 147532 1.0 4
343 10.705501 59.91868 272069 0.0 81
344 10.744581 59.911095 168029 1.0 14
345 10.759152 59.92143 147525 0.165 24
346 10.749249 59.910904 209920 1.0 87
347 10.751578 59.911705 260375 1.0 38
348 10.751926 59.910774 294291 1.0 27
349 10.706285 59.918827 7995 1.0 35
350 10.846357 59.929085 241030 1.0 37
351 10.735843 59.91407 246443 1.0 55
352 10.641621 59.925743 181422 0.0 43
353 10.791191 59.931057 309213 1.0 26
354 10.751134 59.915947 145378 1.0 10
355 10.763123 59.933216 148401 1.0 79
356 10.695829 59.959835 175207 1.0 66
357 10.739753 59.91495 138327 1.0 48
358 10.741132 59.923958 120025 1.0 70
359 10.74803 59.91878 739 1.0 41
360 10.77615 59.92642 160234 0.0 44
361 10.742315 59.91696 145277 1.0 21
362 10.760782 59.91271 276966 1.0 6
363 10.761642 59.912548 116166 1.0 53
364 10.76122 59.912563 116169 1.0 29
365 10.713857 59.92966 113596 1.0 79
366 10.732497 59.948532 4167 1.0 65
367 10.733372 59.94816 73701 1.0 67
368 10.93963 59.946617 164074 1.0 26
369 10.763277 59.912838 295573 0.0 96
370 10.770516 59.92106 300698 1.0 23
371 10.731477 59.91424 134508 1.0 40
372 10.728694 59.910557 269945 1.0 34
373 10.758833 59.912434 50473 1.0 92
374 10.759238 59.91337 670 1.0 8
375 10.898114 59.942333 78283 0.0 47
376 10.758863 59.913525 311413 1.0 8
377 10.73275 59.9135 144554 1.0 71
378 10.726515 59.910572 259397 1.0 85
379 10.761621 59.93429 119669 1.0 96
380 10.752254 59.936634 320035 1.0 25
381 10.728694 59.910557 269945 1.0 16
382 10.7283 59.910187 4835 1.0 83
383 10.727917 59.91041 4834 1.0 99
384 10.727181 59.909706 22383 1.0 58
385 10.75086 59.91055 28298 1.0 49
386 10.751588 59.910442 28295 1.0 29
387 10.751145 59.911274 260379 1.0 98
388 10.751588 59.910442 28295 1.0 93
389 10.756186 59.93766 279771 0.0 84
390 10.779872 59.90739 282914 1.0 46
391 10.750938 59.91085 294293 1.0 2
392 10.750821 59.911083 29277 1.0 31
393 10.734369 59.907623 36570 1.0 20
394 10.713004 59.927578 113743 1.0 35
395 10.762487 59.9124 116163 1.0 59
396 10.761724 59.91286 168109 1.0 75
397 10.709548 59.930153 240196 1.0 39
398 10.741824 59.912502 52963 1.0 35
399 10.834141 59.90083 186780 0.0 34
400 10.756609 59.908367 314135 1.0 35
401 10.763083 59.911343 35609 1.0 96
402 10.762855 59.911026 48175 1.0 6
403 10.765167 59.912216 231049 1.0 43
404 10.764221 59.91242 231047 1.0 78
405 10.765486 59.91315 295543 1.0 16
406 10.757919 59.908035 314132 1.0 42
407 10.760625 59.91062 157984 1.0 46
408 10.763995 59.912647 295525 1.0 64
409 10.7668 59.948685 90673 1.0 10
410 10.767526 59.94763 230050 1.0 28
411 10.804413 59.847042 315846 1.0 82
412 10.927009 59.9677 44422 1.0 93
413 10.765167 59.912216 231049 1.0 59
414 10.766415 59.91223 300547 1.0 29
415 10.765712 59.912064 243544 1.0 49
416 10.766415 59.91223 300547 1.0 19
417 10.928086 59.972378 108714 1.0 31
418 10.842138 59.835724 243087 1.0 77
419 10.792595 59.93066 309216 1.0 62
420 10.749686 59.913494 112458 0.0 25
421 10.843856 59.924606 241101 0.0 33
422 10.923788 59.961636 229644 1.0 97
423 10.91748 59.968494 110304 1.0 85
424 10.914691 59.96224 172465 1.0 54
425 10.760578 59.907383 314121 1.0 70
426 10.645285 59.94741 78634 1.0 26
427 10.775099 59.9093 244373 1.0 69
428 10.881833 59.96136 220843 1.0 18
429 10.758236 59.90883 239454 1.0 43
430 10.759249 59.907604 271373 1.0 82
431 10.757639 59.908943 239455 1.0 46
432 10.759336 59.907696 314130 1.0 49
433 10.767953 59.949017 287264 1.0 92
434 10.714696 59.916725 274941 1.0 7
435 10.740644 59.91129 52884 1.0 25
436 10.735331 59.908512 35955 1.0 80
437 10.741677 59.912285 265413 1.0 31
438 10.767327 59.91406 295475 1.0 91
439 10.847403 59.899345 266656 1.0 15
440 10.768762 59.949745 285068 1.0 88
441 10.750389 59.917934 772 1.0 79
442 10.761204 59.927116 40740 0.0 14
443 10.709812 59.931343 312046 1.0 31
444 10.743112 59.911446 53627 1.0 57
445 10.724483 59.908775 315024 1.0 82
446 10.775729 59.926403 160256 1.0 12
447 10.775285 59.92636 160022 1.0 21
448 10.776039 59.92589 160066 0.0 51
449 10.754067 59.903404 184914 0.0 16
450 10.750867 59.914684 11850 0.0 86
451 10.759218 59.918697 147614 1.0 48
452 10.751324 59.914894 286183 1.0 35
453 10.767789 59.914112 295642 1.0 28
454 10.769955 59.91506 162837 1.0 99
455 10.751343 59.91595 11849 0.0 1
456 10.753526 59.902775 194803 1.0 39
457 10.749779 59.91362 27505 1.0 59
458 10.73838 59.916367 246164 1.0 1
459 10.740557 59.915468 246184 0.565 14
460 10.754045 59.91735 154381 0.0 13
461 10.752961 59.916866 154377 1.0 18
462 10.790181 59.901714 317745 1.0 11
463 10.74375 59.918217 145254 0.24 65
464 10.751343 59.91595 11849 0.0 14
465 10.750237 59.91211 88592 0.0 13
466 10.734748 59.911488 259556 1.0 16
467 10.736825 59.91518 117163 1.0 17
468 10.924063 59.961075 328683 1.0 28
469 10.734113 59.91317 144568 1.0 49
470 10.73517 59.912548 144768 1.0 51
471 10.751273 59.95111 133340 1.0 28
472 10.753608 59.914814 12360 1.0 53
473 10.771397 59.911335 3737 1.0 46
474 10.70919 59.912804 164934 1.0 95
475 10.745157 59.910957 168028 1.0 73
476 10.720638 59.91451 144088 1.0 64
477 10.924326 59.960907 328684 1.0 68
478 10.92423 59.96238 26857 1.0 38
479 10.925159 59.962246 110564 1.0 97
480 10.924326 59.960907 328684 1.0 86
481 10.77569 59.91464 29232 1.0 88
482 10.781515 59.9078 282902 1.0 19
483 10.755555 59.915462 111829 1.0 3
484 10.763502 59.914303 3639 1.0 91
485 10.714813 59.92904 326543 1.0 72
486 10.755091 59.91909 154422 1.0 58
487 10.775757 59.914524 29234 1.0 40
488 10.77569 59.91464 29232 1.0 16
489 10.67453 59.895317 170213 1.0 5
490 10.695518 59.90736 247448 1.0 48
491 10.695518 59.90736 247448 1.0 71
492 10.695518 59.90736 247448 1.0 41
493 10.763502 59.914303 3639 1.0 99
494 10.674223 59.894943 182082 0.0 17
495 10.6747 59.894936 169620 1.0 45
496 10.674152 59.895187 182084 1.0 69
497 10.666663 59.960327 85690 1.0 19
498 10.667647 59.960693 44332 1.0 8
499 10.666868 59.96072 44331 1.0 35
500 10.666868 59.96072 44331 1.0 94
501 10.695518 59.90736 247448 1.0 11
502 10.695518 59.90736 247448 1.0 33
503 10.695518 59.90736 247448 1.0 24
504 10.667647 59.960693 44332 1.0 12
505 10.666868 59.96072 44331 1.0 51
506 10.681121 59.978172 107934 1.0 76
507 10.680444 59.977966 107940 1.0 53
508 10.681036 59.977818 23767 1.0 48
509 10.666868 59.96072 44331 1.0 83
510 10.666868 59.96072 44331 1.0 90
511 10.666868 59.96072 44331 1.0 14
512 10.666868 59.96072 44331 1.0 44
513 10.677899 59.977707 107952 1.0 9
514 10.677072 59.977722 107955 1.0 52
515 10.677899 59.977707 107952 1.0 3
516 10.677223 59.977394 107946 1.0 54
517 10.680497 59.97814 84783 0.0 70
518 10.677072 59.977722 107955 1.0 26
519 10.677899 59.977707 107952 1.0 28
520 10.677063 59.977604 107954 1.0 84
521 10.677072 59.977722 107955 1.0 66
522 10.677589 59.977386 107948 1.0 94
523 10.677889 59.97752 107951 1.0 20
524 10.677063 59.977604 107954 1.0 16
525 10.677454 59.977383 107947 1.0 69
526 10.677454 59.977383 107947 1.0 36
527 10.677072 59.977722 107955 1.0 90
528 10.677589 59.977386 107948 1.0 76
529 10.677899 59.977707 107952 1.0 48
530 10.677072 59.977722 107955 1.0 4
531 10.677072 59.977722 107955 1.0 94
532 10.677454 59.977383 107947 1.0 78
533 10.677856 59.977481 107951 0.4 80
534 10.677072 59.977722 107955 1.0 86
535 10.677889 59.97752 107951 1.0 49
536 10.677899 59.977707 107952 1.0 67
537 10.677899 59.977707 107952 1.0 17
538 10.695803 59.907425 247454 1.0 74
539 10.695518 59.90736 247448 1.0 22
540 10.695518 59.90736 247448 1.0 72
541 10.677072 59.977722 107955 1.0 98
542 10.677899 59.977707 107952 1.0 92
543 10.677072 59.977722 107955 1.0 6
544 10.677072 59.977722 107955 1.0 8
545 10.696051 59.90738 252885 1.0 89
546 10.73525 59.914577 116930 0.057 9
547 10.73529 59.914614 116929 0.14 66
548 10.735497 59.914482 116907 0.0 61
549 10.695656 59.90736 247450 1.0 96
550 10.695656 59.90736 247450 1.0 81
551 10.696051 59.90738 252885 1.0 38
552 10.69578 59.907402 247453 1.0 12
553 10.716779 59.940094 36998 1.0 12
554 10.716779 59.940094 36998 1.0 45
555 10.716542 59.940113 98885 1.0 29
556 10.716542 59.940113 98885 1.0 91
557 10.735253 59.914577 116929 1.0 25
558 10.735568 59.914543 116907 1.0 23
559 10.716948 59.94007 72293 1.0 65
560 10.71685 59.940052 98884 1.0 63
561 10.73177 59.936214 163984 1.0 42
562 10.761897 59.899418 217941 1.0 1
563 10.761318 59.899117 319792 1.0 49
564 10.761897 59.899418 217941 1.0 80
565 10.716779 59.940094 36998 1.0 7
566 10.73177 59.936214 163984 1.0 19
567 10.73177 59.936214 163984 1.0 79
568 10.731734 59.93625 163985 1.0 38
569 10.761897 59.899418 217941 1.0 62
570 10.761897 59.899418 217941 1.0 82
571 10.761897 59.899418 217941 1.0 90
572 10.761318 59.899117 319792 1.0 90
573 10.761897 59.899418 217941 1.0 15
574 10.761897 59.899418 217941 1.0 16
575 10.761612 59.899567 217940 1.0 82
576 10.761318 59.899117 319792 1.0 67
577 10.759864 59.912872 276974 1.0 6
578 10.760794 59.91283 276962 1.0 21
579 10.759864 59.912872 276974 1.0 84
580 10.760794 59.91283 276962 1.0 58
581 10.761612 59.899567 217940 1.0 79
582 10.761897 59.899418 217941 1.0 25
583 10.759864 59.912872 276974 1.0 89
584 10.760794 59.91283 276962 1.0 75
585 10.759864 59.912872 276974 1.0 35
586 10.759864 59.912872 276974 1.0 41
587 10.759864 59.912872 276974 1.0 87
588 10.758771 59.913563 276873 1.0 96
589 10.759864 59.912872 276974 1.0 42
590 10.759864 59.912872 276974 1.0 99
591 10.759864 59.912872 276974 1.0 15
592 10.760794 59.91283 276962 1.0 78
593 10.758747 59.913532 276872 1.0 77
594 10.758555 59.91364 276878 1.0 8
595 10.758518 59.913605 276879 1.0 3
596 10.758673 59.91365 276876 1.0 88
597 10.758473 59.913532 276880 1.0 88
598 10.758604 59.913654 276877 1.0 18
599 10.758773 59.9136 276874 1.0 54
600 10.758741 59.913635 276875 1.0 71
601 10.764537 59.92371 148776 0.0 43
602 10.764634 59.923683 148840 1.0 56
603 10.764537 59.92371 148776 0.0 76
604 10.869049 59.930973 232716 1.0 40
605 10.758473 59.913532 276880 1.0 36
606 10.764252 59.92368 40811 0.0 88
607 10.764537 59.92371 148776 0.0 7
608 10.764537 59.92371 148776 0.0 45
609 10.868797 59.930954 232719 1.0 57
610 10.869101 59.930855 232712 1.0 65
611 10.868797 59.930954 232719 1.0 54
612 10.816007 59.94696 271227 1.0 15
613 10.868455 59.93056 28434 1.0 53
614 10.868455 59.93056 28434 1.0 22
615 10.869101 59.930855 232712 1.0 2
616 10.868984 59.930984 232717 1.0 48
617 10.803381 59.95891 254679 1.0 68
618 10.804268 59.95936 254832 1.0 96
619 10.804425 59.95915 254831 1.0 93
620 10.804425 59.95915 254831 1.0 23
621 10.816007 59.94696 271227 1.0 36
622 10.816007 59.94696 271227 1.0 34
623 10.816007 59.94696 271227 1.0 74
624 10.803827 59.958584 42977 1.0 11
625 10.804268 59.95936 254832 1.0 33
626 10.803654 59.958683 254678 1.0 69
627 10.804018 59.95864 42978 1.0 91
