0 10.9155052 44.6422443 175 1.0 44
1 10.9156847 44.6423955 174 0.0 7
2 10.9155866 44.6419394 176 1.0 67
3 10.9156244 44.6419151 186 0.0 56
4 10.9153278 44.6418699 193 1.0 79
5 10.915343 44.6418372 188 1.0 70
6 10.9157917 44.6418739 187 1.0 64
7 10.9146949 44.6423698 19413 1.0 16
8 10.9166071 44.6421131 191 1.0 88
9 10.9153746 44.6410897 2022 1.0 8
10 10.9167586 44.6421575 2000 0.0 95
11 10.9143368 44.6415638 1116 1.0 68
12 10.9143174 44.6415913 1115 1.0 19
13 10.9152123 44.6435718 1177 1.0 59
14 10.9164119 44.6432727 174 1.0 77
15 10.9167289 44.6428659 1124 1.0 42
16 10.9141039 44.6418932 1117 1.0 59
17 10.9168562 44.6416739 2005 1.0 54
18 10.9147692 44.6435164 1175 0.0 32
19 10.9146083 44.6434184 192 1.0 95
20 10.9170043 44.6423658 1119 1.0 22
21 10.9168395 44.6415196 2003 1.0 6
22 10.9170272 44.6423352 186 1.0 31
23 10.9139609 44.6421007 17635 1.0 24
24 10.9147784 44.6408667 2019 1.0 66
25 10.9145528 44.6434897 1176 1.0 93
26 10.916531 44.6434302 8372 1.0 55
27 10.916159 44.6436869 8370 1.0 95
28 10.9163865 44.6436474 8369 0.0 15
29 10.9147208 44.6437058 1175 1.0 92
30 10.9158715 44.6406141 2931 1.0 33
31 10.917104 44.6415972 2002 1.0 12
32 10.9173246 44.6424621 1123 1.0 25
33 10.9173456 44.6424274 1122 1.0 95
34 10.9166885 44.6436762 8367 1.0 36
35 10.9138866 44.6413319 190 1.0 30
36 10.9173927 44.6423495 2000 1.0 53
37 10.9166951 44.6437369 8378 1.0 49
38 10.9167622 44.6437365 162 1.0 77
39 10.9142772 44.6406588 2023 1.0 16
40 10.9175741 44.6417463 2004 1.0 43
41 10.9140952 44.6405781 2929 1.0 11
42 10.9135871 44.6433082 6582 1.0 39
43 10.9135721 44.6433776 6050 1.0 7
44 10.9134772 44.6433703 6056 0.0 83
45 10.9133676 44.6412886 1114 1.0 86
46 10.9133544 44.6413147 1111 1.0 39
47 10.9131979 44.6416231 1113 1.0 94
48 10.9149298 44.6446549 9763 1.0 60
49 10.9168085 44.6401219 2011 1.0 50
