0 10.9075811 44.667102 249 0.0 24
1 10.9074818 44.6669818 251 1.0 95
2 10.9079413 44.6667548 249 1.0 56
3 10.9073302 44.6681541 2188 1.0 31
4 10.9056848 44.6664973 256 1.0 7
5 10.9094476 44.6660023 253 1.0 34
6 10.9094716 44.6659716 6036 0.0 54
7 10.9092451 44.6689147 2036 1.0 5
8 10.9083908 44.6697306 2039 1.0 51
9 10.9085706 44.6697531 2187 1.0 33
10 10.9100761 44.6657149 7324 1.0 95
11 10.9105301 44.6675329 13560 0.0 13
12 10.9046943 44.666276 207 1.0 57
13 10.9109816 44.6668447 13546 1.0 86
14 10.910967 44.6652985 12331 0.0 43
15 10.9109986 44.6653351 12333 1.0 45
16 10.9112516 44.6682645 7456 1.0 65
17 10.9039735 44.6657564 178 1.0 52
18 10.9115278 44.6674298 13555 1.0 70
19 10.9113077 44.6656517 7457 1.0 65
20 10.9113907 44.6657347 13543 0.0 12
21 10.9116117 44.6681018 5048 1.0 79
22 10.9085344 44.6630406 6036 1.0 12
23 10.9118369 44.6661908 13543 1.0 60
24 10.911657 44.6686932 13561 1.0 11
25 10.9120011 44.6663663 13548 1.0 22
26 10.9119875 44.6679176 7455 1.0 27
27 10.9121348 44.6665716 13549 1.0 72
28 10.908738 44.6623099 17536 1.0 68
29 10.9078909 44.6720816 2036 0.0 17
30 10.9124491 44.6684006 13559 1.0 21
31 10.9115928 44.6640068 13311 1.0 62
32 10.9024813 44.6663022 202 1.0 85
33 10.9080816 44.6619415 19768 1.0 81
34 10.9026631 44.6654594 208 1.0 18
35 10.9081136 44.661921 19994 0.0 26
36 10.9083509 44.6619425 19849 1.0 83
37 10.9081577 44.6617477 19847 1.0 93
38 10.9080064 44.6615784 19470 1.0 60
39 10.9120542 44.6637874 13311 0.0 70
40 10.9125707 44.664518 12330 1.0 30
41 10.901931 44.6669919 275 1.0 76
42 10.9086929 44.6615449 18729 1.0 20
43 10.9019009 44.6672775 272 1.0 47
44 10.9125382 44.6642993 12328 1.0 6
45 10.9018931 44.6674449 250 1.0 40
46 10.9077738 44.6613764 17706 1.0 62
47 10.9018568 44.6667636 274 1.0 1
48 10.9018512 44.6666781 203 1.0 91
49 10.9126908 44.6644607 12327 0.0 14
