0 10.948122 44.6466199 13189 1.0 21
1 10.9482056 44.6462101 5589 1.0 84
2 10.9485562 44.6469784 13136 1.0 83
3 10.9480398 44.6459406 5589 0.0 59
4 10.9477679 44.6459267 5564 0.0 69
5 10.9487855 44.6461779 13119 1.0 9
6 10.9481093 44.6458219 5564 1.0 51
7 10.9483849 44.6458383 5590 1.0 88
8 10.9486449 44.645959 11800 1.0 35
9 10.9478331 44.6458104 5565 1.0 77
10 10.9478533 44.6457529 5557 1.0 6
11 10.9481022 44.645701 4106 1.0 96
12 10.9485453 44.6457866 11797 1.0 9
13 10.9484961 44.6457014 11801 1.0 63
14 10.9479026 44.6456526 4105 1.0 71
15 10.9477258 44.6457063 19909 1.0 32
16 10.9490192 44.6461182 13127 1.0 23
17 10.9483758 44.6456145 5534 1.0 31
18 10.9491518 44.6467915 6694 1.0 69
19 10.9484247 44.6476233 7620 0.0 9
20 10.9487051 44.6457414 11797 0.0 54
21 10.947311 44.645946 18523 0.0 20
22 10.9492153 44.6469051 6691 1.0 51
23 10.9469615 44.6465532 13111 1.0 55
24 10.9470207 44.6461807 5566 1.0 76
25 10.9469323 44.6464936 11860 1.0 14
26 10.9469401 44.6463121 5591 1.0 9
27 10.9486688 44.6455258 5539 1.0 77
28 10.9488729 44.6455879 11798 1.0 18
29 10.9468278 44.6463515 11858 0.0 34
30 10.9467746 44.6462748 11858 1.0 84
31 10.946687 44.6464037 11859 1.0 17
32 10.9495393 44.6462731 6682 1.0 94
33 10.9467906 44.645967 18523 1.0 96
34 10.9494382 44.6473036 6693 1.0 66
35 10.949373 44.6458061 13241 1.0 8
36 10.9491296 44.6455115 11773 1.0 81
37 10.9467843 44.6459383 11804 1.0 55
38 10.94962 44.6464245 6680 0.0 82
39 10.9492308 44.6455794 11782 1.0 36
40 10.9476105 44.645171 20114 0.0 20
41 10.9467612 44.6458647 8297 1.0 4
42 10.949707 44.6465879 6681 1.0 57
43 10.9486701 44.6450955 4107 1.0 43
44 10.9484832 44.6450389 4105 0.0 33
45 10.9488729 44.6451568 5533 1.0 62
46 10.9497906 44.6467448 6684 1.0 78
47 10.9490423 44.6452081 2883 1.0 79
48 10.9490505 44.6451893 2880 0.0 82
49 10.9466449 44.6457168 20113 1.0 35
