0  18 20 19 16 7 2 12 6 4 8 5 10 9 14 11 24
1  18 13 20 16 7 22 21 2 12 23 6 4 8 5 10 9 14 17 0 3 24
2  18 1 20 16 7 22 21 2 12 23 6 4 8 9 14 17 3 24
3  15 1 19 16 7 22 2 12 23 4 8 5 10 9 14 17 0 11 24
4  15 18 13 1 20 19 7 22 21 2 12 23 6 4 8 5 10 9 14 17 3 11
5  15 13 1 20 16 22 21 2 12 23 6 8 5 10 14 17 0 3 24
6  18 13 1 20 19 7 22 21 2 12 6 8 5 17 0 11 24
7  15 18 13 20 19 16 7 22 21 2 12 6 8 10 9 14 17 3 11 24
8  15 18 13 20 19 16 7 22 21 2 12 23 6 5 10 9 14 17 0 3 24
9  18 13 1 20 19 16 2 6 4 8 5 10 9 17 3 24
10  15 13 1 20 16 22 2 12 23 6 4 5 10 14 17 0 3 24
11  15 18 13 19 16 7 22 2 12 6 4 8 5 10 9 14 17 0 11
12  15 18 13 1 19 16 7 22 21 12 23 4 5 10 14 17 0 3 11 24
13  15 18 13 1 20 19 16 7 22 2 23 4 8 5 9 14 0 11 24
14  18 1 19 16 7 22 21 2 12 23 6 4 5 10 9 17 0 3 11 24
15  18 13 1 20 19 16 7 22 21 2 12 23 4 8 5 10 9 14 17 0 24
16  18 13 1 20 16 7 22 12 23 6 4 8 10 9 14 17 24
17  15 13 1 16 7 22 21 23 6 4 8 5 10 14 17 0 3 11 24
18  15 18 1 20 19 16 7 21 2 12 6 4 8 5 10 17 0 3 11 24
19  15 18 13 1 20 16 7 21 6 10 9 14 17 3 11
20  18 13 20 19 16 7 22 21 2 12 23 6 4 8 5 10 14 17 0 3 11
21  15 18 13 1 20 19 16 7 22 21 23 6 4 8 5 10 9 0 3 11 24
22  15 18 13 1 20 19 16 22 2 23 6 8 5 0 3 11 24
23  18 1 20 19 16 7 22 21 2 12 23 6 4 8 5 10 14 17 0 3 11 24
24  15 18 20 19 16 7 22 21 2 12 23 6 4 10 9 14 17 0 3 11 24
25  19 16 7 21 2 12 23 4 8 5 10 9 14 0 3 11 24
26  15 13 1 7 22 21 12 23 6 4 8 5 10 9 14 17 0 3 11 24
27  18 13 1 20 19 16 7 22 21 2 23 4 8 5 9 14 17 0 3 11
28  18 13 1 20 19 16 21 2 12 23 8 5 10 9 17 0 3 11
29  18 1 20 19 16 7 22 21 2 12 23 6 4 8 5 10 9 14 17 0 3 11
30  18 1 20 19 16 22 21 2 12 23 4 5 10 9 17 0 3 11 24
31  15 13 20 19 7 23 6 5 14 0 3 24
32  15 13 1 19 22 21 2 12 23 6 4 5 10 9 17 0 3 11 24
33  15 18 13 1 20 19 16 7 22 23 8 5 9 17 0 3 11 24
34  18 13 1 20 16 7 21 2 12 23 4 8 10 9 17 0 11 24
35  18 13 1 20 16 7 22 2 12 23 8 5 17 3 11
36  15 18 1 20 19 16 7 21 12 23 6 4 8 5 10 9 0 3 24
37  15 18 13 1 20 19 7 21 2 12 23 6 4 8 5 9 14 17 0 3 11
38  15 1 16 21 12 23 6 4 8 5 9 14 17 0 3 11 24
39  15 13 19 16 7 22 21 2 12 23 4 8 5 10 9 14 17 3 24
40  15 18 13 1 20 19 16 7 22 2 12 23 4 8 5 9 14 17 0 11 24
41  15 18 13 1 20 19 7 2 12 23 6 4 8 5 10 9 0 3 11
42  15 18 13 1 20 19 7 22 21 2 12 23 6 4 8 10 9 14
43  15 18 13 1 20 19 16 7 22 2 23 6 10 9 0 3 11 24
44  15 18 13 1 19 16 7 2 12 6 4 8 5 10 9 14 17 0 3 11 24
45  18 13 1 20 19 22 21 2 12 23 6 4 8 5 10 14 17 0 11 24
46  15 18 13 1 20 19 16 7 22 2 12 4 8 5 10 17 0 11 24
47  15 18 13 1 20 19 16 7 21 2 12 23 4 8 5 10 9 14 0 3 11 24
48  15 13 1 20 21 2 12 23 6 4 8 5 10 9 14 17 3 11 24
49  18 1 20 19 22 21 2 23 8 17 3 11
50  15 18 13 1 19 7 22 21 12 6 8 10 9 14 17 0 3 11 24
51  15 18 13 20 19 16 7 22 21 12 23 6 8 5 10 9 0 11
52  15 18 13 1 20 19 16 7 21 23 4 5 10 9 14 17 0 3 11 24
53  15 19 16 7 2 12 23 6 8 5 9 14 3 11
54  15 18 20 7 22 21 2 12 6 4 5 14 17 0 3 11 24
55  18 13 1 19 16 7 21 2 23 6 4 8 10 14 17 0 3 11 24
56  15 13 1 19 7 21 2 23 6 4 8 5 9 14 17 0 3 11 24
57  13 1 20 19 7 22 2 23 6 4 8 9 14 17 3 11 24
58  15 18 13 20 19 16 7 22 21 2 12 23 8 5 9 14 17 3 11 24
59  15 18 13 20 19 16 7 22 21 2 12 23 4 5 10 9 14 17 0 11 24
60  15 13 1 20 21 2 12 6 8 5 10 14 17 0 3 11 24
61  15 18 13 1 20 7 22 2 12 23 4 8 10 9 14 17 0 11 24
62  15 13 1 19 22 21 2 23 6 8 5 9 14 17 0 11 24
63  15 1 20 19 16 7 22 2 23 6 4 5 9 14 17 3 24
64  15 18 13 1 20 19 16 7 22 21 2 12 23 6 5 10 9 14 0 3 24
65  15 1 20 19 16 7 2 12 6 4 8 0 24
66  15 16 22 2 12 23 6 4 8 5 10 17 0 3 11 24
67  18 13 20 19 16 7 21 2 12 23 6 4 5 9 14 17 0 3 11 24
68  18 13 20 19 16 7 22 21 2 23 4 8 10 9 17 0 3 11 24
69  15 18 13 1 16 7 22 21 2 23 6 4 8 5 10 9 17 0 3 11 24
70  13 20 16 7 22 12 23 4 8 5 10 14 17 0 3 11 24
71  18 13 1 19 16 7 22 21 2 12 6 4 8 5 10 9 14 17 24
72  15 18 13 1 19 16 7 22 2 12 4 8 5 10 9 14 17 0 3 11
73  18 13 1 20 7 22 2 12 23 6 4 8 5 10 9 14 17 0 3 11 24
74  15 18 13 1 19 16 7 22 21 12 23 6 4 8 5 10 9 14 3 11 24
75  15 13 19 16 7 21 23 6 10 9 14 3
76  15 18 13 1 19 16 7 12 23 6 4 10 9 14 17 0 3 11 24
77  15 18 13 1 20 19 16 7 21 2 12 23 6 8 5 10 9 14 17 0 3 11 24
78  15 18 20 19 16 22 21 2 12 23 6 4 8 5 10 9 14 17 0 3 11
79  15 1 20 19 7 22 21 12 23 6 8 10 9 14 17 3 11 24
80  15 18 13 1 19 7 21 2 12 23 4 8 5 10 17 3 11
81  15 18 13 1 20 19 22 21 2 12 6 8 5 9 14 17 0 3 24
82  15 18 19 16 7 22 21 2 12 23 6 8 10 9 17 0 3 11 24
83  15 18 13 1 20 19 16 7 22 2 23 6 4 8 5 10 9 0 11
84  15 13 1 20 16 7 22 2 12 23 6 10 9 14 17 0 11 24
85  15 18 13 1 19 16 7 22 21 12 23 6 4 8 10 9 14 17 3 11 24
86  15 18 1 20 19 16 12 8 5 9 17 0 3 11
87  15 13 19 16 7 22 2 23 6 4 8 5 9 14 17 3 11
88  18 13 20 19 16 21 2 12 23 6 8 5 9 3 11 24
89  15 18 13 20 19 16 7 22 21 2 12 23 6 4 8 5 10 9 14 17 0 11
90  15 18 1 20 19 16 7 22 21 2 12 23 6 4 8 5 9 14 17 0 3
91  15 18 13 1 20 19 22 21 2 12 23 6 8 5 10 9 14 17 3 11 24
92  15 18 13 1 20 19 7 21 2 12 23 6 4 8 10 9 17 0 11
93  15 18 13 1 19 7 22 2 12 6 4 5 10 9 14 0 3 11
94  15 18 13 1 20 16 21 12 23 6 4 10 9 14 17 0 3 24
95  18 13 1 20 16 7 22 12 23 6 4 5 10 9 14 17 0 3 11 24
96  15 13 1 19 16 7 22 21 2 12 6 4 8 5 14 0 3 11
97  15 18 13 1 20 16 7 22 2 12 23 4 8 5 10 9 14 17 0 11 24
98  15 18 1 20 19 16 7 22 21 2 12 23 4 5 14 0 11 24
99  15 18 13 1 19 16 7 22 21 2 6 4 8 5 10 9 14 0 3 11
100  15 18 13 1 16 7 22 21 2 12 23 6 4 8 5 10 9 14 17 0 3 11 24
101  13 1 20 19 16 21 2 12 23 6 4 5 9 14 17 0 3 11 24
102  15 18 13 1 20 19 16 7 22 21 2 12 23 6 4 8 5 10 9 14 17 3 11
103  15 18 20 19 22 2 12 23 6 4 8 10 9 14 17 0 24
104  15 18 13 1 20 19 16 7 22 21 2 12 23 6 8 5 10 9 14 0 3 11 24
105  15 18 13 1 20 16 7 22 21 2 12 23 6 4 8 5 10 9 14 17 0 24
106  15 18 13 19 7 22 21 2 12 23 8 5 10 9 14 3 11
107  15 18 19 16 22 21 12 8 5 14 17 0 3 11 24
108  15 18 13 20 19 16 7 21 2 12 23 4 8 5 10 14 17 0 3 11 24
109  15 18 13 1 20 19 16 7 22 21 2 12 23 6 8 5 10 9 17 0 3 11 24
110  15 20 19 16 7 22 21 2 12 23 4 8 5 10 9 14 17 3 11
111  15 18 13 1 20 19 16 7 22 21 2 12 23 6 8 5 9 14 0 11 24
112  15 18 1 20 19 16 22 21 2 12 6 4 8 5 14 17 11 24
113  15 18 13 1 19 16 12 23 6 4 8 5 9 14 17 0 3 11 24
114  15 13 1 20 19 7 22 21 2 23 6 4 8 5 9 14 11 24
115  15 18 13 20 19 16 22 21 12 6 4 8 5 10 14 17 11 24
116  15 18 13 1 19 7 2 23 4 10 9 14 17 0 3 11 24
117  15 18 16 7 22 2 12 23 6 4 8 5 10 9 14 0 3 24
118  13 1 20 16 22 21 2 12 23 6 5 10 14 17 0 24
119  15 18 1 20 19 7 22 21 2 12 6 4 10 9 3 11 24
120  18 13 1 20 19 16 7 22 2 12 6 8 10 9 14 17 11
121  15 18 13 1 20 19 16 7 21 2 12 23 4 5 10 9 14 17 0 3 11 24
122  18 13 1 20 19 7 22 21 2 12 6 4 5 10 14 17 0 11
123  15 18 13 1 20 19 16 7 22 21 2 12 23 6 4 8 5 10 9 14 17 0 3 11 24
124  15 18 13 1 19 16 7 22 21 2 12 4 8 5 10 9 14 17 0 11
125  15 18 13 1 20 19 7 2 12 23 4 8 5 10 9 0 3 11
126  15 18 13 1 19 16 7 22 2 6 4 8 5 10 9 14 17 0 3 11 24
127  15 18 13 1 20 19 7 22 21 2 12 23 6 4 8 5 10 14 0 3 11 24
128  18 19 7 22 21 2 12 6 4 8 5 10 9 14 17 3 11 24
129  15 18 1 20 19 16 7 22 2 12 4 5 10 14 17 0 3
130  15 18 13 20 19 22 21 2 12 23 6 4 5 10 14 0 3 11 24
131  15 18 20 19 16 7 22 21 23 4 8 10 9 14 17 0 3 11 24
132  13 19 16 7 22 21 2 12 23 6 4 5 10 14 17 0 3 24
133  15 18 19 16 7 2 12 6 4 8 5 9 14 17 0 3 11 24
134  15 18 13 1 20 19 16 7 22 21 2 12 6 4 8 10 0 3 11 24
135  18 13 1 20 19 16 7 22 12 23 6 4 8 10 14 17
136  15 18 13 1 20 19 16 7 21 12 23 4 8 10 17 0 11 24
137  15 13 1 20 19 7 22 21 2 12 23 6 4 8 5 10 9 14 17 3 11 24
138  15 1 20 16 7 22 2 12 23 6 4 8 5 9 14 17 0 3 24
139  15 18 13 20 19 16 7 22 21 2 12 23 6 4 8 5 10 9 14 0 11 24
140  13 1 20 16 22 21 12 23 6 4 8 9 14 17 0 3 11 24
141  1 19 7 22 21 2 12 23 6 4 8 5 10 9 14 3
142  18 1 20 19 16 21 2 12 23 8 5 10 9 14 17 3 11 24
143  18 13 1 20 19 16 7 2 12 6 4 8 10 9 14 17 0 3
144  15 13 1 19 16 7 22 21 2 12 23 6 4 5 10 9 0 11
145  18 13 20 16 7 21 2 12 23 6 4 8 5 10 9 14 17 0 3 24
146  18 13 20 19 16 22 21 2 23 6 10 9 14 3 24
147  18 13 1 20 19 16 7 22 2 12 23 6 4 8 5 10 9 14 17 0 11 24
148  15 19 16 7 22 2 12 23 6 4 5 10 14 17 11 24
149  18 13 20 19 7 22 21 2 23 6 4 8 5 10 14 17 11 24
150  18 1 20 19 7 22 21 2 12 6 4 8 5 10 9 14 0 11 24
151  15 18 13 1 20 19 16 7 22 21 2 12 23 6 4 8 5 14 17 0 3 11
152  18 13 16 22 2 23 6 4 8 10 17 3 24
153  15 18 13 1 19 16 7 22 21 12 23 6 8 5 10 9 17 0 3 11 24
154  15 18 13 1 20 19 16 22 21 2 12 23 6 4 8 5 10 9 14 17 3 11 24
155  15 18 13 1 19 7 22 21 2 12 23 6 4 8 5 10 9 14 17 0 3 11 24
156  15 13 1 20 19 16 21 2 12 23 6 8 5 10 9 14 0 11 24
157  13 1 20 19 16 7 22 21 2 12 23 4 8 5 10 9 14 17 0 3 11 24
158  15 18 13 1 20 19 16 7 21 2 12 23 6 4 8 5 10 9 0 3 11 24
159  15 18 1 20 16 7 22 21 23 6 4 8 5 10 9 0 3 11
160  15 13 1 20 7 22 21 2 12 23 6 4 8 10 9 14 0 3 11 24
161  18 1 20 16 22 12 23 6 4 5 14 17 3 24
162  15 13 1 20 19 16 22 21 12 6 4 8 9 14 3 11
163  15 18 13 1 20 19 16 22 21 2 12 23 6 4 8 5 9 14 17 0 11
164  15 18 1 20 19 16 7 22 21 2 12 23 4 8 10 9 14 17 0 24
165  15 18 13 1 19 16 7 22 21 2 12 23 6 8 5 9 14 17 0 3 11 24
166  15 18 13 1 20 19 16 2 6 8 5 10 9 14 0 3 11
167  15 13 1 20 19 7 22 21 2 12 23 6 4 8 5 9 14 0 3 24
168  15 18 1 19 16 22 21 2 23 6 4 8 5 10 9 14 17 0 11 24
169  15 18 1 20 19 16 7 21 12 23 4 8 5 10 9 0 3 11
170  15 13 1 20 19 16 22 21 2 12 23 6 8 5 10 9 17 0 3 11
171  1 20 22 21 12 6 8 10 9 14 17 0 3 11 24
172  15 1 20 19 16 7 22 21 2 12 23 4 8 5 10 9 14 17 11
173  15 18 13 1 20 19 16 22 2 12 6 4 8 10 9 17 0 3 11 24
174  15 13 1 19 7 22 21 12 4 8 5 10 14 17 0 3 24
175  15 18 13 1 20 19 16 21 2 12 23 6 4 8 5 10 9 14 17 0 11 24
176  7 22 21 12 6 8 5 10 14 0 3 24
177  15 18 13 1 20 19 16 7 12 6 4 8 10 9 0 3 11 24
178  18 13 19 16 7 22 21 2 4 8 10 9 0 3 11 24
179  15 18 13 1 20 7 12 23 4 8 5 10 14 17 0 11
180  18 13 19 16 22 21 2 12 6 8 10 9 14 17 0 3 11 24
181  15 18 13 20 19 16 22 21 2 12 6 4 8 5 10 9 14 17 0 3 11
182  15 18 1 20 19 16 7 22 21 12 23 6 8 5 10 9 17 0 3 11 24
183  15 13 19 16 7 22 21 2 23 6 4 0 3 11
184  15 13 1 7 21 2 12 6 4 8 5 10 14 3 24
185  15 18 13 1 19 16 7 22 21 2 12 23 6 4 8 9 14 3 24
186  20 19 16 21 2 12 23 6 4 8 5 10 14 17 3 11 24
187  15 13 1 20 19 16 7 21 2 12 23 6 4 8 10 14 17 0 3 24
188  18 13 1 19 16 7 22 12 23 6 8 5 9 14 17 0 11 24
189  15 18 13 1 20 19 16 7 22 2 12 23 6 4 5 10 9 14 3 24
190  15 18 1 20 19 7 22 21 2 12 23 4 5 10 9 14 17 0 3 11 24
191  15 18 13 1 20 19 16 7 22 21 12 23 4 8 5 10 9 14 17 0 11 24
192  15 18 13 1 22 21 2 12 6 5 10 17 0 3 11 24
193  15 18 13 1 20 16 7 22 21 2 12 8 10 9 14 11 24
194  15 18 1 20 19 16 7 21 2 12 23 6 4 8 5 10 9 14 17 0 11
195  13 1 20 7 22 21 2 23 6 5 10 9 14 3 11
196  15 18 13 20 19 16 7 22 2 23 6 4 8 5 10 14 17 0 3 11 24
197  18 13 1 20 16 7 22 2 12 23 6 4 5 9 14 17 3 11 24
198  15 18 1 20 19 16 22 21 23 4 10 14 17 0 3 11 24
199  15 18 13 1 20 19 16 7 22 21 2 12 23 6 5 9 14 17 0 3 11 24
200  15 18 13 1 20 7 22 21 2 12 23 4 8 10 9 14 17 3 11
201  15 18 13 1 20 16 22 21 2 12 23 4 8 5 10 9 14 0 3 11 24
202  15 18 13 1 20 19 16 22 21 2 12 23 6 8 10 14 0 24
203  15 18 13 1 19 16 7 22 21 2 12 23 6 8 5 10 9 14 17 3 11 24
204  15 18 13 1 20 16 7 22 21 2 23 6 4 8 5 10 9 14 0 11 24
205  15 18 13 20 19 7 22 21 2 12 23 6 4 8 10 9 14 17 0 11 24
206  15 18 13 1 20 19 16 7 22 2 12 23 6 4 8 5 10 17 0 3 24
207  18 13 1 20 19 16 7 22 21 12 23 6 4 8 9 14 3 11 24
208  15 18 1 20 16 22 21 2 12 6 4 8 5 9 17 0 24
209  15 18 13 1 19 16 7 22 21 2 6 4 8 5 10 17 11 24
210  15 18 13 1 20 19 16 7 21 2 12 6 4 8 5 9 14 17 0 3 11 24
211  15 18 1 20 16 22 21 2 23 6 4 8 5 10 9 14 0 3 11 24
212  15 18 13 1 20 16 7 22 21 2 23 4 8 10 14 17 0 3 11 24
213  15 18 13 1 19 7 22 2 12 23 4 5 10 9 14 0 11 24
214  15 18 1 20 16 7 22 21 2 6 4 8 5 10 9 17 0
215  15 18 13 1 20 19 16 7 22 21 2 12 4 8 5 10 9 14 17 0 3 11
216  15 18 13 20 19 16 22 2 12 23 6 5 10 9 14 17 0 3 11 24
217  15 18 20 19 7 22 2 12 23 6 4 5 10 9 14 17 0 3 11 24
218  15 18 13 20 19 16 22 21 2 12 23 6 4 8 5 10 9 14 17 0 3 11 24
219  15 13 1 19 7 22 2 12 23 6 4 8 5 9 17 0 3 11
220  15 20 19 16 7 22 21 2 12 6 5 9 14 3
221  18 13 1 19 16 7 22 21 2 12 6 8 5 10 9 14 17 3 11 24
222  15 18 13 1 20 19 16 7 22 21 2 23 6 8 5 10 14 17 0 3 11 24
223  15 13 1 20 19 16 7 22 21 2 12 23 4 8 5 10 9 14 17 0 3 11 24
224  15 18 13 20 19 16 22 21 12 23 6 4 8 5 10 9 14 17 0 3 11
225  15 18 13 1 20 19 16 7 22 2 12 23 6 4 10 9 14 17 0 3 11
226  15 18 13 1 20 19 16 7 22 21 2 12 23 6 4 10 9 14 17 0 3 11 24
227  15 13 1 20 16 22 21 2 12 23 4 8 5 10 9 14 17 3 11 24
228  15 18 13 1 20 7 22 2 12 23 4 5 10 9 14 17 0 11 24
229  18 13 20 19 16 7 22 12 23 6 4 8 9 14 17 0 11
230  15 18 1 20 19 16 22 21 2 12 6 10 14 17 0 3 11
231  15 18 13 1 20 19 16 7 22 21 2 12 23 6 8 5 10 9 14 17 0 3 24
232  18 13 1 19 16 7 22 21 12 6 4 8 10 9 17 3 11 24
233  15 13 1 22 21 2 12 23 6 4 14 17 0 3 11 24
234  15 18 13 19 7 2 12 23 6 4 8 5 14 17 0 3 11 24
235  15 13 1 20 19 16 7 22 21 2 12 23 6 4 8 5 10 9 14 0 11 24
236  15 13 1 20 19 16 7 12 23 4 8 5 10 9 14 17 0 3 11
237  15 13 19 16 7 22 21 2 12 23 6 4 8 5 10 17 3 11 24
238  15 18 13 20 19 16 7 22 21 2 12 23 6 5 10 9 14 17 0 3 11 24
239  15 18 13 1 19 16 21 2 23 6 4 5 10 14 0 3 11 24
240  15 18 13 1 20 19 16 21 2 6 4 5 9 14 17 0 3 24
241  18 13 1 20 19 16 7 22 21 2 12 6 4 8 5 10 9 17 0 3
242  18 13 1 20 19 7 21 2 12 23 8 5 10 9 17 0 3 11
243  15 13 20 19 16 7 22 21 2 23 6 8 5 10 9 14 17 0 24
244  15 18 1 20 19 16 7 21 2 12 6 4 10 9 17 3
245  15 1 19 7 2 12 23 6 8 5 9 14 17 0 3 11 24
246  18 13 1 20 16 21 2 12 23 6 4 8 5 9 14 0 3 11 24
247  15 18 13 1 20 19 16 7 21 2 23 6 4 8 5 10 14 17 3 11
248  15 13 1 20 19 16 22 21 2 12 23 6 8 5 10 9 14 17 0 3 11 24
249  15 18 13 1 20 16 7 22 2 12 23 6 4 8 5 10 9 14 17 0 24
250  15 18 13 1 20 19 7 22 21 23 4 9 14 17 0 3 11 24
251  15 18 13 1 20 19 16 7 22 21 2 12 23 6 4 8 0 3
252  18 1 20 19 7 22 12 23 4 8 5 17 0 3
253  18 13 1 20 19 16 7 2 12 23 6 4 8 5 10 9 17 0 3 11 24
254  15 18 13 19 16 7 21 2 23 6 4 8 5 10 9 14 17 0 3 11 24
255  18 13 20 19 16 7 22 21 2 23 6 4 5 9 14 17 0 3 11 24
256  13 1 20 19 7 22 21 2 23 4 8 10 9 14 0 3 11 24
257  15 18 13 1 19 16 7 22 2 12 23 6 8 10 9 17 0 11
258  15 18 20 19 16 7 22 21 12 4 8 5 9 14 17 24
259  15 18 13 1 19 16 7 22 21 23 8 9 14 17 0 3 11 24
260  15 18 13 1 20 19 16 7 22 23 6 4 8 5 10 9 14 17 0 11
261  18 13 1 19 7 22 21 23 6 10 9 14 17 0 11 24
262  15 13 20 19 7 21 2 12 23 6 4 8 5 9 14 0 3 24
263  15 18 13 1 20 16 7 22 21 2 12 23 6 4 10 9 17 0 3 11
264  15 18 13 1 20 19 16 7 22 2 12 6 4 8 5 10 9 14 17 0 3 24
265  15 18 20 19 16 21 2 23 6 4 8 5 10 9 14 17 0 11 24
266  18 13 1 20 19 16 7 22 21 2 23 6 4 5 10 9 14 17 3
267  15 18 20 19 16 7 22 21 2 12 23 8 5 10 9 3 11 24
268  15 13 1 20 16 7 22 21 2 12 23 6 8 10 9 0 3
269  15 18 13 1 20 19 16 7 22 21 2 12 23 6 4 8 10 14 17 0 11 24
270  13 19 7 21 2 23 6 4 8 5 9 17 0 11 24
271  15 18 13 19 16 22 8 9 14 17 3 11 24
272  15 18 13 1 19 16 21 2 12 8 10 9 14 17 0 11 24
273  15 18 13 1 20 19 16 7 22 2 23 6 4 9 0 11 24
274  15 18 13 1 20 16 7 22 21 12 23 4 8 5 10 9 14 17 3 11 24
275  15 13 20 19 16 7 22 21 2 12 23 6 4 8 5 10 9 14 0 3 11 24
276  15 1 19 16 7 22 21 2 12 23 6 4 8 9 17 0 3 11 24
277  15 18 13 1 20 19 16 22 2 23 4 8 9 14 17 0 3 24
278  15 18 13 1 19 16 22 21 23 6 4 8 5 14 24
279  15 18 13 20 19 16 7 21 2 12 23 4 8 10 9 17 0 3 24
280  15 18 13 1 20 19 16 22 12 23 6 8 5 10 9 14 17 11
281  15 18 13 1 21 2 12 23 6 4 5 10 9 17 3 24
282  15 18 13 1 20 19 16 7 22 2 12 23 6 5 10 9 14 17 0 3 11
283  15 13 20 19 22 12 23 6 4 5 9 14 17 0 3 11 24
284  18 13 19 16 22 2 12 23 6 4 8 5 9 0 11
285  15 18 13 1 20 19 16 7 21 2 23 4 10 9 14 17 0 3 24
286  18 13 1 19 16 22 21 2 12 23 4 8 5 10 9 17 0 3 24
287  15 18 13 1 20 19 16 7 22 21 2 4 5 10 9 17 11 24
288  15 18 13 20 19 16 22 21 2 12 4 8 5 10 9 14 17 0 3 11 24
289  15 18 13 19 16 7 21 2 12 23 4 8 5 10 14 17 11 24
290  15 13 1 20 19 16 7 22 21 2 12 23 6 4 8 5 10 14 17 3 11 24
291  18 13 20 19 7 22 21 2 12 23 6 8 5 10 14 0 11 24
292  15 18 13 1 20 19 7 22 21 2 12 23 6 4 8 5 10 14 0 3 11
293  15 1 20 19 16 7 22 21 2 12 23 6 4 8 5 9 14 0 3 11
294  15 18 13 19 16 22 21 2 12 23 6 4 8 5 10 14 17 0 3
295  15 18 13 1 20 19 7 21 2 12 23 6 8 5 10 9 14 17 0 11 24
296  15 18 13 20 19 16 22 21 2 12 23 6 4 8 5 10 9 14 17 0 11
297  15 18 13 1 20 7 22 2 12 23 6 4 8 10 9 14 17 3 11
298  15 1 20 19 16 21 6 4 8 5 10 9 14 17 0 3 11 24
299  18 13 1 20 19 16 7 22 21 2 23 6 4 8 5 10 17 3
300  15 13 1 19 16 7 22 21 2 12 23 6 9 17 0 3 11 24
301  15 18 13 1 20 19 16 7 21 2 12 23 6 10 14 17 0 11 24
302  18 13 1 20 19 16 7 22 21 2 12 23 6 4 8 5 10 9 14 3 24
303  15 18 13 7 22 21 2 23 6 4 8 5 10 9 14 0 3 11 24
304  18 13 1 20 16 7 22 21 2 23 4 5 10 9 14 17 0 11 24
305  15 18 13 16 7 22 21 12 23 6 5 14 0 3 11
306  15 13 1 19 7 22 21 2 12 23 6 4 8 10 9 14 17 0 3
307  15 18 13 1 20 16 7 21 23 6 4 8 5 10 9 17 0 11 24
308  15 18 1 20 19 16 7 22 21 2 12 23 6 4 8 5 10 9 17 3 11 24
309  15 18 13 1 20 19 7 22 21 2 12 23 6 4 8 10 9 14 0 3 24
310  15 18 13 19 16 7 22 21 12 23 6 5 14 3
311  18 20 7 22 2 23 6 9 14 17 3 24
312  15 18 13 1 20 19 7 22 21 2 12 23 4 8 5 10 9 14 17 3 11 24
313  18 13 1 20 19 21 23 4 8 5 10 9 14 3 11 24
314  15 18 13 1 20 19 16 7 12 23 6 5 10 9 17 11 24
315  15 13 1 20 7 22 23 4 8 5 10 14 17 0 3 24
316  15 18 1 20 19 16 21 2 23 6 4 8 10 0 3 24
317  15 18 13 1 20 16 7 22 21 2 12 23 6 4 8 5 10 9 14 0 3 11
318  15 18 13 1 20 19 7 21 2 12 23 4 8 5 14 0 3 11 24
319  15 18 13 1 20 16 7 22 21 2 23 4 8 10 9 14 0 3 11 24
320  15 13 1 20 19 16 7 22 21 2 12 6 4 10 9 17 0 3 24
321  15 18 13 7 21 23 6 4 8 10 9 14 0 3 11 24
322  18 13 1 20 19 16 22 21 2 12 23 6 8 5 10 17 0 3 11
323  15 18 13 1 20 19 16 7 22 21 2 12 23 8 5 9 0 3 11
324  15 18 13 1 20 19 16 7 22 21 2 12 23 4 8 5 10 9 17 3 11
325  15 18 1 20 19 16 7 22 21 12 6 4 8 5 9 14 17 0 11 24
326  15 18 13 1 20 16 7 22 21 2 12 4 8 5 10 9 14 17 0 3 24
327  15 18 13 16 7 22 21 2 12 23 6 4 8 5 10 9 14 11 24
328  15 18 1 19 16 7 22 2 12 6 4 8 5 10 9 17 3 24
329  15 18 1 20 16 7 21 2 23 6 4 5 9 17 0 3 11 24
330  15 18 13 1 16 7 22 21 2 12 23 6 4 8 5 10 9 17 0 11 24
331  15 18 1 20 19 7 22 21 2 6 4 8 5 9 14 17 0 3 11 24
332  15 18 13 1 19 16 7 22 21 2 12 6 4 8 5 10 14 0 3 11 24
333  18 13 1 20 19 16 22 2 12 23 6 8 5 9 17 0 3 11 24
334  15 18 13 1 20 19 7 22 2 12 23 6 4 5 9 14 0 11 24
335  15 13 1 20 19 7 22 21 2 23 6 4 8 5 9 14 17 0 3 24
336  15 18 13 1 20 19 16 7 22 21 12 23 6 4 8 5 10 9 14 0 3 11 24
337  15 18 13 1 20 16 7 22 12 23 4 10 9 14 17 3 11
338  15 18 13 1 16 7 22 21 2 12 23 6 4 8 5 10 14 17 3 11
339  1 16 7 21 12 23 6 8 5 10 14 17 3 11 24
340  15 13 1 20 19 16 22 21 2 12 23 6 4 8 5 10 9 14 17 0 24
341  15 18 13 1 20 19 16 7 22 21 12 23 6 4 8 5 10 9 14 0 3 24
342  15 18 1 20 19 16 7 22 12 4 5 9 14 0 11 24
343  15 18 13 1 20 16 7 22 21 2 12 23 6 4 8 5 9 14 17 3
344  15 18 13 1 20 19 16 7 22 2 12 23 6 4 8 5 10 14 17 0 3 11 24
345  18 13 1 16 7 22 21 2 12 6 4 8 5 10 14 17 0 3 11 24
346  15 18 1 20 19 16 7 21 12 23 4 8 9 0 3 11
347  15 18 13 1 16 7 22 21 2 12 6 4 8 5 10 9 14 17 0 3 11 24
348  15 18 1 20 19 22 2 12 6 4 8 14 0 3 11
349  15 18 13 20 19 16 7 22 2 12 6 4 10 14 3 24
350  15 18 20 19 16 7 22 2 12 6 4 8 5 10 9 14 17 0 3 24
351  15 1 19 7 22 21 2 12 23 4 5 9 14 17 0 3 24
352  13 1 19 16 7 22 2 12 23 4 5 10 14 3 11 24
353  15 13 1 19 16 7 21 2 12 23 6 8 5 14 17 3 11
354  15 18 13 20 19 7 2 12 23 6 8 5 9 14 17 0 11 24
355  15 13 1 19 16 22 21 2 12 23 6 4 8 5 10 9 14 17 0
356  15 1 20 16 7 12 23 4 10 9 14 17 0 3
357  18 13 1 20 19 16 7 21 12 23 6 4 10 14 17 0 3 11 24
358  15 18 13 20 19 16 7 22 2 12 23 6 8 10 14 17 0 3 11 24
359  15 18 1 20 16 7 21 2 23 4 8 5 9 14 17 0 11 24
360  18 13 1 20 19 16 21 2 12 23 6 8 5 10 9 14 17 24
361  15 13 1 20 19 16 7 22 21 2 12 23 6 4 8 5 10 14 17 11 24
362  15 18 13 1 20 16 7 22 21 2 12 23 4 8 3 11 24
363  15 18 1 20 19 16 7 22 21 2 12 23 6 4 10 9 14 17 0 24
364  18 13 1 20 19 16 7 22 21 12 6 4 8 5 9 14 3 11 24
365  15 18 19 16 7 21 12 23 4 8 5 14 17 0 3 24
366  15 13 19 16 7 22 21 2 12 6 4 8 9 17 0 3 11 24
367  15 18 13 1 19 16 22 21 2 12 6 5 9 14 17 0 3 11 24
368  15 18 13 1 20 16 7 22 21 2 12 23 6 4 8 5 10 9 14 17 3 11
369  15 18 13 1 20 16 7 22 21 23 6 5 10 9 14 17 0 3 11
370  15 13 1 20 19 16 7 22 21 2 12 23 6 4 8 5 10 9 14 17 0 11
371  15 18 13 1 20 19 16 7 21 2 12 23 6 8 5 9 14 17 0 3 11
372  15 18 13 20 19 16 22 21 2 12 23 6 4 8 5 10 9 14 17 0 3 11 24
373  15 18 13 1 20 19 16 7 22 21 2 6 4 8 10 9 17 3 11
374  15 13 1 20 19 16 7 22 21 2 23 6 4 5 9 0 3 11 24
375  15 18 13 1 20 19 16 21 2 12 23 4 8 5 9 14 17 0 3 11 24
376  18 1 20 19 7 22 21 2 12 23 4 8 5 10 9 14 17 24
377  15 18 13 1 19 16 21 2 12 8 10 14 0 3 24
378  18 13 1 20 19 7 22 21 2 12 23 6 10 9 14 17 0 3 11 24
379  18 1 20 19 7 2 12 23 4 10 9 14 17 0 3 24
380  15 18 13 20 19 16 7 22 21 2 12 23 6 5 10 14 0 3 11
381  15 20 19 7 22 2 12 23 6 4 8 5 10 17 0 3 24
382  13 1 20 19 16 7 22 21 2 23 6 4 8 5 10 9 14 17 0 3 11 24
383  15 18 13 1 20 19 16 22 21 23 6 4 8 5 9 17 3 11 24
384  15 18 1 20 19 2 12 23 6 4 8 10 9 14 17 0 3 11 24
385  18 13 1 20 19 16 7 21 2 23 4 8 10 14 17 0 3 11 24
386  15 18 13 1 20 19 16 7 22 21 2 12 23 6 4 8 5 10 9 11 24
387  15 18 13 1 20 16 7 22 2 12 23 6 5 9 14 17 0 3 11 24
388  15 13 1 20 19 16 7 22 12 23 6 4 5 10 9 0 3 11 24
389  18 13 1 20 19 16 7 21 2 6 4 8 10 14 17 0 3 24
390  15 18 1 19 16 7 22 21 2 6 8 10 9 14 3 11 24
391  18 13 1 20 19 16 7 22 21 2 12 23 6 4 8 5 10 14 17 0 3 11 24
392  13 1 20 19 7 22 21 2 12 23 4 8 5 10 9 14 17 0 3 11 24
393  15 13 1 20 19 16 22 21 2 12 23 6 4 5 10 9 17 3 11 24
394  15 18 13 20 19 7 22 21 2 12 4 8 5 9 17 0 3
395  15 18 13 1 20 19 16 7 22 2 23 6 4 8 5 10 9 14 17 3 11 24
396  15 16 7 2 12 23 6 4 8 5 10 9 14 17 3 11 24
397  15 18 13 1 20 19 7 22 2 12 6 4 8 5 9 14 17 0 3 11 24
398  15 18 13 19 16 2 12 23 6 8 5 9 0 3 11 24
399  15 18 13 1 19 16 22 21 2 12 23 6 8 5 10 9 14 17 0 3 11 24
400  15 18 13 1 20 19 16 7 22 2 12 23 6 4 5 9 14 17 3 11 24
401  15 18 13 19 16 7 22 21 2 23 4 8 5 9 14 0 3 11 24
402  18 13 1 20 19 16 7 22 2 12 23 6 4 8 5 10 9 14 17 0 3
403  15 18 13 1 20 19 16 7 22 21 2 12 23 6 8 5 14 17 0 3 24
404  15 18 20 19 16 7 22 2 12 23 6 4 8 9 14 17 3 11 24
405  15 18 13 20 19 16 7 21 12 6 4 5 10 9 17 3 11
406  18 13 19 21 2 23 4 8 5 10 9 14 17 0 3 11
407  15 18 13 1 20 19 16 7 22 21 2 12 23 4 8 10 14 17 0 3 11 24
408  15 13 20 19 7 22 21 2 12 6 4 8 5 10 9 14 17 11 24
409  15 13 1 19 16 22 21 6 8 10 9 17 0 3 11 24
410  15 13 1 20 19 7 22 21 12 23 4 8 10 9 14 17 3 11 24
411  18 13 7 21 12 23 6 4 5 10 14 17 3 11 24
412  15 18 13 20 16 7 22 21 2 12 23 6 4 8 5 10 9 14 17 0 3 24
413  18 13 1 20 19 16 7 21 2 23 4 8 5 10 9 14 17 0 3 24
414  15 13 1 20 19 16 7 22 21 2 12 6 5 10 9 14 17 0 3 11 24
415  18 13 1 20 16 22 21 12 23 6 4 8 5 10 9 14 17 11 24
416  15 18 13 1 20 19 16 2 23 6 4 8 10 9 14 17 0 11 24
417  15 18 13 1 20 19 16 7 22 2 23 6 4 8 5 10 9 17 24
418  15 18 13 1 20 19 16 7 22 2 12 6 5 10 14 17 3 24
419  15 18 13 1 20 19 16 7 22 21 2 12 23 8 5 10 14 17 0 3 11 24
420  15 18 13 1 20 7 22 21 23 6 4 8 5 10 14 17 0 3 11 24
421  15 18 20 16 22 21 2 12 23 6 4 8 10 9 14 17 0 3 11
422  15 18 13 1 20 16 7 21 2 23 4 8 5 10 17 0 3 11 24
423  15 18 13 1 20 19 16 7 21 2 12 23 6 4 8 5 10 9 14 17 0 3 11
424  15 18 1 20 19 21 2 12 23 6 5 10 9 14 17 3 11 24
425  15 13 20 16 7 22 21 2 12 6 4 8 10 9 14 0 3 11
426  15 18 1 19 16 7 22 21 2 23 6 8 9 14 0 3 24
427  15 18 13 1 20 19 16 7 22 21 2 12 23 4 8 10 9 14 17 0
428  15 18 1 20 19 16 7 22 21 2 23 6 4 8 5 10 14 0 3 11 24
429  18 13 20 19 16 7 22 21 2 12 6 4 8 5 10 9 14 17 0 3 11 24
430  18 13 1 16 21 2 23 4 8 5 10 9 14 0 11 24
431  18 13 1 20 19 7 22 21 2 12 23 8 5 10 17 0 3 11
432  15 18 1 19 16 7 22 21 2 12 23 6 4 5 10 0 3 11 24
433  15 18 13 1 20 2 12 23 6 4 8 10 9 14 17 0 11 24
434  18 13 1 20 19 16 7 21 2 12 23 6 8 5 9 14 17 0 3 11 24
435  15 18 13 20 19 16 22 21 2 23 6 4 8 10 9 14 17 3 11 24
436  15 18 13 1 20 16 7 22 2 23 6 4 8 5 10 9 0 3 11
437  15 13 1 19 16 22 21 2 12 23 6 4 8 5 10 9 17 3 11 24
438  15 18 13 1 19 7 21 12 23 6 4 8 5 9 14 0 3 11 24
439  15 18 1 19 16 7 22 21 2 12 23 4 8 5 10 9 14 17 0 3 11 24
440  15 18 13 1 16 7 22 21 2 12 23 6 4 8 5 10 9 17 0 3 11 24
441  15 18 13 1 19 16 7 22 21 12 23 4 8 10 9 14 17 0 3 11
442  1 16 7 22 2 12 23 4 8 5 10 9 14 17 11 24
443  18 13 20 19 7 22 21 12 6 4 8 10 9 14 17 11
444  18 13 20 16 7 22 21 23 6 8 5 10 9 14 0 3 11 24
445  15 18 13 1 20 19 7 21 12 23 6 4 8 5 10 9 14 17 0 3 11 24
446  15 1 20 19 16 7 22 21 2 12 4 10 9 14 0 3 11 24
447  1 20 19 16 7 21 2 12 23 4 5 9 17 0 3 11
448  18 13 1 19 16 7 22 21 2 12 23 6 8 5 10 9 14 17 3 11 24
449  15 18 1 20 19 16 7 22 21 2 12 23 4 8 5 10 9 14 17 0 11 24
450  18 13 1 20 19 16 7 22 2 23 6 8 5 10 14 17 0 11 24
451  15 18 13 1 20 19 16 7 22 21 2 23 4 8 5 9 14 17 0 3
452  15 18 13 20 19 22 21 12 6 4 8 5 10 9 14 0 3 11 24
453  15 13 20 16 7 22 21 2 12 23 4 5 10 9 14 17 0 3 11 24
454  1 20 16 7 21 2 12 4 8 5 10 14 17 0 3 24
455  15 18 13 1 20 7 22 21 2 12 23 6 4 10 9 14 0 3 24
456  15 18 13 1 20 19 16 7 22 21 2 12 23 4 8 5 10 9 14 17 0 3 11 24
457  18 1 19 7 21 2 12 23 8 10 9 17 0 3 11
458  15 18 13 1 16 7 22 2 12 23 6 4 8 5 10 9 14 17 11 24
459  15 13 1 20 22 12 23 6 4 8 5 10 9 14 17 0 3 11 24
460  15 18 13 1 20 19 16 7 21 2 12 23 6 4 8 14 17 0 3 11
461  15 18 13 1 20 16 7 22 12 23 4 8 5 9 14 17 0 3 11 24
462  18 13 16 7 22 2 12 23 6 4 8 5 10 9 14 17 0 3 11 24
463  15 18 13 1 20 19 16 7 22 21 2 23 6 4 8 5 10 9 14 17 0 3 24
464  15 18 13 1 20 16 7 21 2 6 4 5 10 14 17 0 3
465  15 18 13 1 20 16 7 21 2 23 4 8 5 10 9 14 17 0 3 11
466  13 1 20 19 16 22 2 23 6 4 8 5 10 9 17 0 3 11 24
467  15 18 13 1 20 19 16 7 22 21 2 12 23 6 4 9 14 17 0 3 11 24
468  15 18 13 1 20 19 16 7 22 21 12 23 6 4 8 5 10 9 14 17 0 3 11
469  18 13 20 16 7 22 2 12 23 4 8 5 10 9 0 3 11 24
470  15 20 19 16 7 21 2 12 23 4 8 5 14 17 3 11 24
471  18 13 1 20 19 16 22 12 23 4 8 5 9 14 17 0 3 11 24
472  13 1 20 19 16 7 21 2 12 6 4 10 9 17 0 3
473  15 18 13 1 20 19 16 7 22 21 2 12 23 6 4 8 5 9 0 3 11 24
474  15 18 13 1 20 16 7 21 2 6 10 9 17 0 3 11 24
475  15 18 13 20 19 21 2 12 23 4 8 5 10 9 14 17 0 11 24
476  15 18 13 1 20 19 22 21 12 4 5 10 9 14 17 0 3 11 24
477  18 13 1 19 16 7 22 21 2 12 23 6 4 8 5 10 9 14 17 0 11 24
478  15 13 19 16 7 22 21 23 6 4 8 9 14 17 0 3 11
479  13 1 20 19 7 22 21 12 23 6 4 5 10 9 17 0 3
480  15 18 1 20 19 7 22 21 2 12 23 6 8 10 17
481  15 18 13 1 20 16 22 21 2 12 23 6 8 5 10 9 14 24
482  15 18 13 1 20 19 16 7 22 2 12 6 4 8 5 10 14 17 0 3 11
483  15 18 13 1 20 19 7 2 12 4 10 9 0 11 24
484  15 18 13 1 20 19 7 2 12 23 4 8 9 14 0 3 24
485  15 13 20 19 16 7 22 2 12 4 10 9 14 17 0 3 11 24
486  15 18 13 1 20 16 7 22 21 2 4 8 10 9 14 17 0 11 24
487  15 18 13 1 20 19 22 2 12 23 6 4 8 5 10 9 14 17 3 11 24
488  18 13 1 20 19 16 7 22 4 9 0 3 11 24
489  18 1 16 7 22 2 12 6 4 10 9 14 17 3 11 24
490  15 18 13 1 20 19 16 7 22 23 6 4 8 5 10 9 17 0 3 11 24
491  15 18 13 1 20 19 7 2 12 23 6 8 5 10 17 0 3 11
492  15 13 1 19 16 22 21 2 12 4 8 10 9 17 0 3 11 24
493  13 1 20 19 16 7 22 2 12 23 6 5 10 9 14 17 3 11
494  15 18 13 1 19 16 22 21 12 23 4 8 10 17 0 3 11 24
495  13 1 20 16 22 2 12 6 4 8 10 9 14 0 11 24
496  15 1 19 16 7 22 21 12 23 6 4 5 10 9 17 0 3 11 24
497  15 18 13 1 19 16 22 12 23 4 8 10 17 0 3 11
498  15 18 13 1 19 7 22 21 2 12 23 6 4 5 10 9 14 17 0 3 24
499  15 18 13 1 20 19 22 21 2 12 23 4 8 5 10 9 14 0 3
500  15 13 1 16 7 22 21 2 12 23 6 4 10 14 17 0 3 11 24
501  15 18 13 1 20 19 16 7 22 21 2 12 23 6 8 5 10 9 14 17 11 24
502  15 18 19 16 22 21 2 12 23 6 4 8 10 9 14 0 3
503  15 18 13 1 19 22 21 2 12 6 4 5 14 17 0 11 24
504  15 18 20 19 16 7 22 21 23 6 8 10 14 17 3 24
505  15 18 13 1 20 19 16 22 21 2 12 23 6 4 8 5 10 9 14 17 3
506  15 18 13 1 19 7 21 2 12 23 6 4 8 10 9 14 0 3 11 24
507  13 1 20 19 16 7 22 21 12 23 4 8 5 10 14 17 0 11
508  15 18 13 1 16 7 22 21 23 6 4 5 14 17 3 11 24
509  15 18 13 19 16 7 22 21 23 6 4 8 10 14 17 11 24
510  15 18 13 20 19 16 22 23 6 4 8 5 10 9 14 17 0 3 24
511  15 18 13 1 20 19 22 21 2 23 4 8 5 10 9 14 0 3 11 24
512  15 18 13 1 20 19 16 7 21 2 12 23 6 14 17 0
513  15 18 13 19 16 7 22 2 12 23 6 5 9 14 17 11 24
514  18 13 20 19 16 7 22 21 2 12 6 4 8 5 10 9 14 17 3 11
515  15 18 13 20 19 16 22 12 23 6 8 5 10 9 14 0 3 24
516  15 18 13 1 20 19 16 22 2 12 23 4 5 10 9 14 17 3 24
517  18 13 20 19 22 21 2 12 6 8 5 10 9 14 17 0 3 11 24
518  15 18 13 1 20 19 7 22 2 12 23 6 4 5 10 9 14 17 0 3 11 24
519  15 18 13 1 20 7 22 21 2 12 23 6 4 8 5 10 9 14 17 0 3 11
520  18 20 19 16 7 22 21 2 12 4 10 9 14 17 3 11
521  15 13 1 16 7 22 21 2 23 4 8 5 14 0 3 11
522  13 1 20 16 7 22 2 12 6 4 5 10 17 0 11 24
523  15 13 1 20 16 7 22 21 2 12 23 4 8 5 10 9 14 17 3 11 24
524  15 13 1 20 16 22 2 12 23 6 5 10 9 14 17 0 3 24
525  15 13 1 20 19 16 21 6 4 8 5 9 14 17 0 3 24
526  15 18 19 16 7 22 2 12 23 6 4 8 5 14 17 0 3 11 24
527  15 18 13 1 20 19 7 22 2 23 6 4 8 5 10 9 14 17 0 3 11 24
528  1 20 19 16 22 21 2 12 23 6 4 8 5 10 14 17 0 11 24
529  15 13 1 16 7 23 6 4 8 10 9 14 0 3 11 24
530  18 13 1 20 19 16 22 21 2 12 23 6 4 8 5 17 0 3 11 24
531  15 13 20 19 16 7 22 21 23 4 8 5 10 9 14 11 24
532  15 18 13 20 19 16 22 2 12 6 5 10 9 14 17 3 11 24
533  15 13 1 20 16 22 12 23 6 10 9 14 17 3 24
534  18 1 20 7 22 21 2 6 4 8 5 10 9 14 17 3 11 24
535  18 13 1 20 16 7 22 21 2 12 23 4 8 10 9 17 0 3 11 24
536  15 13 1 22 21 2 12 23 6 4 10 14 0 3 24
537  15 18 1 20 19 16 7 22 21 12 23 6 4 5 10 14 17 3 11
538  15 18 1 20 19 16 7 21 2 23 6 4 8 5 10 9 17 0 3 11 24
539  18 20 19 16 7 22 2 12 23 8 5 14 17 0 11 24
540  15 18 13 1 20 16 22 21 2 12 23 6 4 8 5 10 14 0 11
541  18 13 1 20 19 16 7 21 2 12 23 6 4 8 5 10 9 0
542  15 18 13 1 20 19 16 22 2 12 23 4 8 10 9 14 0 11 24
543  15 1 20 19 16 22 21 2 12 23 4 8 5 10 9 17 0 3 11 24
544  15 18 1 16 7 22 21 12 23 6 4 8 5 9 14 0 24
545  15 18 1 20 19 16 7 22 12 6 4 5 10 9 14 0 3 11 24
546  15 18 1 19 7 22 21 2 23 6 4 8 10 9 0 3 24
547  15 13 1 20 19 16 22 21 2 12 23 6 4 8 10 9 14 17 0 3 11
548  15 18 13 1 19 16 7 22 2 12 23 8 5 10 9 14 0 3 24
549  15 18 13 1 20 19 7 12 23 6 4 8 5 10 9 14 3 11 24
550  15 13 1 20 19 16 7 22 2 12 23 6 4 8 5 9 0 11 24
551  15 18 13 1 20 19 16 7 22 21 12 5 10 9 14 3 11 24
552  15 18 1 20 19 16 22 21 2 12 6 4 8 5 10 9 14 17 0 3 11 24
553  15 13 1 20 16 22 21 2 12 23 6 4 8 5 10 9 17 3 24
554  15 13 1 20 19 16 7 2 12 23 6 4 8 14 0 3 11 24
555  15 18 13 1 20 19 16 7 22 21 2 12 4 8 5 10 9 14 17 0 11 24
556  15 18 13 1 16 7 2 23 6 8 10 0 3 11
557  15 18 1 20 19 7 22 21 2 12 23 6 4 8 10 9 3 11 24
558  15 18 13 1 20 19 16 7 22 21 2 12 23 4 8 5 10 9 14 17 3 11 24
559  13 1 20 19 7 22 21 2 23 6 4 8 5 10 9 14 17 0 3 11
560  15 18 13 20 19 16 7 22 2 12 23 6 4 5 10 9 14 17 0 3 11
561  15 18 13 20 19 16 7 21 2 12 6 4 8 10 9 17 0 3 24
562  15 18 1 20 16 7 22 21 2 12 6 8 5 10 14 17 0 11 24
563  18 13 1 20 19 7 22 21 2 23 6 4 8 5 10 14 17 0 11 24
564  15 18 20 19 7 22 21 2 12 23 6 4 5 10 9 14 17 0 11
565  15 18 13 1 20 16 7 22 21 12 23 6 8 5 10 9 14 17 0 3 11 24
566  15 18 13 1 19 16 7 22 21 2 23 4 8 5 10 9 14 17 0 3 11 24
567  15 18 1 19 16 7 22 21 2 12 23 6 4 8 5 9 14 17 0 3 11 24
568  15 18 13 1 20 19 16 22 21 12 23 6 4 8 5 10 11 24
569  15 18 13 1 20 19 16 7 21 2 12 23 6 4 5 10 9 14 17 0 3 11
570  18 13 1 20 19 16 22 21 23 6 4 8 10 9 0 11 24
571  15 18 13 1 20 19 16 7 22 21 2 12 23 6 4 8 5 10 9 14 17 0 11 24
572  15 18 13 1 7 2 12 23 6 8 5 10 9 14 17 0 3 11 24
573  15 18 13 1 20 19 16 7 22 21 2 23 4 8 10 9 14 17 0 3 11
574  15 18 13 1 19 7 2 23 6 4 8 9 14 17 0 3 11 24
575  18 13 20 16 7 21 2 6 8 5 10 9 14 0 3 11
576  15 18 13 1 20 16 2 12 23 6 4 8 10 14 17 3 11 24
577  15 18 1 20 7 22 21 2 23 6 4 8 5 10 9 14 3 24
578  18 1 16 7 22 2 12 23 6 8 5 0 11 24
579  15 18 13 1 19 16 7 2 23 6 8 5 10 9 14 0 11
580  15 18 13 1 20 19 16 7 22 2 12 23 4 5 9 14 0 11 24
581  15 13 1 22 2 12 4 8 5 10 14 17 0 3 24
582  15 13 1 19 16 21 12 23 6 5 9 14 17 0 3 11 24
583  18 13 1 20 19 7 22 2 12 23 6 8 10 9 14 17 0 3 24
584  15 1 20 19 16 7 21 12 23 4 8 5 10 0 3 11 24
585  15 1 16 7 22 21 2 12 23 4 5 10 9 14 0 11 24
586  18 13 19 16 7 21 12 23 6 8 5 10 14 17 0 3 11 24
587  15 18 13 20 19 7 22 21 2 23 6 4 8 5 10 9 14 17 0 3 11 24
588  15 18 13 20 19 22 21 2 12 23 6 8 10 9 14 17 3 11 24
589  15 18 13 1 20 19 16 7 22 21 2 12 23 6 4 8 5 10 9 14 0 3 11 24
590  15 13 20 16 7 22 21 2 12 23 4 8 5 10 14 0 3 11 24
591  18 13 1 20 19 16 7 22 2 12 23 6 4 8 5 10 14 17 0 3 11 24
592  13 1 20 19 16 7 22 21 2 23 4 8 5 10 9 14 17 0 3 11
593  15 1 20 19 7 21 12 23 6 4 8 5 10 14 0 11 24
594  15 18 13 1 20 16 7 22 2 12 23 4 8 5 10 9 14 17 0 3 11 24
595  15 13 1 20 19 16 21 2 12 23 8 10 9 14 17 0 3 11
596  15 18 13 19 16 7 22 21 2 12 5 10 9 14 17 0 3 24
597  15 18 13 20 19 16 7 22 12 23 6 8 5 9 17 0 11 24
598  18 20 19 16 22 21 23 5 9 14 17 0 3 11 24
599  15 18 13 1 16 22 21 2 12 23 6 4 9 14 0 3 11 24
600  15 18 13 20 19 16 7 22 2 12 6 4 8 5 10 14 0 3 11 24
601  15 18 20 19 16 7 22 21 2 12 23 4 5 14 17 0 3 11 24
602  18 1 19 16 7 22 2 23 6 8 5 17 0 3 11
603  15 13 1 20 19 22 21 2 12 6 4 5 10 9 14 17 0 3 24
604  13 20 19 16 22 21 2 12 6 4 5 10 9 14 0 3 24
605  18 1 20 7 22 2 23 6 4 8 5 10 14 17 0 3 11 24
606  15 13 16 7 22 21 12 23 4 8 10 14 0 3 11 24
607  15 18 1 20 19 16 7 22 2 12 23 6 4 8 5 10 14 0 3 11 24
608  15 18 16 7 22 2 12 23 6 4 8 5 10 9 17 0 3 11 24
609  18 13 16 7 22 12 6 4 8 5 10 9 14 17 0 3 11 24
610  15 18 13 1 20 19 16 22 21 2 12 23 4 8 5 10 14 17 3 24
611  15 18 13 19 16 7 22 21 12 23 6 4 8 5 10 9 0 24
612  15 18 13 1 20 16 7 22 2 12 6 4 14 17 0 3 11 24
613  15 18 13 20 19 16 7 21 12 23 6 4 8 5 9 17 3 11 24
614  15 18 13 1 20 19 7 22 21 12 23 6 4 8 5 10 9 14 17
615  15 18 13 20 19 16 7 22 21 2 12 23 6 5 10 17 0 11 24
616  15 18 13 1 20 19 7 22 2 12 23 6 4 8 17 0 11
617  15 18 13 1 20 19 16 7 22 21 2 23 6 4 5 10 14 17 0 3 11 24
618  15 18 13 1 20 16 7 21 2 12 6 4 8 10 9 14 17 0 11 24
619  15 18 13 1 20 7 22 21 2 12 23 4 5 10 9 14 17 3 11 24
620  15 18 13 1 19 16 7 21 2 23 4 8 5 10 9 14 0 3 11
621  15 13 1 20 7 22 21 2 12 23 6 5 10 9 14 17 0 3 11 24
622  15 18 13 1 16 7 22 2 23 6 4 8 5 10 9 17 0 3 11 24
623  15 13 1 20 19 16 7 22 21 2 12 6 4 5 10 9 14 17 0 3 11
624  15 18 13 20 19 16 7 22 21 2 12 23 6 8 5 10 9 14 0
625  18 13 1 20 19 16 7 22 23 5 10 14 17 3 11 24
626  15 18 13 1 20 19 16 7 22 2 23 6 4 8 10 9 14 17 11
627  15 18 13 1 20 19 7 22 21 12 23 6 4 8 5 10 17 0 3 11 24
628  18 1 20 19 16 7 21 2 12 23 6 4 8 10 9 14 0 11
629  15 18 13 1 20 19 16 7 22 21 2 12 23 4 8 5 10 9 14 17 0 3 11 24
630  15 18 13 1 20 19 16 7 22 2 23 6 4 8 10 9 17 0 3 11 24
631  15 18 13 1 20 19 7 21 2 12 23 6 4 8 5 14 17 24
632  18 1 20 19 16 7 22 21 2 23 6 4 5 10 9 14 0 24
633  15 18 13 1 20 19 16 7 22 21 2 12 4 5 10 9 14 0 3 11 24
634  15 18 13 20 19 16 22 21 2 12 23 6 4 10 9 14 0 3 11 24
635  18 13 1 20 19 7 21 12 23 6 10 9 14 17 11
636  15 18 13 1 7 22 21 2 23 6 5 9 14 17 3 11
637  15 18 13 1 20 19 7 22 12 23 4 10 9 14 17 0 3 11 24
638  18 13 1 20 16 7 22 21 2 12 23 6 4 8 5 10 9 14 17 3 24
639  15 18 13 1 20 19 22 2 12 6 4 8 5 10 9 17 0 3 24
640  15 18 13 1 19 16 7 22 2 6 8 5 10 9 14 17 0 3 11 24
641  15 18 13 20 19 16 21 12 6 4 17 0 3 11 24
642  15 18 13 20 19 16 22 21 4 8 5 9 14 17 0 3 11
643  15 18 13 1 20 19 22 21 2 23 6 8 10 9 17 0 24
644  15 18 1 19 16 7 21 2 12 23 6 4 8 5 10 14 17 0 3 11 24
645  15 18 13 1 20 19 16 7 22 2 12 23 6 4 8 5 10 17 0 3 24
646  13 20 19 16 22 21 2 12 23 6 4 8 5 10 9 11 24
647  15 18 13 20 19 7 22 21 2 12 23 6 4 5 10 9 14 17 0 3 11 24
648  18 13 1 20 19 16 7 22 21 6 4 8 9 14 0 3 24
649  15 18 13 1 19 16 7 22 21 2 23 6 4 8 5 10 9 14 17 3 11 24
650  15 18 1 20 19 16 7 21 2 12 23 6 8 5 10 14 17 0 3 11 24
651  15 18 13 19 16 7 22 21 12 23 6 4 8 9 14 0 3 11 24
652  15 18 13 1 20 19 16 7 22 21 2 6 4 10 9 14 0 3 24
653  15 18 1 20 19 2 12 23 6 4 8 5 10 14 17 0 3 11 24
654  15 18 13 1 20 19 16 7 22 2 12 23 6 8 5 10 9 14 0 11 24
655  15 18 13 20 19 16 7 21 12 23 6 4 8 5 10 9 14 17 0 3 11 24
656  18 13 1 20 19 16 7 22 21 2 12 23 6 4 8 5 9 14 3 11
657  15 18 13 19 16 22 21 2 12 23 8 9 17 0 3 11 24
658  15 18 13 1 20 19 22 21 2 12 23 4 8 5 10 9 14 17 3
659  15 18 13 1 20 19 16 7 22 2 12 23 6 8 5 14 17 0 3 11 24
660  15 18 13 1 19 16 22 21 2 12 6 5 9 17 0 3 11 24
661  15 18 13 1 20 19 16 7 22 12 23 6 10 14 17 11 24
662  15 18 20 16 7 22 21 2 23 6 4 8 5 9 14 17 0 11 24
663  15 1 19 16 7 22 21 12 23 6 4 5 10 14 17 3
664  15 18 13 1 20 16 21 2 12 23 4 8 5 9 14 17 11 24
665  15 13 1 20 19 16 7 22 2 12 6 4 5 10 9 0 11
666  13 1 19 16 12 23 6 8 5 10 14 17 0 3 11 24
667  15 18 13 1 20 19 16 7 22 2 12 6 8 5 9 14 17 0 3 11 24
668  15 18 13 1 20 19 7 22 21 2 12 6 4 5 10 9 14 17 0 24
669  15 18 13 20 19 22 21 2 23 4 8 5 10 9 14 17 0 3 11 24
670  15 18 13 1 20 19 16 7 12 23 6 4 8 10 9 14 17 0 3
671  15 18 13 1 20 19 16 7 21 12 23 6 4 10 9 14 17 0 3 11
672  15 18 13 1 20 19 16 7 22 21 12 23 4 8 5 10 0 3 24
673  15 18 13 1 20 19 22 21 23 6 4 5 9 14 17 0 11
674  15 18 13 1 20 19 7 22 21 2 12 23 5 10 9 14 17 3 24
675  18 13 1 19 16 7 22 21 12 23 6 4 8 5 10 9 14 17 0 3 11 24
676  15 18 13 1 20 19 16 7 22 21 12 6 4 8 5 10 14 17 0 24
677  18 13 1 20 19 16 7 22 21 2 12 6 5 10 9 14 17 0 11 24
678  15 18 13 20 19 7 22 21 2 12 23 6 8 10 9 3 24
679  15 18 13 20 19 16 7 21 2 12 23 10 9 14 17 0 3 24
680  15 18 13 1 7 22 21 2 23 4 5 10 14 0 11
681  15 18 13 1 20 16 7 22 21 12 6 4 8 10 14 17 0 3 11 24
682  15 13 1 20 19 7 22 2 12 23 4 5 10 9 14 17 0 3 11
683  15 18 13 20 16 22 21 2 23 6 4 8 5 9 14 17 0 11
684  18 13 20 19 16 7 22 21 2 23 6 10 9 14 17 0 3 11 24
685  15 18 13 1 20 19 16 7 22 2 12 6 5 10 9 17 0
686  15 18 13 1 19 16 7 22 2 6 4 8 9 14 17 0 11
687  15 18 1 20 19 22 2 12 23 6 4 8 10 9 14 3 11 24
688  15 18 13 19 7 22 21 2 23 6 4 8 5 10 9 0 3 11 24
689  15 18 1 20 19 7 21 2 12 23 6 4 5 10 9 14 17 0 11 24
690  15 18 1 20 16 7 22 2 12 6 8 5 10 14 0 3 11 24
691  15 18 13 20 19 16 7 22 2 12 23 6 4 8 5 14 17 0 11 24
692  15 18 1 20 19 16 7 21 2 12 23 6 4 8 5 10 9 17 0 3 11 24
693  15 13 1 20 19 16 7 22 21 2 23 6 4 5 10 9 3 11 24
694  15 13 1 20 19 16 7 22 21 2 12 23 6 4 8 5 10 9 14 17 0 11 24
695  15 18 13 1 20 19 16 7 22 21 2 12 23 4 5 0 3 11 24
696  18 13 1 20 16 7 22 21 2 23 6 4 8 10 17 3 11 24
697  18 13 1 20 19 7 22 21 2 12 23 6 4 5 10 9 14 0 3 11 24
698  15 18 13 1 19 6 4 8 5 10 14 17 0 3 11 24
699  15 18 1 19 7 22 21 2 12 23 6 4 8 5 10 14 17 3 11 24
700  15 18 13 1 16 7 22 21 2 12 23 6 4 8 9 14 0 3 11 24
701  18 13 1 19 16 7 22 21 2 12 4 8 5 10 9 14 17 0 3 11
702  15 1 20 19 16 7 12 23 8 5 10 9 17 3 11
703  18 20 19 16 7 21 23 6 4 8 5 9 14 17 3 24
704  15 18 13 20 16 21 12 23 4 8 5 10 9 14 17 0 11 24
705  15 18 1 20 16 22 21 12 4 8 5 14 17 0 3 11 24
706  15 18 13 1 20 19 16 22 12 23 6 4 8 5 10 14 17 0 3 11 24
707  15 13 1 20 19 16 7 2 12 4 8 5 10 9 14 17 0 3 11 24
708  15 18 13 1 19 16 7 22 21 2 12 23 6 8 5 10 9 14 17 0 11 24
709  15 18 13 1 20 19 16 7 22 2 12 23 4 8 10 9 14 17 0 3 11 24
710  18 1 20 19 22 2 12 23 4 9 14 0 11
711  15 18 13 1 20 19 16 7 22 21 2 12 23 6 4 8 5 14 3 11 24
712  15 18 13 1 20 19 22 21 2 12 23 6 8 10 9 14 17 3 24
713  15 18 13 1 20 19 7 21 2 12 23 6 8 5 9 14 3 11 24
714  15 13 20 19 16 7 22 21 2 12 23 6 4 8 5 14 0 3 11 24
715  15 18 13 1 19 16 7 22 23 6 8 5 10 9 14 0
716  18 13 1 20 19 7 22 21 2 12 4 8 5 10 9 14 0 3 11 24
717  15 18 1 20 19 16 7 22 21 2 4 5 10 14 0 11
718  15 18 13 20 19 16 7 22 21 2 12 23 6 8 10 14 17 11 24
719  18 13 19 16 22 21 2 6 4 8 10 9 17 3 11 24
720  18 1 20 19 16 7 22 21 2 12 23 6 4 8 5 10 9 17 0 3 24
721  15 18 1 19 16 7 2 12 6 4 8 5 9 14 17
722  18 1 20 19 16 22 21 2 23 6 8 5 9 14 17 0 11
723  15 18 1 20 16 22 21 2 12 23 6 4 5 9 14 17 3 11 24
724  13 1 20 19 16 7 22 2 12 23 6 4 8 5 10 9 0 3 11
725  18 13 1 20 19 16 7 22 2 12 23 6 4 8 5 9 14 17 0 3 11 24
726  18 13 1 20 19 16 7 22 21 2 12 23 4 8 5 9 14 3 11 24
727  18 13 20 19 16 22 21 2 12 23 6 4 8 5 10 9 14 17 0 3 11 24
728  15 18 19 16 7 22 21 2 12 23 6 4 5 10 9 14 17 0 3
729  15 18 13 19 16 7 22 21 2 12 6 8 5 10 9 14 17 0 3 11 24
730  15 18 1 20 19 7 22 21 2 23 4 8 10 9 14 17 0 11 24
731  18 13 1 20 19 16 7 22 21 2 23 6 8 9 14 17 11
732  15 18 13 16 7 2 12 23 6 4 8 10 9 17 0 24
733  15 18 20 19 16 7 22 2 12 23 6 4 5 14 17 0 3 11
734  15 13 1 20 19 16 12 23 6 4 5 10 9 14 17 0 3 11 24
735  13 20 19 16 7 22 21 2 12 23 6 8 9 14 0 11 24
736  18 13 1 20 19 16 22 2 23 4 5 10 9 14 17 0 3 11
737  18 1 20 16 7 2 12 6 4 10 14 17 0 3 11 24
738  15 18 13 1 19 16 22 21 2 12 23 4 5 10 9 17 0 3
739  15 1 20 19 16 22 21 2 12 23 6 4 10 9 14 17 0 3 11 24
740  15 18 13 20 19 16 7 22 2 6 4 8 10 9 14 0 3 11 24
741  15 18 13 1 20 19 16 7 21 2 12 23 4 8 5 9 14 17 0 11
742  15 13 1 20 19 16 22 2 12 23 8 9 14 0 11 24
743  15 18 13 1 20 7 22 12 23 6 8 14 17 3
744  15 13 1 20 19 16 7 22 21 2 12 23 6 4 5 10 0 3 11 24
745  18 13 1 20 19 7 22 21 2 12 23 6 4 8 9 14 17 3 11 24
746  18 13 1 20 19 7 2 12 23 6 8 5 14 17 0 3 11 24
747  15 18 13 1 20 19 16 7 22 21 2 12 23 6 4 8 5 10 14 17 0
748  18 13 1 20 19 16 7 22 12 23 6 4 8 5 10 14 17 3 11 24
749  15 18 13 1 20 19 7 22 21 2 23 6 4 8 5 10 9 17 0 11
750  15 18 13 1 19 16 7 21 2 12 5 9 14 17 3 11 24
751  18 13 1 20 19 16 7 22 12 23 8 5 9 14 17 3 11
752  15 18 13 1 7 22 21 2 23 6 4 8 10 9 14 0 3 11 24
753  15 18 13 1 20 21 2 12 23 6 4 8 5 10 9 14 17 3 11 24
754  15 18 13 1 20 19 16 7 22 21 2 12 23 5 10 9 14 17 0 3 11 24
755  15 18 1 20 16 7 22 21 2 23 6 5 9 14 17 11 24
756  18 13 1 20 19 16 7 22 21 2 12 23 4 5 10 9 14 0 11 24
757  15 18 13 1 20 16 7 22 2 23 6 4 8 5 10 9 14 17 0 3 24
758  15 18 13 1 20 19 16 7 22 21 2 12 23 4 8 5 10 9 14 17 0 24
759  18 13 20 16 7 22 21 2 12 23 6 10 9 14 17 0 11 24
760  15 18 13 1 20 19 16 22 21 2 23 4 5 10 9 14 17 0 3 11
761  15 18 13 20 19 16 7 22 21 2 12 4 5 10 9 14 17 0 3 11
762  15 18 1 20 16 7 2 12 23 4 8 10 9 14 17 0 3 11
763  18 13 19 16 22 21 12 6 8 5 14 0 3 11 24
764  15 18 16 7 22 21 2 23 6 8 5 9 14 0 3 11
765  15 18 13 1 19 16 7 22 2 12 23 6 4 5 9 14 3 11
766  15 13 1 16 7 22 21 6 4 8 5 10 9 14 17 0 3 11
767  15 18 1 20 22 12 23 4 5 10 9 14 17 0 3 24
768  15 18 13 1 19 16 7 22 21 2 12 23 4 8 5 9 17 0 3 11 24
769  15 18 13 20 19 16 7 22 21 2 12 23 6 8 5 9 14 17 0 3 11 24
770  18 13 20 19 16 7 21 23 4 8 5 10 9 17 0 11 24
771  18 1 20 19 16 22 21 2 12 23 6 4 8 5 10 9 14 17 0 3 24
772  15 1 20 19 16 2 12 23 6 4 8 5 10 9 14 17 0 3 11 24
773  15 18 13 19 2 12 23 6 4 5 9 0 3 11 24
774  15 18 13 1 19 22 21 12 23 6 4 8 5 10 9 17 0 3 24
775  15 18 13 1 20 19 16 22 21 2 23 4 8 5 10 9 17 0 3 11 24
776  15 18 13 19 16 7 22 21 2 12 23 6 4 5 9 14 17 0 3 11 24
777  15 18 20 19 16 22 21 2 23 6 4 8 5 9 14 17 0 3 11 24
778  18 13 1 20 19 16 7 22 21 2 12 23 6 8 5 9 14 17 0 3 11 24
779  15 18 13 1 20 19 16 7 21 2 12 23 6 4 10 9 14 17 0 11 24
780  15 13 1 20 19 16 7 22 21 12 23 6 4 10 9 14 17 0 3 24
781  15 18 13 1 20 22 21 2 12 23 6 8 5 10 14 0 3 11
782  15 18 13 1 16 7 22 21 2 6 4 9 14 17 0 3 11 24
783  15 18 13 20 19 16 7 22 21 2 12 23 4 8 5 10 9 0 3 11 24
784  15 18 13 1 16 7 22 21 2 12 23 6 4 8 5 10 9 14 17 0 3
785  18 13 1 20 19 16 22 21 12 23 6 4 8 10 9 14 17 0 11
786  13 1 20 19 7 22 21 2 12 23 6 8 5 10 9 14 17 0 3 24
787  15 13 1 20 19 16 7 22 21 2 12 23 6 4 8 5 14 3 24
788  15 18 13 1 20 19 16 7 22 2 12 23 6 4 8 5 10 17 0 11 24
789  15 18 1 20 16 2 12 23 6 4 8 10 9 14 17 3 11 24
790  15 18 13 20 19 16 22 12 6 4 10 9 14 17 0 11 24
791  15 18 13 1 20 19 16 7 22 2 12 23 6 4 8 10 9 14 0 3 11
792  15 18 1 20 19 16 7 22 21 2 12 23 6 4 5 9 14 17 0 3 11 24
793  15 18 13 1 20 19 16 7 22 21 2 12 6 4 8 5 10 9 14 17 0 3 11 24
794  15 18 13 1 20 19 7 21 23 4 8 5 10 9 14 17 0 3 11 24
795  15 13 1 20 19 7 22 21 2 12 23 4 8 5 10 9 14 17 0 3 24
796  15 18 13 1 19 16 7 22 21 2 12 23 6 8 5 10 9 14 17 0 3 11 24
797  15 18 13 1 20 19 7 22 21 2 12 23 6 4 5 10 9 14 17 0 3 11 24
798  15 13 20 19 16 7 21 2 12 4 8 5 9 14 17 0 3 11 24
799  18 1 20 19 16 22 12 6 4 8 5 10 9 17 0 3 24
800  18 13 1 19 16 7 22 2 12 4 8 5 10 14 17 0 3 11
801  15 13 1 20 19 16 7 22 21 2 12 23 6 4 8 5 10 9 14 17 0 3 11 24
802  15 18 13 20 19 7 22 21 2 12 23 6 8 10 9 14 0 3 11 24
803  13 1 16 7 22 21 2 23 5 9 0 3 11 24
804  18 13 20 19 7 22 2 12 6 4 5 9 14 17 0 3 11 24
805  13 1 20 16 22 21 2 23 6 4 5 10 14 17 0 3 11 24
806  15 18 13 1 20 19 16 7 22 21 2 6 4 5 10 9 14 17 0 3 24
807  15 18 13 1 20 19 7 21 2 23 6 8 5 10 14 17 3 24
808  15 18 13 1 19 7 22 21 2 23 6 8 5 10 9 14 17 0 3 24
809  15 18 13 20 19 16 7 21 2 12 23 6 8 10 9 14 3 11 24
810  15 18 13 20 19 16 7 21 2 23 6 9 17 0 3 11 24
811  15 18 13 1 20 16 22 21 6 4 8 5 10 14 17 0 3 24
812  15 18 13 1 20 16 7 22 21 2 12 6 4 8 10 9 14 17 0 3 11
813  15 13 20 19 16 7 22 21 2 12 23 6 4 8 5 9 14 17 3 11 24
814  15 18 13 1 20 19 16 7 22 21 2 12 6 4 5 9 14 0 3 11
815  15 18 13 1 19 7 2 12 23 6 4 8 5 9 14 17 0 3 11 24
816  15 18 13 1 20 19 16 7 22 21 2 23 4 5 10 9 14 17 0 24
817  15 18 13 1 19 16 22 21 2 12 6 4 8 5 10 9 14 0 3 11 24
818  15 18 13 19 22 21 2 12 4 8 5 10 9 14 0 3 11 24
819  15 20 19 16 7 22 21 23 4 8 5 10 14 0 3 11 24
820  15 18 1 19 7 22 21 12 23 6 4 5 10 9 14 17 0 24
821  15 1 20 19 16 7 22 21 2 12 23 6 8 5 10 0 3 11 24
822  15 18 1 20 19 16 7 21 2 4 8 9 0 11 24
823  15 18 13 1 19 21 2 23 6 4 8 9 14 17 0 3 24
824  15 18 13 1 20 19 16 7 22 2 23 6 4 8 5 10 9 14 17 0 3 24
825  15 18 13 1 16 22 2 12 23 6 10 9 14 17 24
826  18 13 1 20 19 7 21 2 4 8 10 17 0 3 11
827  15 18 13 1 20 19 16 7 22 2 12 23 6 8 5 9 14 17 0 3 11
828  13 20 16 7 22 21 2 12 23 6 4 8 9 14 0 11
829  15 18 13 1 20 19 22 21 2 12 23 6 4 8 5 9 14 0
830  15 18 13 1 20 19 7 22 12 23 4 5 10 9 14 17 3 11 24
831  15 18 13 1 19 16 7 22 21 2 12 23 6 4 5 10 14 17 0 3 11 24
832  18 13 1 20 19 21 2 12 23 4 8 5 17 0 3 11 24
833  15 18 13 1 20 19 7 21 12 23 6 10 14 3 11 24
834  15 18 13 1 20 19 7 22 21 2 23 6 4 5 9 14 3 11 24
835  15 18 13 1 20 19 16 7 2 12 23 6 4 5 10 9 14 0 11 24
836  15 16 22 2 23 6 4 5 10 9 14 17 3 11 24
837  18 13 1 20 19 16 7 22 21 2 12 6 4 8 5 10 9 14 17 0 3 11 24
838  15 1 19 16 7 22 21 2 12 6 4 8 5 9 14 0 3
839  18 13 1 20 16 21 2 12 23 6 4 8 5 10 9 14 17 0 3 11
840  15 18 20 19 16 7 21 2 23 6 4 8 5 10 9 14 17 0 3 11 24
841  18 1 20 19 16 22 21 2 12 23 6 4 8 5 10 9 14 0 3 24
842  15 18 1 19 16 7 22 21 2 23 6 4 8 10 9 14 17 0 3 11
843  15 18 13 1 20 19 21 2 23 6 4 8 5 9 0 24
844  15 18 1 20 19 16 7 22 21 2 12 23 6 4 8 5 10 14 0 3 11
845  15 1 20 19 16 7 22 2 12 23 6 4 5 10 9 14 0 24
846  15 13 20 19 7 22 21 12 6 4 5 10 9 14 17 0 3 24
847  15 18 13 1 20 19 7 22 2 12 23 6 4 8 5 10 9 0 3 11
848  15 18 1 20 19 16 22 21 2 12 23 6 4 8 5 10 9 14 17 0 3 11
849  15 18 13 20 19 16 7 22 21 12 6 8 5 10 14 17 0 3 24
850  15 18 13 1 19 16 21 2 12 6 5 17 0 3 24
851  15 13 1 20 19 16 7 22 21 2 6 4 10 9 14 0 3 11
852  15 18 13 1 20 19 16 7 21 23 6 4 5 10 9 14 0 3 11
853  18 13 1 19 16 7 21 2 12 23 6 4 8 5 10 9 14 3 11 24
854  15 18 13 1 20 19 21 2 12 23 6 4 8 5 10 9 14 3 24
855  15 18 1 20 19 16 7 22 21 2 12 23 6 4 8 5 10 9 17 0 3 11 24
856  15 18 13 1 16 7 22 21 2 12 23 6 4 8 5 9 14 17 0 3
857  15 18 13 20 19 16 7 22 21 2 12 6 8 5 10 9 0 3 24
858  1 20 19 16 7 22 2 12 23 6 4 8 5 10 9 14 17 3 11 24
859  15 13 1 19 16 7 22 21 2 12 23 6 4 5 9 14 17 0 3 11 24
860  15 1 20 19 16 22 21 2 12 6 4 8 10 9 17 0 3 11 24
861  15 18 13 20 16 7 21 12 23 6 4 8 5 10 9 14 17 0 3 11 24
862  15 18 13 19 16 22 21 2 12 23 10 9 17 0 3 11 24
863  15 13 1 20 19 7 2 12 23 6 4 8 5 10 17 0 3 11 24
864  18 13 2 12 23 4 8 17 0 3 11 24
865  15 13 1 20 19 16 7 21 12 23 6 4 5 10 9 14 17 0 3 11
866  15 18 13 1 20 19 16 7 22 2 6 4 8 5 10 9 14 17 0 11 24
867  15 18 13 1 20 19 16 7 22 21 12 23 4 10 9 14 17 0 3 11 24
868  18 13 1 20 19 16 7 22 21 2 23 6 8 9 0 3 11 24
869  15 18 13 1 19 16 7 22 21 2 12 23 4 8 5 10 0 3 11 24
870  15 18 13 1 19 16 7 21 12 8 5 10 9 17 0 3 11 24
871  18 13 1 20 19 21 2 12 23 6 8 10 9 14 17 0 3 11 24
872  15 18 13 1 19 16 22 21 2 12 23 6 4 8 5 10 9 14 17 0 3 11 24
873  15 18 1 20 16 7 22 21 2 12 23 6 4 8 5 10 9 14 17 0 3 11 24
874  15 18 13 1 19 16 7 21 2 23 6 8 5 10 9 14 17 0 3 11
875  15 18 1 20 19 16 7 22 21 2 23 6 8 5 9 0 3 24
876  15 18 13 1 20 7 22 21 2 23 6 5 9 14 17 3 11 24
877  15 18 1 19 16 22 21 2 12 6 8 10 9 14 0 3 11 24
878  15 18 13 20 16 7 12 23 8 5 10 9 14 17 0 3 11
879  15 18 13 1 20 16 7 22 21 12 23 6 4 8 5 10 9 14 0 3 11 24
880  15 18 19 16 7 22 21 2 6 4 8 5 10 9 17 0 3 11 24
881  15 18 13 1 20 16 7 22 2 12 23 6 4 8 5 10 9 14 17 0 11
882  15 18 13 1 20 19 16 7 22 21 12 23 6 4 8 5 10 17 0 3 11
883  15 18 13 20 19 16 7 22 2 12 23 10 9 17 3 11 24
884  15 18 13 20 19 7 22 21 2 12 23 4 8 10 9 14 0 3 11 24
885  15 18 1 20 19 7 22 21 2 12 6 4 5 10 9 14 17 3 11 24
886  15 13 1 16 7 21 12 23 4 8 5 10 14 17 0 11
887  15 18 13 1 20 19 16 22 12 23 6 4 5 10 9 17 0 11 24
888  15 18 1 20 16 22 21 2 12 23 6 4 8 5 10 9 14 17 0 3 11 24
889  15 18 13 1 20 16 7 21 2 12 23 6 4 8 5 9 14 0 3 11 24
890  15 18 13 19 16 7 12 23 6 4 10 9 0 3 11 24
891  15 18 13 1 20 19 16 7 22 2 12 23 6 8 5 10 9 14 17 0 11 24
892  15 18 13 1 20 19 16 7 22 21 12 23 8 5 10 9 14 0 3 11 24
893  15 18 13 1 20 16 7 22 21 2 12 23 6 4 5 10 9 14 0 11
894  15 18 13 1 20 16 22 21 2 12 23 6 4 5 10 9 14 17 3 11 24
895  15 18 1 16 22 2 12 23 6 4 8 10 9 14 17 0 24
896  18 20 19 7 22 2 12 23 4 8 14 11 24
897  15 13 1 20 19 7 22 2 12 23 5 17 0
898  15 18 13 1 20 19 16 22 21 12 23 4 5 10 9 14 0 3 11 24
899  15 18 13 1 19 16 7 22 2 12 6 4 8 5 10 17 3 11 24
900  15 18 13 1 20 16 22 2 23 6 4 8 5 9 14 17 0 3 24
901  15 13 1 19 16 7 22 12 23 6 4 8 5 14 17 0 3 11 24
902  15 18 13 20 16 7 22 2 12 23 6 8 5 10 9 14 0 3 11 24
903  15 18 13 1 20 19 16 7 22 21 2 12 23 6 4 8 10 9 14 17 0 3 24
904  15 13 1 20 19 16 7 22 2 12 23 6 4 8 5 10 9 0 3 24
905  18 13 1 20 19 16 22 21 2 12 6 4 10 9 14 17 0 3 11 24
906  15 13 1 20 16 7 21 2 12 23 6 8 5 9 14 17 3 11
907  15 13 20 19 16 7 22 21 2 12 6 4 9 14 17 24
908  15 18 13 20 19 7 22 21 12 6 5 9 17 0 3 11 24
909  15 18 13 1 20 19 7 22 21 2 12 23 6 4 8 5 9 14 17 3 11 24
910  15 18 13 1 20 19 16 7 22 21 2 12 23 6 4 8 5 10 9 14 17 11
911  15 13 1 19 7 22 21 12 6 8 5 10 9 14 0 11 24
912  15 18 19 7 22 21 12 23 6 4 5 10 14 17 0 3 11
913  18 1 7 22 21 2 23 6 8 5 9 14 17 0 11
914  15 18 13 1 20 16 7 22 12 23 6 4 8 5 10 14 17 3
915  18 13 1 20 19 16 7 22 21 2 23 6 10 9 14 17 0 11 24
916  18 13 1 20 19 7 22 21 2 12 23 4 8 5 10 9 14 17 0 3 11 24
917  15 18 13 20 19 16 22 21 2 23 4 8 5 10 9 14 17 0 3 24
918  18 20 19 16 21 2 4 8 9 14 0 3 11 24
919  15 18 13 1 19 22 21 2 12 23 6 4 8 5 10 9 14 17 0 3 24
920  15 13 1 20 22 21 2 12 23 6 8 5 9 14 0 3 24
921  15 13 1 19 7 22 2 12 23 6 4 8 5 10 9 14 0 3 11 24
922  15 18 13 1 20 19 16 7 22 2 12 6 4 8 5 10 9 14 17 0 3 11
923  15 18 1 19 16 7 21 2 12 23 8 9 14 17 0 3 24
924  15 18 13 1 20 19 16 7 22 21 2 12 23 6 4 8 5 10 9 14 0 3 11 24
925  15 18 13 20 16 7 21 2 12 6 4 8 5 10 9 0 3 11
926  15 13 20 19 7 21 2 12 23 6 4 8 5 9 14 17 3 11
927  15 13 1 20 19 16 7 22 21 2 6 4 8 5 10 9 17 3 11 24
928  13 1 20 19 16 7 22 21 2 23 4 8 5 10 9 14 17 0 24
929  15 18 1 20 19 7 22 21 12 23 6 4 8 10 9 14 17 0 11 24
930  15 18 20 16 7 2 12 23 4 8 5 10 9 14 0 3 11 24
931  15 18 13 1 20 19 7 21 12 23 6 8 10 9 0 3 11 24
932  15 13 1 20 19 16 22 2 12 23 4 8 5 10 9 14 17 0 11 24
933  15 13 1 20 19 16 7 22 2 12 6 8 5 10 14 17 11 24
934  18 20 19 16 7 22 21 2 12 23 6 4 5 10 9 14 17 0 3 11 24
935  15 18 13 20 19 22 21 2 12 23 8 5 10 0 3 11 24
936  15 18 1 20 16 22 21 2 23 6 4 8 10 9 14 17 3 24
937  15 18 1 20 19 16 7 21 2 12 23 4 8 5 10 9 0 24
938  18 13 20 16 7 22 21 12 23 6 4 8 9 14 17 3 11
939  15 1 19 7 22 21 2 12 23 6 4 8 5 10 14 17 0 3 24
940  18 13 1 20 19 7 22 2 12 23 6 4 8 9 14 17 3 11 24
941  15 13 1 20 19 16 22 21 2 12 23 6 4 5 10 9 14 17 0 11 24
942  18 13 1 20 7 22 21 2 23 6 4 8 9 14 17 0 3 24
943  15 1 20 19 16 7 22 21 2 12 23 6 8 5 14 17 0 3 11 24
944  15 13 20 19 7 22 21 12 23 6 4 8 9 14 17 0 3
945  15 13 1 20 19 16 7 21 2 12 23 6 4 8 10 9 14 17 0 3
946  15 18 1 16 7 22 21 2 12 23 6 4 8 5 10 9 14 17 3 11 24
947  13 1 20 19 16 7 12 23 6 4 8 5 10 9 14 17 11 24
948  15 18 13 1 20 19 22 21 2 12 23 6 4 8 10 9 14 0 3 11 24
949  15 18 1 20 16 7 2 12 6 4 8 5 9 14 0 3 24
950  15 18 21 12 6 4 8 5 10 0 3
951  15 18 1 19 16 7 22 21 12 8 5 10 9 17 0 3 24
952  15 18 13 1 20 7 22 21 2 23 4 8 5 10 9 14 17 0 3 11
953  1 16 7 22 21 2 8 5 9 14 0 24
954  15 18 13 19 7 22 21 12 23 6 4 8 5 10 9 14 17 0 3
955  15 18 19 16 7 22 21 2 12 23 8 5 10 17 0 3 11
956  15 18 13 1 20 19 16 7 22 21 2 23 6 4 8 5 10 3 11
957  15 18 13 1 19 16 7 22 21 2 12 23 6 4 8 5 14 17 3 11
958  15 18 1 19 16 7 22 2 12 23 6 4 8 5 10 9 17 0 3 11 24
959  18 13 1 20 19 16 7 12 23 6 4 8 5 10 9 14 17 0 3 11 24
960  15 18 1 20 19 22 21 2 23 6 5 9 14 17 3 24
961  15 13 1 20 16 7 22 21 2 23 6 4 8 5 10 14 17 0 3 11 24
962  15 18 13 1 19 16 7 22 21 2 23 6 4 5 10 9 14 17 3 11 24
963  18 13 1 20 19 7 21 2 23 6 10 9 14 17 0 3 24
964  18 1 20 19 16 7 21 2 12 23 6 4 8 10 9 14 3 11 24
965  15 18 1 20 19 22 2 12 23 6 4 8 5 9 14 0 11 24
966  15 18 13 1 20 19 16 22 2 12 23 6 8 5 9 14 0 11 24
967  15 18 1 20 19 16 22 21 12 8 5 9 14 17 0 3 11 24
968  15 18 13 1 20 16 7 22 21 12 6 4 8 5 10 9 14 17 0 11
969  1 20 16 7 22 21 2 23 6 8 14 17 0 3 11 24
970  15 18 1 20 16 7 22 21 23 6 4 8 5 10 9 14 17 3 24
971  1 19 7 22 21 2 12 23 6 4 8 5 10 9 17 0 3 11
972  15 18 13 1 20 19 16 2 23 6 4 8 5 10 9 14 17 0 3 11 24
973  18 13 1 20 16 7 22 21 23 6 8 5 10 9 14 17 0 3 24
974  15 18 19 16 21 2 23 6 4 8 10 9 14 0 3
975  15 13 1 20 19 16 7 2 12 6 4 8 5 10 9 17 3 11 24
976  15 1 20 19 16 7 22 21 2 23 6 4 8 5 10 9 14 17 0 3 11 24
977  18 13 1 20 16 7 22 21 23 6 4 8 5 10 9 14 17 0 11 24
978  15 18 13 1 19 7 21 2 12 23 6 4 5 10 9 14 17 0 11 24
979  18 1 20 19 7 22 21 2 23 6 4 8 5 14 17 3 11 24
980  15 13 19 16 7 22 21 12 23 6 4 8 5 14 17 0 11 24
981  18 13 1 20 19 16 21 12 23 6 5 9 14 17 0 3 11 24
982  18 1 20 19 16 7 22 2 12 23 6 4 8 5 10 9 14 17 3 11
983  15 18 13 1 20 19 7 21 2 12 6 4 8 5 10 9 14 17 0 3 24
984  15 13 1 20 19 16 7 22 21 2 23 6 4 5 10 9 14 17 0 3 11 24
985  15 18 13 19 16 7 22 21 2 12 23 6 4 8 9 17 0 3 24
986  15 18 13 1 20 19 16 7 22 21 2 4 5 10 9 14 0 3 11 24
987  15 18 13 1 20 19 16 7 22 21 2 12 23 6 4 8 10 9 14 17 3
988  15 18 1 19 16 22 21 2 12 23 6 10 9 14 3 11 24
989  15 18 13 20 16 22 2 12 4 8 9 14 17 0 11 24
990  15 18 13 1 20 19 16 7 22 21 2 12 23 6 8 5 10 9 17 0 3 11
991  18 13 20 16 7 22 21 12 23 6 4 8 5 9 14 17 0 3 11 24
992  15 13 1 20 7 21 2 12 23 6 4 5 14 17 11 24
993  15 18 1 20 19 16 22 21 2 12 4 5 9 14 0 3 24
994  15 18 13 1 20 19 16 7 21 2 12 6 4 8 5 9 17 0 3 11 24
995  15 18 13 1 20 16 7 22 21 12 23 6 5 10 9 14 17 0 3 11
996  15 13 1 22 21 2 12 23 6 4 8 5 10 9 14 0 3 24
997  15 18 13 1 20 19 16 7 21 2 12 23 4 8 10 9 17 0 3 11
998  15 18 13 1 19 7 12 6 8 10 9 14 17 0
999  15 1 20 19 16 7 21 2 12 23 6 4 8 5 10 9 14 17
