575 13.367966 52.551105 459746 0.338 0
273 13.538272 52.52816 136891 0.246 0
170 13.409107 52.571404 21470 0.448 0
796 13.409414 52.528988 454547 0.0 0
28 13.360948 52.4882 44363 0.244 0
869 13.400703 52.522552 71072 0.195 0
572 13.434758 52.49958 358596 0.356 0
557 13.3329 52.474297 8497 0.072 0
553 13.403722 52.565327 295199 0.935 0
430 13.366136 52.55316 15671 0.078 0
615 13.283603 52.589275 170906 0.128 0
565 13.394497 52.569828 116092 0.644 0
16 13.412505 52.540867 500152 0.123 0
319 13.3350935 52.47227 96003 0.292 0
22 13.406174 52.545845 15175 0.156 0
56 13.3213625 52.50744 320925 0.007 0
894 13.412884 52.55418 175214 0.899 0
476 13.383427 52.530514 502254 0.0 0
800 13.406303 52.527225 13846 0.125 0
686 13.461308 52.511333 59051 0.693 0
247 13.321768 52.520905 2561 0.534 0
692 13.410989 52.488914 136697 0.668 0
104 13.570625 52.54121 474644 0.252 0
9 13.377005 52.50827 380739 0.705 0
70 13.419015 52.4938 28230 0.467 0
201 13.422625 52.544197 320406 0.868 0
829 13.216815 52.4387 484750 0.272 0
563 13.426202 52.49236 17668 0.21 0
212 13.526357 52.456177 175458 0.3 0
578 13.32531 52.504658 115962 0.749 0
378 13.451072 52.471954 486050 0.524 0
287 13.305442 52.51352 324963 0.234 0
181 13.390271 52.557766 266708 0.543 0
857 13.394134 52.526592 162147 0.934 0
510 13.454048 52.506874 271213 0.934 0
904 13.333334 52.50396 127498 0.746 0
211 13.401343 52.520687 124378 0.133 0
17 13.4141 52.54064 296941 0.505 0
462 13.405492 52.49583 225742 0.372 0
218 13.482422 52.50323 465009 0.287 0
431 13.427798 52.49234 234254 0.492 0
48 13.458253 52.512802 160285 0.726 0
755 13.573782 52.443317 285688 0.188 0
453 13.3299055 52.525448 9082 0.17 0
457 13.41728 52.499622 187436 0.581 0
281 13.400746 52.529995 189030 0.367 0
567 13.424582 52.52825 169942 0.813 0
126 13.320303 52.485867 981 0.798 0
393 13.42111 52.537483 331528 0.789 0
232 13.502812 52.555656 32916 0.683 0