318 13.411033 52.52016 163672 1.0 0
234 13.343831 52.489 15352 1.0 0
270 13.391408 52.39843 305766 1.0 0
518 13.292378 52.49745 2090 1.0 0
540 13.412302 52.532673 73326 1.0 0
67 13.324171 52.460564 272040 1.0 0
273 13.319947 52.496033 8262 1.0 0
541 13.456653 52.44243 280258 1.0 0
373 13.346357 52.436466 376812 1.0 0
563 13.360966 52.545273 18578 1.0 0
238 13.431502 52.532074 28032 1.0 0
388 13.464741 52.514633 11804 0.0 0
386 13.209393 52.54718 61010 0.0 0
315 13.31894 52.48144 9022 1.0 0
247 13.386539 52.442146 259528 1.0 0
212 13.576914 52.455482 473872 1.0 0
556 13.442675 52.48034 324630 0.0 0
405 13.320066 52.50162 298416 1.0 0
383 13.430286 52.49555 13986 1.0 0
552 13.409849 52.571087 30632 1.0 0
217 13.361087 52.49466 454480 1.0 0
354 13.234586 52.607483 59960 1.0 0
101 13.333298 52.469017 19738 0.0 0
389 13.330847 52.467392 19752 0.0 0
472 13.558483 52.50539 370288 1.0 0
568 13.430524 52.468433 280714 1.0 0
449 13.307961 52.506668 259116 1.0 0
174 13.436466 52.418213 124802 0.0 0
555 13.368788 52.54494 23228 1.0 0
441 13.461331 52.508663 133322 1.0 0
110 13.299192 52.4732 473658 1.0 0
484 13.208299 52.55751 264472 1.0 0
50 13.495787 52.50598 36386 1.0 0
296 13.312053 52.498062 7250 1.0 0
487 13.496799 52.51189 79824 1.0 0
33 13.406954 52.386158 272706 1.0 0
531 13.437154 52.45615 61634 1.0 0
553 13.423357 52.491085 14006 0.0 0
185 13.282447 52.50996 415186 1.0 0
425 13.327703 52.454586 304164 1.0 0
285 13.493427 52.636177 160242 1.0 0
395 13.399839 52.416542 279816 1.0 0
86 13.265465 52.511696 24702 1.0 0
275 13.324531 52.497944 8502 1.0 0
314 13.442559 52.542976 348646 1.0 0
358 13.203734 52.537548 57054 1.0 0
585 13.285748 52.587463 341940 1.0 0
138 13.525564 52.567936 65234 1.0 0
103 13.329971 52.458153 37616 1.0 0
298 13.336155 52.530396 18184 1.0 0