0  42 24 40 83 87 16 12 19 32 36 3 51 93 26 38 94 73 86 34 15 81 48 31 74 1 8 69 82 7
1  71 18 70 28 16 91 12 97 58 19 27 88 100 36 57 62 38 73 68 92 60 76 55 86 96 29 101 85 48 74 72 44 53 4 7 52
2  24 70 83 9 14 10 56 78 12 66 30 27 41 32 3 39 57 38 35 73 68 99 15 90 31 74 21 8 44 69 65
3  71 42 70 40 79 10 5 37 78 91 88 41 3 33 84 38 94 68 99 86 49 90 48 85 65 103 82 102
4  18 24 20 10 87 37 16 80 95 91 66 88 51 93 57 62 13 84 22 99 60 34 15 81 53 17 45 7 89 46
5  14 10 87 16 78 19 36 39 33 62 54 94 92 101 85 44 47 103 17 7 89
6  24 40 28 56 78 58 27 41 32 3 63 62 25 38 22 92 99 76 55 49 15 74 8 44 47 6 98 89 102
7  71 42 24 70 14 10 87 5 58 27 41 67 39 51 93 33 26 94 35 22 75 86 96 29 15 81 31 1 6 65 77
8  40 20 14 87 78 91 12 66 88 41 100 3 13 54 25 38 94 92 99 76 90 85 48 74 72 2 98 59 89 52 77 102
9  40 28 79 50 14 5 16 61 97 0 57 33 26 64 94 35 68 92 60 86 29 31 44 69 82 17 59 98 89 46
10  18 37 16 80 78 58 97 19 0 88 3 39 93 33 13 64 11 55 86 81 31 47 98 77
11  71 42 70 20 9 10 37 16 78 30 41 39 63 93 13 64 84 38 94 73 60 55 49 29 81 90 101 1 21 4 6 82 7 89
12  40 20 14 56 80 78 91 0 57 54 73 22 60 76 86 31 1 21 2 103 82 45 7
13  24 10 16 80 78 91 12 97 66 23 93 63 57 13 64 25 35 86 1 72 8 4 65 7 89 77 46
14  18 70 40 50 0 27 36 63 62 54 99 60 76 29 15 81 21 69 4 7
15  70 40 83 14 87 37 95 91 12 97 88 63 13 25 92 60 86 49 81 1 44 53 6 82 52 77
16  18 24 70 20 10 95 78 100 23 39 93 84 94 75 76 55 86 90 2 82 7 52
17  71 70 20 79 14 56 95 88 100 32 23 51 93 26 62 64 84 38 35 68 43 55 34 81 101 47 6 103 98 59 89
18  24 79 37 16 61 67 93 62 13 54 22 92 75 76 86 49 29 48 21 53 47 82 45
19  70 14 10 16 58 66 30 67 93 33 13 54 68 43 99 75 76 86 90 1 21 98 45 7 46
20  40 87 16 95 61 58 19 0 3 51 63 93 62 38 73 68 92 60 99 75 55 96 29 85 69 6 103 82 98 7 46 77
21  71 50 9 14 80 61 19 27 88 100 32 3 51 57 62 11 75 55 86 34 101 74 65 7
22  70 40 83 50 79 37 95 41 23 33 26 22 92 15 81 90 85 48 47 103 82 45 52
23  71 28 79 87 16 78 12 30 41 39 93 33 62 25 75 76 86 34 101 85 74 21 98 46
24  71 9 14 97 30 93 33 62 84 38 35 68 99 96 29 81 90 85 8 44 6 45 52 77
25  28 50 12 30 27 32 36 33 26 38 35 76 29 85 48 47 4 6 82 59 46 77
26  18 50 56 16 66 30 0 32 51 13 64 94 35 73 75 96 81 90 48 1 21 8 103 98
27  18 28 56 37 97 0 88 67 3 33 84 94 11 49 15 81 48 31 69 6 103 59
28  50 87 16 80 95 61 12 97 19 30 27 67 57 26 54 25 38 11 22 76 86 55 15 90 74 1 21 47 17 98 46
29  50 14 56 16 91 0 93 26 62 13 84 73 22 92 99 49 34 81 101 74 1 72 21 8 44 47 2 52 102
30  70 20 28 50 5 16 78 19 66 88 32 67 39 93 33 26 13 84 94 11 73 43 75 96 81 53 47 103 45 7 52 89 77 102
31  9 14 56 78 91 88 100 36 51 93 64 25 35 92 75 48 74 1 21 8 53 103 59
32  42 24 20 50 9 10 87 5 91 58 19 30 23 3 26 54 84 25 43 75 86 55 49 85 1 21 44 6 98 45
33  50 87 5 80 78 91 12 66 30 27 32 93 63 26 38 35 22 60 55 86 90 48 74 44 103 59 89 46
34  20 9 95 88 51 64 54 38 73 22 99 75 49 29 34 15 90 8 47 6 103 17 89
35  42 5 16 95 100 32 36 63 57 26 54 84 38 94 22 99 75 76 29 101 74 72 21 53 6 103 89 77 102
36  28 9 14 87 5 95 58 88 3 93 26 62 94 76 86 49 29 101 1 21 7 89
37  40 83 79 37 78 97 30 27 100 67 3 51 63 57 64 35 68 60 96 34 15 45 77
38  71 70 40 5 16 12 97 19 0 88 41 32 67 36 63 64 84 25 94 60 55 86 74 72 53 69 4 2 82 59 46
39  83 9 56 5 0 23 39 57 62 38 22 60 75 96 81 90 1 44 53
40  42 24 70 50 79 14 56 37 80 95 66 30 0 27 41 67 23 39 63 33 62 25 35 22 43 60 76 55 15 101 1 47 17 46
41  24 28 79 16 78 61 0 88 32 36 13 92 31 8 44 53 103 45 7 77 46
42  70 83 79 88 32 39 33 62 64 38 94 35 99 29 90 74 103 98 7 89
43  20 9 78 61 12 88 67 36 51 93 26 73 99 29 15 85 21 8 69 2 6 103 82 59 52 102
44  71 18 42 28 50 37 80 91 61 12 58 0 88 41 63 93 26 62 54 68 92 43 99 76 55 86 49 101 31 21 8 44 2 6 65 82 89
45  42 28 83 58 19 88 32 3 63 57 11 99 60 76 86 90 21 44 17 45 46 77
46  24 70 28 79 87 37 16 61 66 41 100 32 39 93 25 38 92 76 81 101 85 31 21 47 69 82 89 77 46
47  18 70 28 87 5 37 80 78 61 19 88 67 93 57 33 26 54 94 11 73 22 43 55 86 49 90 48 8 69 65 103 89 52 77
48  18 20 10 80 95 30 0 23 36 3 39 13 73 92 76 96 49 29 48 31 47 65 82 17 7 77 102
49  42 40 20 83 50 14 87 37 95 19 30 41 32 3 39 93 33 62 64 25 94 68 15 48 31 72 47 69 103
50  28 83 50 9 14 87 37 95 61 91 58 30 41 67 62 54 25 35 60 86 90 101 85 82 59 102
51  28 83 9 10 87 56 37 19 66 30 0 100 67 36 51 33 26 62 84 68 92 55 49 90 101 48 31 8 44 53 2 98
52  83 9 80 95 58 19 23 3 39 51 63 93 26 38 73 68 49 34 15 101 48 74 6 45 52 102
53  40 28 58 88 32 36 93 57 13 64 94 92 76 49 29 34 1 21 65 98 77
54  70 40 28 9 56 88 41 67 57 62 13 99 101 31 72 2 6 65 59 45 52 46 77
55  18 87 5 78 58 66 32 23 51 63 13 54 84 43 99 86 49 90 31 53 6 89
56  42 83 79 9 10 56 16 95 78 91 61 58 30 67 93 63 26 54 84 11 43 75 55 96 81 90 48 74 69 65 17 77
57  42 10 87 78 91 61 30 41 32 3 63 54 76 96 34 81 101 31 21 53 65 89 77
58  40 20 79 9 87 37 95 91 61 58 97 0 27 41 32 67 3 39 51 33 54 38 73 92 60 55 29 90 85 74 1 44 53 4 89 77
59  42 24 87 91 58 30 0 41 100 23 3 63 57 64 25 73 22 68 43 76 96 15 90 74 2 46
60  70 40 50 9 87 5 67 23 3 63 57 38 35 11 68 43 49 29 31 1 44 53 47 6 103 82 45 89 77 102
61  71 42 70 9 87 56 5 80 95 61 19 0 36 51 63 93 33 13 64 54 25 38 11 43 99 60 76 96 21 44 2 65 82 45 89 52 77
62  71 42 20 56 5 16 61 12 27 100 23 51 57 62 84 60 99 76 90 31 44 103 17 7 52 102
63  71 18 40 83 50 56 16 95 61 12 97 19 30 27 41 67 36 3 63 84 38 68 60 99 76 86 49 31 1 8 4 98 52
64  18 24 79 10 87 37 95 91 61 12 41 67 39 26 54 84 73 92 43 60 76 29 45 52 46
65  71 70 40 20 79 50 10 80 58 0 39 93 57 26 62 54 35 99 75 15 81 101 48 72 8 44 65 82 59 7 102
66  71 18 28 83 79 56 37 12 58 0 32 3 51 93 62 54 25 38 94 35 43 55 29 34 90 74 1 8 44 2 103 82 98 7 52 46 102
67  18 40 20 28 83 14 5 16 80 27 88 100 36 63 64 94 22 92 43 86 96 101 31 21 8 47 2 6 82 59
68  28 56 87 12 0 41 32 36 63 84 25 86 55 49 29 15 90 47 65
69  71 70 28 83 79 9 14 5 95 97 67 36 57 26 13 54 84 38 11 34 15 101 74 53 47 4 82 98 89 46
70  18 70 50 10 5 37 61 12 19 0 32 23 57 64 11 60 55 96 101 48 31 21 8 53 47 4 82 98 7 77 102
71  9 37 91 61 0 88 41 100 23 36 3 93 73 68 92 96 49 29 34 15 90 101 85 21 8 52
72  18 70 40 79 5 37 95 0 27 36 51 63 57 33 62 13 38 76 96 29 81 101 44 69 2 65 82 59 98 45 89
73  42 9 78 12 19 41 100 3 39 63 26 64 54 22 92 43 55 86 96 15 101 48 8 44 47 69 6
74  71 20 79 14 12 58 27 23 3 39 93 33 62 38 94 35 73 43 99 60 76 53 47 2 82 45 7
75  71 18 70 40 28 79 9 10 5 80 41 32 39 33 26 94 35 11 73 22 75 76 49 101 72 21 44 2 103 98 45 102
76  24 56 5 16 12 97 19 66 27 39 57 62 94 92 60 29 15 48 31 21 6 82 17 102
77  10 37 16 80 78 91 12 97 58 30 0 23 3 39 62 92 99 96 101 1 21 8 103 82 17 59 45 46 102
78  71 18 40 28 56 16 78 61 66 0 27 32 93 26 38 35 22 99 76 29 81 48 74 72 44 47 69 6 52 102
79  24 70 79 14 37 16 95 91 97 32 39 63 57 26 84 94 11 68 92 60 99 76 55 86 29 48 85 74 1 8 44 6 82 59 52 102
80  20 37 16 95 91 58 30 27 36 3 51 33 13 25 94 35 43 99 75 86 81 85 77 102
81  71 79 9 14 87 5 16 80 12 97 19 3 51 93 62 84 25 68 96 15 81 47 2 65 103 17 98
82  28 10 87 80 61 66 27 41 100 67 39 93 13 84 25 86 49 29 34 85 1 21 8 44 69 103 65 82 17 59 52
83  71 70 83 50 79 10 61 12 30 0 27 88 41 36 39 93 33 62 13 11 73 92 96 29 34 101 4 2 46 102
84  24 40 28 79 9 87 5 61 97 19 0 36 54 25 22 68 60 76 96 49 90 74 44 47 82
85  24 70 40 20 80 66 30 32 67 39 93 26 64 38 94 92 60 76 34 72 44 47 2 65 103 82 52 102
86  71 18 24 14 10 5 16 78 61 27 3 93 63 11 75 86 15 101 85 72 44 6 103 82 89 52
87  42 24 83 50 10 37 16 78 58 88 41 100 67 23 51 63 84 38 73 68 92 99 76 96 34 90 85 48 31 74 59 46 102
88  71 80 91 58 27 41 100 3 39 13 54 68 92 99 75 55 34 81 101 74 44 53 69 65 82 59 89 102
89  71 24 83 10 56 37 80 61 12 66 30 88 62 13 84 11 92 99 86 49 21 53 59 52
90  42 24 28 50 95 19 41 32 36 39 63 93 33 94 73 92 76 55 15 81 69 65 82 17 59 45 102
91  18 24 20 28 50 14 56 80 95 61 12 58 100 32 67 23 57 62 13 25 38 73 92 43 86 90 31 74 8 44 53 4 77
92  71 42 40 28 50 5 37 80 58 30 67 36 51 93 94 35 22 43 60 86 34 15 90 85 31 74 72 47 6 7 52
93  18 42 20 83 56 87 16 95 78 58 66 30 23 3 93 33 38 68 75 49 29 15 90 85 74 53 6 65 98 52 102
94  71 79 87 56 78 61 19 66 30 27 41 93 63 33 64 54 25 94 11 22 99 86 31 74 8 69 103 98 45 46
95  71 50 87 5 95 66 0 27 36 93 26 13 64 54 94 43 60 76 86 15 90 101 72 8 6 65 7 102
96  24 40 56 87 78 58 66 0 27 88 57 62 13 64 54 92 76 96 49 29 81 48 31 74 1 82 17 46
97  18 28 83 79 10 16 91 97 100 3 73 22 92 43 60 81 53 6 65 46 102
98  18 70 40 20 83 9 10 87 5 58 30 41 93 57 26 62 73 76 86 48 85 21 2 103 82 89 77 102
99  71 50 10 80 58 19 27 100 67 51 93 57 26 62 55 72 44 47 4 65 45
100  71 42 40 28 79 87 37 30 27 32 39 51 62 13 64 38 94 11 73 81 90 48 31 74 72 8 53 65 103 59 45 46
101  71 28 56 80 91 12 58 26 13 99 49 90 8 47 98
102  42 24 10 87 37 80 66 0 100 23 36 33 68 60 76 96 29 81 48 72 44 47 59 98 45 7 102
103  71 70 10 80 66 27 32 39 51 63 26 62 13 54 22 68 55 15 1 72 8 44 47 69 4 45 52
104  42 24 28 83 87 95 12 97 41 100 23 57 62 84 25 11 60 34 48 72 44 4 6 82
105  24 28 79 16 58 19 0 27 41 84 25 11 22 99 75 15 85 21 53 47 65 103 98 46 102
106  42 40 20 50 56 37 80 61 66 0 88 57 13 84 25 38 94 11 68 92 43 101 6 17 59 89
107  18 42 70 40 9 56 5 37 16 80 95 12 97 58 19 30 23 39 62 38 99 76 34 15 81 48 85 72 21 53 47 65 103 59
108  70 40 79 16 95 78 30 41 67 62 64 94 35 73 68 86 15 8 53 103 77 102
109  28 83 9 87 78 91 30 27 67 39 51 63 33 11 22 43 99 75 96 29 34 15 101 48 74 8 4 52
110  18 70 28 83 10 80 95 58 27 32 26 64 54 84 25 94 73 43 75 29 31 72 44 47 4 6 65 17 98 59 89 52 77
111  71 20 28 50 10 16 80 78 97 0 32 51 63 33 54 38 73 75 15 81 90 85 48 8 53 69 4 98 45 89 77
112  10 87 5 78 88 41 32 39 93 63 33 62 13 25 35 60 99 76 55 29 34 101 1 72 47 103 65 52 77 102
113  70 83 5 37 16 91 23 36 63 54 94 11 73 68 43 60 69 17 7 89
114  71 40 9 56 5 61 12 58 19 27 88 100 3 63 93 26 62 13 54 35 11 22 60 99 86 49 85 53 6 98
115  40 9 5 78 91 19 66 0 32 36 57 33 25 38 94 99 21 47 2 103 98 77 46
116  42 14 56 95 91 12 97 66 100 3 62 13 54 84 25 94 11 92 76 86 29 81 48 8 69 4 2 6 82 7 52 102
117  42 24 50 61 12 67 39 63 13 54 38 92 99 86 15 85 74 2 98 7 46
118  71 40 20 9 87 95 78 91 19 32 36 39 33 62 54 35 73 68 92 99 34 101 6 77
119  70 9 14 10 37 80 19 0 67 3 33 13 25 94 11 76 96 101 48 21 69 2 98 52 46 102
120  42 40 79 14 87 56 80 97 100 32 26 62 13 38 11 68 92 43 96 15 31 74 72 21 8 44 53 47 103 59 98 45 7 52 46
121  24 70 83 79 87 5 12 30 36 64 68 60 29 34 15 74 47 2 77 102
122  70 79 10 87 95 32 93 57 13 84 38 94 22 68 43 29 15 90 31 8 2 98 45 7
123  42 20 56 78 61 58 97 19 66 0 88 100 32 36 63 57 96 101 85 1 8 82 17 98 52 102
124  71 42 10 87 5 16 66 54 94 68 85 72 2 6 17 59 46
125  18 40 5 95 19 88 36 57 62 38 73 22 60 99 76 86 72 53 4 2 6 52
126  24 40 50 9 37 58 19 66 41 67 26 13 84 68 76 96 48 85 74 72 8 4 45
127  18 28 9 56 61 66 67 93 62 13 64 38 55 29 85 48 72 4 2 6 98
128  70 97 58 30 88 93 57 62 54 84 38 35 92 43 99 75 96 49 8 44 6 7 46
129  18 20 79 14 61 12 58 19 0 27 3 64 25 94 43 60 96 49 85 31 74 8 47 7 52 89
130  71 20 37 97 66 88 41 32 3 39 51 93 33 26 64 54 84 38 68 99 86 29 34 15 85 31 44 47 2 6 65 82 17 59 45 7 77
131  71 83 14 5 37 12 97 66 100 13 84 35 22 68 86 29 34 15 48 85 74 8 53 6 65 59 98 7
132  71 24 40 83 9 10 87 58 30 88 100 57 35 11 92 96 15 48 21 4 59 89
133  71 18 20 28 83 50 10 56 97 32 3 63 25 68 60 75 29 34 15 74 1 8 44 6 17 7 102
134  70 78 61 19 30 51 93 63 57 54 25 94 11 43 96 90 101 48 31 72 21 8 98 89 46
135  71 18 42 9 37 78 61 97 30 27 26 38 73 22 86 55 15 101 31 1 8 2 59 89 77 46
136  18 79 14 87 37 78 97 30 0 27 67 23 54 38 94 73 22 29 90 1 21 47 82 98 45 7 77
137  18 70 40 28 61 58 97 41 3 26 38 35 68 43 99 86 29 85 74 21 8 2 6 82 46 102
138  24 28 83 50 56 87 37 78 91 61 27 88 39 51 33 22 92 43 60 86 49 90 1 72 8 82 17 45 89 46
139  71 18 42 20 80 58 30 32 23 36 57 62 13 64 25 35 11 68 92 55 85 31 72 53 47 98 52 89
140  42 83 87 16 80 61 91 97 41 100 93 94 22 43 96 34 15 90 1 47 2 7 52
141  70 20 28 37 27 23 3 63 38 60 55 96 15 85 72 21 44 6 45 52 102
142  71 18 83 50 9 87 97 66 88 41 39 84 22 68 43 55 49 29 85 74 69 7 89 102
143  71 24 50 56 58 27 41 32 23 51 63 57 73 99 75 76 96 15 81 101 85 6 82 59 98 45 7 77 46
144  71 42 40 83 78 91 100 23 39 57 26 84 25 94 22 68 92 15 81 31 44 4 98 45 7
145  42 70 20 83 14 10 56 95 97 27 41 36 63 57 62 64 84 35 22 98 45 102
146  5 37 16 95 91 97 19 32 36 54 25 38 35 73 76 96 49 34 15 90 31 69 2 6 65 45 46
147  24 20 83 79 14 10 87 16 78 12 26 38 35 11 73 68 43 48 1 8 2 65 89 77 46 102
148  24 79 14 87 80 61 97 58 23 26 99 76 96 21 69 4 6 7
149  18 42 70 40 20 16 19 0 88 67 63 62 54 25 94 11 99 49 29 31 72 53 65 103 17
150  18 79 10 5 80 95 12 19 66 30 36 3 51 93 33 26 54 73 22 60 49 15 74 1 72 8 53 4 98 52 46
151  18 10 87 37 16 80 91 12 19 88 100 32 3 51 63 57 26 13 64 84 11 60 34 81 90 101 85 1 72 21 53 69 4 6 103 65 82 59 102
152  18 9 10 56 78 100 67 3 62 54 92 43 60 75 34 6 103 59
153  9 10 16 58 27 23 93 26 38 68 75 86 49 15 81 101 74 53 2 103 17 98 46 102
154  42 40 5 80 91 97 30 41 32 33 62 13 84 73 92 75 86 49 81 90 101 85 72 21 8 53 65 59 98 7 46 102
155  70 20 83 50 5 37 80 97 0 27 100 67 23 63 13 64 54 94 11 22 68 75 49 101 21 53 69 4 17 59 98 89 46 102
156  71 42 20 79 16 95 78 12 97 88 41 67 23 36 39 54 84 94 73 43 99 75 85 31 103 65 82 45 89 77
157  18 20 37 91 61 58 97 30 41 36 51 93 54 84 81 101 85 47 2 65 82 17 98 45 77
158  40 20 28 83 37 16 61 66 27 100 93 94 22 76 55 86 34 15 81 90 101 74 1 72 21 44 53 69 6 17 98 52 89 102
159  40 28 83 79 5 37 80 61 97 66 51 63 64 11 73 99 75 29 15 31 69 4 6 45 89
160  18 40 28 10 87 56 16 80 78 97 32 23 36 3 39 63 33 13 54 94 35 22 43 49 74 53 2 98 7 89
161  42 9 19 41 23 33 84 25 38 22 99 60 76 86 29 34 15 81 90 48 74 1 72 8 44 4 65 17 45 52
162  71 50 10 37 16 80 61 58 66 3 51 33 54 84 38 22 55 29 34 48 74 44 47 6 98 45 77
163  58 30 27 100 36 3 84 25 38 92 43 76 86 90 48 31 1 4 65 17 45 7 46 77 102
164  71 42 50 9 5 37 80 95 61 58 19 100 67 23 36 39 13 84 25 35 22 68 60 99 55 49 29 34 1 59 45 7 77 102
165  42 79 9 14 10 5 37 61 12 97 100 32 23 93 63 13 54 25 38 43 96 81 48 85 72 21 69 4 103 59 45 7 52 46 102
166  83 50 87 56 5 37 80 12 58 0 32 33 64 84 68 76 86 96 34 15 85 48 47 6 45
167  24 10 87 37 16 95 66 30 27 41 67 36 93 64 35 99 60 29 90 101 74 47 6 102
168  24 40 28 83 50 9 91 66 27 67 23 39 93 33 62 38 73 43 15 101 1 44 65 17 45 77
169  24 20 14 87 37 80 61 97 19 66 0 67 57 26 54 25 11 73 22 68 92 76 55 86 48 72 8 44
170  18 40 9 14 16 91 88 3 33 26 11 43 55 86 96 81 90 85 74 8 44 69 103 98 89 77 46
171  71 70 79 50 37 12 30 41 100 23 84 38 94 68 76 55 47 103 45 77 102
172  42 87 61 91 12 58 97 30 27 88 41 100 23 36 51 57 35 22 99 75 55 81 31 8 82 46
173  37 30 41 100 67 23 51 57 26 29 34 90 101 85 72 21 8 69 82 98 52
174  42 24 14 87 37 16 61 58 97 30 0 41 3 13 64 38 94 11 55 34 48 2 103
175  71 18 24 40 83 50 56 91 88 100 67 93 26 62 84 35 73 22 68 76 96 85 31 72 8 47 2 6 89 46
176  42 40 9 10 56 5 37 16 30 88 39 63 54 38 94 22 43 75 76 34 74 8 69 6 59 102
177  18 10 5 16 19 41 100 63 26 13 84 25 94 73 68 92 96 34 81 31 74 1 59 45 7 77 46 102
178  79 56 5 37 80 95 97 100 23 36 3 93 63 26 62 54 84 94 11 22 68 92 55 34 48 74 44 2 103 77 102
179  79 9 10 56 95 12 30 0 67 63 57 33 26 38 35 22 60 96 81 48 31 4 98 45
180  71 18 42 28 79 10 95 61 88 41 93 54 84 38 92 34 85 48 31 72 21 8 53 4 2 59 89
181  24 40 20 83 79 14 5 95 32 67 39 93 54 25 35 11 68 75 55 96 34 90 31 74 21 47 52
182  18 20 9 80 19 88 67 57 64 60 74 6 103 52 77
183  71 70 40 20 83 9 14 10 56 12 97 66 30 32 67 93 33 54 22 68 43 99 75 29 34 74 8 44 47 69 4 2 17 45 7 52
184  24 20 28 83 14 87 56 37 12 66 100 36 33 54 38 55 96 34 90 48 31 17 45 77 46
185  71 40 10 5 91 97 19 88 41 67 36 3 63 62 13 64 54 35 75 76 96 81 103 17 59 102
186  42 24 40 28 83 9 16 19 100 36 3 39 51 26 94 22 92 75 76 55 86 49 1 47 69 4 59 52
187  18 70 40 87 78 91 58 97 66 0 88 67 57 26 64 35 92 76 96 49 29 90 31 21 8 6 98 77 46
188  18 28 83 14 10 56 5 12 32 23 36 3 26 38 94 92 43 99 75 76 55 49 48 85 74 1 4 2 103 59
189  24 40 50 56 16 80 58 19 66 27 88 100 67 51 63 57 33 62 54 84 35 73 68 99 49 15 81 1 72 2 103 89 52 77
190  40 20 50 14 78 61 12 19 0 27 88 23 51 93 63 38 68 92 43 60 96 49 101 4 65 17 59 98 77
191  71 42 24 70 40 20 9 10 37 80 95 30 88 32 36 63 57 26 62 64 84 25 94 43 75 76 15 81 85 31 74 103
192  10 5 37 16 95 78 91 19 66 30 39 84 38 94 35 11 68 99 76 29 81 74 72 44 103 46
193  18 24 70 28 66 67 23 3 57 33 13 54 96 81 90 74 72 21 103 17 45 7 77
194  71 40 20 5 37 97 19 0 27 3 51 93 94 35 11 73 22 99 55 85 44 53 6 103 17 52 89 46 102
195  18 83 37 78 61 58 67 93 62 35 73 68 92 60 75 49 101 74 53 103 98 7 52 77
196  18 83 37 19 41 32 39 93 57 64 25 38 94 92 76 96 101 48 74 1 53 2 98 7 77 46
197  42 14 87 5 80 78 91 58 41 39 62 73 68 99 31 4 17 7 46
198  87 37 16 80 95 91 27 88 93 33 25 94 60 99 55 34 15 85 74 44 4 45 46 102
199  42 24 40 28 14 5 91 97 66 0 32 93 63 25 73 92 99 96 81 101 48 74 44 47 4 103 45
200  18 83 9 87 16 80 58 97 19 66 41 100 36 3 63 57 84 35 73 22 43 99 75 96 53 4 6 89
201  70 40 20 9 37 78 61 66 100 36 3 39 93 57 33 13 25 38 11 68 92 75 29 15 31 72 8 47 6 17 59
202  18 9 37 80 61 27 88 32 23 26 38 35 11 68 76 96 49 34 15 81 74 21 53 47 45 7
203  18 56 5 37 78 91 100 67 23 57 26 38 99 76 29 34 15 48 85 72 103 65 82 59 7 89
204  79 50 9 10 78 91 19 66 51 57 26 84 25 38 94 22 68 43 76 29 72 8 2 82 59 89 46
205  79 10 37 61 58 97 19 27 88 36 13 22 43 55 31 1 53 17 98 46 102
206  50 56 37 61 58 19 66 30 3 63 33 84 38 35 68 75 96 34 85 21 53 103 98 45
207  42 20 50 95 19 66 27 23 51 63 57 13 54 68 92 99 49 34 81 90 31 21 8 98 45 52 102
208  18 42 40 14 95 78 0 41 100 23 36 93 57 64 25 38 22 92 76 86 96 49 29 81 74 8 44 59 102
209  42 50 16 80 61 12 66 88 3 57 13 64 25 11 22 29 101 85 48 2 6 103 17 7
210  70 87 19 0 41 36 63 26 84 11 75 86 55 96 34 15 90 1 72 52 46
211  20 28 87 5 16 78 12 27 88 100 36 63 62 84 25 38 73 99 60 49 53 47 59 45 52 46
212  71 18 40 28 50 14 16 12 30 0 88 23 51 93 13 84 25 49 15 81 101 31 74 53 47 82 98
213  18 42 24 40 83 79 14 16 91 97 27 100 67 39 51 57 62 13 64 84 25 92 60 99 76 86 15 81 48 8 47 2 103 98
214  18 70 10 12 97 66 27 23 51 93 57 62 13 25 73 92 81 72 6 59 77
215  20 79 61 12 19 88 23 51 62 13 22 68 96 1 44 53 4 2 59 45
216  42 24 9 14 37 16 95 97 30 41 67 3 63 57 13 38 35 68 43 86 34 15 81 85 31 72 53 4 65 82 98 7 89
217  20 37 80 97 19 27 88 32 23 51 26 62 64 84 94 43 99 76 86 96 85 44 53 69 65 103
218  18 40 20 9 5 80 32 67 23 36 93 22 99 76 96 90 31 72 4 46 102
219  20 79 14 56 37 95 91 58 19 66 27 23 3 51 13 84 38 35 76 49 81 72 8 53 6 65 103 82 102
220  71 18 40 9 87 16 95 61 12 58 100 23 63 57 26 64 54 35 68 85 31 21 44 47 4 2 6 65 17 59 45 89 46
221  20 10 87 5 80 100 3 63 93 92 75 29 15 101 48 85 2 6 65 59 7
222  24 56 87 5 78 91 97 19 66 32 63 26 25 96 15 81 101 48 74 1 47 4 82
223  70 50 87 16 80 95 91 61 58 66 0 27 23 93 33 54 92 60 81 8 2 6 17
224  71 42 20 83 9 14 80 0 41 67 93 63 57 64 25 94 11 22 31 8 82
225  18 83 9 14 5 12 58 0 41 32 67 23 36 39 57 35 22 92 75 76 86 34 48 4
226  24 83 50 87 37 16 95 78 61 12 58 19 88 100 32 54 84 68 81 90 48 31 1 6 82 98 59 77
227  42 10 56 87 80 91 66 0 88 32 67 64 54 84 38 92 60 55 15 48 72 53 103 65 59 45 89 52
228  18 10 78 63 57 54 25 35 68 92 55 86 96 21 8 44 69 102
229  24 83 10 16 80 66 88 41 100 32 3 57 64 60 76 34 85 47 2 103 59 45
230  40 20 28 83 9 87 80 95 61 91 32 3 57 26 94 60 34 21 44 47 2 82 89 46
231  50 9 5 16 58 66 88 36 3 33 26 13 38 94 73 22 43 75 86 49 90 21 4 82 59 7 46 102
232  20 9 10 58 41 93 64 38 22 68 76 55 96 49 29 15 74 69
233  71 18 40 95 61 91 97 66 32 25 11 73 22 43 29 15 85 31 72 6 103 17
234  42 20 50 10 56 5 91 97 19 41 23 13 64 54 38 11 73 49 15 90 85 21 8 53 47 4 65 103 82
235  71 24 14 10 87 56 80 61 97 19 41 100 57 33 26 94 73 99 76 86 55 101 72 21 53 2 6 17 52 77
236  40 50 9 14 5 80 78 61 97 66 27 36 63 84 11 99 55 48 8 2 103 82 17 98 45 7 89 52 102
237  71 24 70 50 10 87 80 12 58 30 88 41 100 67 63 26 54 94 68 43 75 31 8 53 69 4 65 82 102
238  20 87 37 95 78 61 12 97 66 32 93 62 94 73 68 55 101 72 21 47 4
239  14 37 80 97 19 27 88 3 51 62 54 11 92 43 60 86 96 1 8 6 65 82
240  40 83 10 56 37 91 61 58 30 67 39 51 57 33 26 64 25 11 15 31 1 4 2 6 98 77
241  28 50 9 10 37 80 66 27 93 33 26 62 25 11 68 60 86 49 29 81 48 74 1 47 4 2 103 17 7
242  24 87 56 5 16 78 91 97 19 0 41 100 13 84 94 73 22 75 86 55 29 90 85 1 44 2 59 89
243  42 79 50 10 5 80 78 66 88 100 36 3 57 33 13 68 60 99 55 49 74 47 69 103 98 59 45 52 77 102
244  71 18 50 9 14 61 19 100 23 36 3 39 26 13 84 38 73 60 86 49 34 101 21 2 17 98 52 77 102
245  20 79 14 5 37 16 91 61 12 97 27 88 36 3 39 51 93 57 54 99 49 15 31 8 47 2 65 82 98 52
246  71 40 28 83 9 56 16 91 12 32 51 93 33 62 64 25 11 60 99 15 48 85 74 4 103 59 77
247  42 83 50 14 10 5 27 41 67 39 62 84 73 15 90 101 74 72 65 59 89 52 46 77
248  18 42 70 40 28 50 9 14 61 91 58 0 27 41 36 39 33 84 99 76 15 81 101 31 21 47 2 6 98 7 52 102
249  40 20 83 79 9 10 5 16 95 19 66 0 27 3 63 33 26 62 92 60 75 86 96 34 15 47 4 2 103 17 89 102
250  20 28 79 14 91 97 66 88 41 67 23 93 63 26 13 64 54 25 68 99 86 49 15 81 101 31 1 8 53 4 6 17 89 102
251  83 79 27 23 36 57 13 68 76 86 15 81 90 48 31 69 103 59 45 102
252  71 70 56 61 12 58 30 32 67 3 39 25 68 43 75 76 49 81 101 53 2 65 103 89 52
253  71 42 24 70 79 14 95 78 19 30 88 26 13 84 35 11 22 92 43 75 81 101 85 72 53 6 82 17 45 52 89
254  24 83 9 14 56 5 61 12 97 30 41 57 33 13 54 73 22 55 49 29 90 31 8 17 89
255  70 10 5 95 61 91 12 0 100 23 36 39 93 64 84 25 68 75 76 96 15 90 31 21 44 53 65 17 45 7 89 52 46
256  42 28 9 14 5 37 16 95 78 97 66 0 27 41 3 57 43 75 86 48 72 82
257  18 42 70 14 10 91 61 97 19 0 27 41 3 51 93 33 26 13 73 22 75 96 15 44 47 69 4 45 7 89 102
258  20 79 14 87 16 19 88 100 23 39 63 26 62 94 11 55 29 34 81 48 74 44 6 65 89 52
259  18 70 20 9 56 91 12 66 27 88 36 33 13 84 43 75 49 29 34 81 101 44 103 65 82 52 77 46
260  18 42 28 79 91 58 27 67 36 93 57 13 64 54 92 15 1 8 4 45 89 102
261  18 70 56 0 100 67 23 64 54 43 96 15 85 74 1 47 65 17 45 102
262  70 28 10 5 78 58 0 100 36 39 63 64 38 94 11 73 68 92 86 29 15 90 74 53 69 45 46 102
263  20 83 79 9 56 97 19 27 100 67 36 57 33 62 13 94 22 99 86 15 81 85 1 72 69 98 45 52
264  71 40 83 9 10 87 5 78 97 30 57 26 84 94 22 55 96 49 34 85 48 31 44 53 47 59 7
265  28 16 61 100 39 84 35 75 55 29 72 69 4 103 59 52 102
266  24 40 20 50 58 19 66 41 100 51 26 62 64 25 38 92 43 55 96 49 81 101 74 8 47 59 52 77 46
267  18 70 14 10 80 61 30 88 51 13 94 11 73 92 60 55 15 81 85 31 4 6 65 59 77
268  71 18 70 83 14 87 56 16 80 66 88 67 36 39 57 54 38 94 11 73 86 29 53 65 7 77 102
269  28 83 9 97 19 66 36 3 64 84 25 94 35 68 92 75 55 49 29 34 15 72 69 4 2 65 45 77 46 102
270  87 16 95 91 12 97 58 66 27 88 36 3 39 62 13 64 25 94 34 15 81 31 21 53 6 65 46 77
271  42 24 20 28 10 91 58 0 100 39 51 63 93 33 26 13 64 25 94 43 99 48 1 69 59 98 45 7 89 46
272  71 9 14 5 37 78 61 19 66 100 3 39 93 26 13 64 25 94 76 49 81 31 1 72 47 65 7
273  40 28 50 37 16 95 12 93 57 25 38 35 73 68 92 76 96 90 31 1 8 47 69 6 103 98 7 89 46
274  9 14 80 93 60 76 55 34 101 74 53 59 45 77 102
275  18 42 70 40 83 12 97 30 0 88 41 100 36 51 93 62 64 54 38 43 75 85 48 44 69 103 82 17 7 46 102
276  70 20 28 83 79 14 10 87 91 58 0 27 41 67 23 36 51 57 13 73 92 99 86 81 90 101 74 21 44 103 46 77
277  24 70 40 14 78 61 97 58 32 51 57 13 11 73 49 29 81 31 47 6 103 82 98 77 102
278  42 83 50 14 87 37 80 12 58 41 36 3 39 93 13 38 76 29 15 90 85 74 72 53 47 98 89 46
279  18 42 24 70 40 28 79 10 87 56 5 37 16 95 78 58 66 30 88 32 64 54 25 22 43 76 96 49 29 4 103 98
280  24 9 16 30 88 100 39 51 68 43 99 76 55 49 15 48 31 74 21 53 47 2 6 103 59 98 46 102
281  40 28 50 95 12 19 30 0 3 39 51 57 33 84 38 86 15 81 8 53 6 103 17 45 52 77 46
282  71 18 24 70 20 83 50 14 87 5 95 78 97 0 41 32 23 93 11 68 55 29 34 81 101 69 98 45 89
283  18 70 14 10 87 12 58 66 0 41 32 36 3 39 93 63 26 13 68 60 55 86 29 90 85 74 4 6 98
284  24 87 56 5 80 78 61 91 66 100 51 93 33 13 73 92 75 55 81 1 21 44 53 47 65 89
285  71 79 50 14 80 95 0 23 36 57 26 38 94 35 22 60 55 101 74 1 72 65 82 102
286  18 24 40 28 83 87 5 37 91 12 100 62 13 84 38 11 75 55 49 29 90 31 53 47 17 77 102
287  70 83 14 10 56 87 78 12 58 30 0 27 100 67 23 51 13 84 86 90 101 1 53 69 65 45 89
288  70 50 95 12 0 3 84 35 11 68 76 86 44 4 7 89 77
289  71 40 83 10 16 80 97 66 30 88 23 64 73 76 96 29 90 101 31 74 1 8 6 65 82 52 89
290  18 40 20 28 9 10 80 95 78 66 30 27 88 32 36 3 39 51 62 84 60 75 86 49 21 47 6 65 82 17 89 52
291  18 24 70 40 9 87 5 16 97 30 32 23 3 63 33 25 94 73 22 43 55 48 31 74 1 44 53 6 65 82
292  70 40 83 79 14 12 97 30 41 32 36 39 51 93 26 62 25 92 43 99 55 49 29 101 48 85 1 21 8 53 69 4 17 59 98 46
293  42 20 37 16 78 91 88 23 39 51 62 64 54 94 11 22 92 60 86 49 15 101 44 65 98 89 52 77
294  42 24 20 79 56 16 0 3 39 33 84 25 35 96 81 90 48 1 8 47 17 59 7 89 102
295  18 28 87 80 95 91 19 27 3 93 57 33 11 92 43 15 2 6 65 82 77
296  18 42 40 50 14 10 66 88 62 13 84 68 31 74 21 4 59 98 7 52
297  70 40 87 56 32 67 33 38 11 43 86 49 34 15 31 74 72 44 47 2 59
298  9 14 10 56 87 16 27 88 32 3 33 84 68 99 75 96 49 15 90 31 74 21 44 53 103 17
299  18 40 79 14 87 16 97 41 3 39 51 63 26 13 54 55 15 81 72 103
300  71 18 50 14 10 87 97 19 66 88 41 100 3 51 54 11 43 75 76 55 29 90 74 1 72 44 4 65 59 98 89 102
301  42 24 79 87 91 12 66 67 33 38 22 99 96 49 29 85 8 6 65 59 7
302  71 18 91 97 58 23 36 93 13 64 84 25 38 94 96 31 21 69 4 6 65 59 45 89 52 77
303  18 42 40 83 10 37 91 19 27 67 39 26 13 38 94 11 73 22 68 60 75 86 49 48 74 47 77
304  24 10 80 91 12 30 41 100 23 93 54 73 68 43 99 75 86 34 101 1 21 69 98 59 46
305  42 40 9 10 56 5 16 95 91 61 12 97 30 0 33 62 54 35 11 68 99 1 21 2 65 7 46
306  42 40 56 12 97 58 66 27 100 23 36 33 13 84 35 11 73 68 75 90 101 85 1 82 89 102
307  24 40 50 9 14 10 5 95 58 62 84 94 11 73 68 92 86 49 15 48 31 65 82 17 46 77
308  79 14 16 12 27 3 39 33 54 94 73 60 86 55 15 81 31 1 72 8 2 6 103 89 77 102
309  42 70 40 79 14 10 80 61 27 88 67 25 94 11 22 55 86 96 34 81 53 6 65 82 98 89
310  71 42 70 14 97 0 27 88 3 57 76 55 86 96 81 101 1 44 69 82 59 45 52 102
311  83 87 5 97 58 30 41 51 25 22 68 86 96 29 90 31 21 44 98
312  50 37 80 19 0 88 23 93 63 62 38 11 73 92 55 96 15 8 44 47 46 102
313  70 40 9 14 56 61 58 19 66 23 51 33 26 54 94 11 68 92 75 86 49 29 34 85 74 72 8 6 82 77 46 102
314  18 42 40 14 56 87 16 12 58 66 3 33 62 38 94 22 43 75 96 34 74 1 44 47 6 59 89 52 77
315  18 42 24 28 10 56 5 37 95 61 12 0 41 23 39 51 26 11 92 43 60 15 81 48 74 72 53 69 4 2 6 98 7 77
316  12 97 58 66 27 67 84 35 92 76 34 15 81 101 31 53 47 6 45
317  42 24 70 40 87 12 97 66 41 23 63 57 26 84 38 11 99 60 75 76 55 15 81 90 85 8 4 2 65 102
318  28 83 10 87 5 91 39 93 57 62 13 54 11 86 29 34 81 48 21 44 89 46 77
319  18 42 28 83 50 37 16 80 95 12 19 27 41 100 51 57 26 35 73 68 92 76 34 90 48 74 1 21 47 69 2 46
320  42 79 10 56 5 37 80 12 97 88 32 3 39 93 33 22 43 75 76 34 15 101 85 48 44 69 17 98 52
321  42 28 50 14 61 19 41 100 39 51 54 38 35 73 75 76 72 21 44 53 47 6 103 59 45 7
322  42 70 9 56 87 37 97 58 88 67 23 36 3 25 38 75 86 96 29 15 81 48 1 72 53 69 6 103 59 98 7 52
323  40 83 14 87 5 37 16 80 30 27 67 36 57 62 73 68 92 43 60 75 86 96 90 74 44 53 47 103 98 77
324  18 28 79 14 10 37 80 41 32 67 36 3 26 64 54 84 25 94 99 86 49 29 81 48 1 69 2 65 52 46
325  18 24 83 14 66 30 67 36 3 63 26 84 92 43 75 49 29 15 81 48 44 53 47 69 4 103
326  18 83 14 10 37 58 19 67 36 39 51 62 38 35 11 99 75 76 55 34 90 31 72 53 89 46
327  18 20 28 83 14 56 95 12 19 100 36 51 93 64 54 25 38 35 11 73 76 49 34 21 47 65 89
328  87 37 97 58 19 66 88 41 32 54 84 38 35 11 22 75 76 86 29 48 4 17 46
329  71 37 16 95 27 88 36 63 57 38 94 81 101 72 53 65 7 52 77
330  42 79 87 37 80 19 30 27 88 41 100 67 36 33 13 84 25 38 22 86 49 29 101 31 74 53 4 45 7
331  71 14 87 37 58 30 41 100 3 63 93 26 13 64 94 75 29 15 90 101 85 31 1 72 47 4 103
332  50 14 87 91 58 19 41 23 36 57 62 13 64 84 55 86 96 90 101 1 72 44 103 77
333  28 14 5 16 78 61 19 67 3 39 62 84 94 73 22 99 60 96 85 48 31 74 21 2 82 59 45 89
334  42 70 40 83 56 5 91 0 67 23 93 26 11 68 75 96 15 48 53 69 6 59
335  5 91 12 88 67 57 62 13 64 11 22 43 76 86 96 85 31 44 53 2 6 65 59 7 102
336  71 42 50 37 30 0 88 36 63 33 13 64 22 68 60 55 90 31 74 72 21 8 4 2 65 82
337  42 28 50 14 87 78 19 66 0 41 36 39 51 93 62 11 73 92 99 90 101 74 1 8 44 69 98 89 46 102
338  40 20 83 9 10 80 12 66 67 3 51 54 84 25 38 35 73 29 34 81 21 8 69 65 59 45 102
339  71 24 79 9 56 16 58 19 88 41 100 23 13 84 25 38 68 86 34 81 85 44 47 103 17 46
340  24 5 37 95 91 61 12 66 100 36 51 93 57 33 26 62 54 92 76 86 29 34 72 21 53 4 45 7 102
341  18 40 50 10 37 0 27 3 51 13 84 25 35 11 73 68 43 86 101 21 44 17 77 46
342  24 40 9 14 80 95 61 91 12 30 32 3 63 57 13 11 73 22 68 75 49 34 15 74 1 8 53 2 6 59
343  16 95 88 100 3 93 63 33 62 54 84 25 11 75 49 34 74 53 69 2 65 82 7 52
344  70 40 41 32 23 36 93 13 64 54 68 75 76 15 101 48 1 72 47 65 98 45 77 46
345  42 24 83 95 0 63 57 26 60 49 74 8 44 53 103 59 45 7 89
346  83 50 9 10 5 91 30 0 88 36 51 62 54 92 76 86 55 96 49 29 15 85 48 8 6 103 7 89 46
347  20 28 50 14 10 80 95 61 88 41 93 26 25 22 60 76 55 86 90 48 85 31 1 21 8 44 47 103 45 46 102
348  50 87 91 97 66 0 27 3 39 51 63 68 99 75 86 34 90 101 74 21 69 52 102
349  18 42 24 70 40 79 10 80 12 0 41 100 51 57 33 26 38 35 22 49 90 101 69 4 2 17 52
350  71 40 20 9 5 80 95 66 27 67 93 13 84 43 49 34 15 101 72 8 4 59 7 102
351  18 20 9 87 80 91 97 19 0 27 88 41 57 43 99 55 49 34 90 101 74 72 21 4 6 98 45 52 89 102
352  42 70 16 95 78 61 66 33 26 64 54 84 94 35 22 68 90 101 48 31 1 72 69 4 65 82 89 77
353  24 28 87 5 30 0 32 67 36 51 60 96 34 90 44 69 65 45
354  70 50 14 87 5 97 66 32 67 36 93 63 33 62 25 22 68 43 75 86 90 72 8 47 69 103 52 77
355  71 40 9 10 16 80 95 66 0 27 67 33 26 54 84 25 94 35 11 73 92 75 49 15 85 21 47 98 102
356  18 24 50 10 95 78 19 66 67 3 51 64 25 92 99 76 86 96 1 44 2 65 59 89 46
357  24 83 9 37 16 95 97 88 63 13 54 84 25 35 11 22 90 101 74 44 6 59 7 77
358  28 83 56 19 27 100 67 3 51 93 33 62 25 73 92 43 76 55 101 48 74 72 8 69 4 45 7 46 102
359  20 50 56 5 95 19 66 0 23 36 3 63 33 25 73 68 81 90 85 1 53 69 4 2 6 17 98 59 52 77 102
360  71 24 70 10 56 87 66 27 41 23 36 39 33 62 13 64 11 22 68 43 99 60 49 29 15 53 17 45 7 52 89 77
361  70 40 10 87 56 80 91 61 12 66 32 23 26 62 13 64 68 99 76 96 52 102
362  42 70 28 83 50 10 56 30 88 100 23 51 93 63 13 64 38 73 68 75 48 1 72 44 47 6 82 52 46
363  24 28 16 58 100 32 67 36 3 57 62 92 43 55 86 96 29 31 53 59 98 7 77
364  40 20 27 23 36 3 63 84 94 35 11 43 76 96 31 74 59 45 52 77 102
365  83 10 87 37 91 66 0 32 36 26 54 94 11 22 43 60 75 49 81 8 47 4 59 45 52 77 46
366  83 10 5 16 61 91 12 97 41 23 36 39 93 57 26 25 22 68 75 76 96 29 34 48 6 103 82 17 59 45 77 46
367  9 95 19 27 88 51 63 33 54 84 94 11 43 76 55 96 49 90 85 6 103 59 7 52
368  56 16 78 61 58 66 88 41 23 93 57 54 84 35 11 22 55 96 34 101 44 69 6 65 98 45 7 102
369  18 42 28 83 37 95 97 58 41 100 32 93 26 13 64 94 60 96 34 21 2 45 89 52 77
370  71 42 40 10 87 37 16 66 41 100 67 13 64 11 68 86 55 96 15 72 44 6 98 89
371  71 42 40 83 9 87 91 12 19 30 88 41 63 13 64 54 25 94 35 11 73 76 55 96 34 44 47 4 103 59 45 89
372  20 79 9 10 37 16 78 91 12 97 0 27 41 39 57 86 55 49 34 72 8 77
373  70 79 9 56 5 91 61 12 58 97 36 33 64 25 11 73 22 43 99 76 96 15 81 90 21 44 47 2 103 82 17 59 98 7
374  71 79 14 10 37 61 97 19 30 36 93 64 11 99 75 86 90 48 8 53 69 2 65 17
375  83 5 37 80 61 100 32 36 33 26 62 64 11 92 55 86 96 49 29 34 81 21 44 6 45 7 89 46
376  18 70 83 87 5 12 58 66 27 88 41 100 26 64 94 60 55 29 81 1 72 8 47 6 65 103 98 59 45 46
377  42 70 28 83 16 58 19 0 100 23 3 39 93 26 62 11 43 29 34 15 90 85 74 1 72 44 65 103 102
378  24 20 28 83 79 9 87 91 97 41 3 51 63 33 13 94 35 11 22 68 60 55 34 15 31 74 72 44 53 47 69 4 65 45 102
379  42 50 9 5 58 19 0 100 93 84 94 92 99 15 81 48 1 72 8 69 103 52 102
380  71 42 70 20 83 14 87 37 61 58 88 41 67 3 25 94 49 81 85 31 74 44 103 65 17 59 45 52 46
381  40 87 37 19 30 27 88 41 23 39 13 64 25 73 55 34 15 81 90 101 85 31 1 65 45
382  24 20 50 10 37 61 58 66 39 93 57 62 13 25 75 90 101 85 1 72 47 4 2 17 46
383  70 28 50 5 37 78 30 0 100 32 51 63 26 54 25 73 99 76 49 31 44 53 4 2 6 103 17 59 46
384  24 20 28 79 5 27 23 39 93 63 57 62 64 25 38 55 49 48 1 21 44 53 69 103 82 59 77 102
385  42 40 83 50 14 87 95 78 61 12 97 19 30 0 27 41 39 57 11 99 75 76 34 1 103 17 98 89
386  40 20 50 56 5 80 61 91 19 30 32 23 57 26 54 35 11 68 76 86 55 96 49 101 48 21 47 59 98 77
387  50 14 87 61 91 58 0 36 3 39 63 13 64 38 68 60 99 29 85 74 44 6 52
388  18 14 56 16 95 78 91 0 27 41 39 93 63 54 11 73 92 99 60 86 49 85 4 82 17 52 77
389  28 9 95 91 58 100 32 51 62 13 84 25 38 68 92 43 86 55 29 34 8 47 65 59 98 77
390  42 40 79 14 10 87 37 16 95 12 97 66 88 26 64 54 94 60 76 81 48 44 59 46
391  42 20 28 83 9 87 58 27 100 36 57 26 54 25 94 99 96 49 34 74 53 4 6 17 46
392  28 79 5 58 66 41 63 54 25 94 92 75 29 34 15 74 72 21 53 65 82 17 45
393  18 24 50 87 56 91 58 19 63 33 13 60 75 86 29 34 1 82 17 77 46
394  70 40 28 83 50 95 78 61 27 100 3 39 57 38 35 11 73 92 76 86 29 34 81 90 101 21 44 53 69 2 6 7 77
395  42 24 20 83 10 87 95 78 61 91 12 0 67 23 51 93 57 54 94 60 49 72 47 2 65 82 89 46 77 102
396  71 18 42 40 79 9 14 10 5 61 32 67 3 51 93 63 62 13 64 84 96 44 4 2 59 45 89 52
397  24 70 83 9 56 78 91 12 27 39 63 13 38 94 76 86 29 48 1 21 69 2 45 7 89 77 102
398  28 9 95 97 66 0 3 51 63 13 64 84 35 11 55 29 15 81 90 48 31 74 72 53 4 103 82 17 89 46
399  42 70 40 20 14 10 87 78 61 91 19 30 27 100 32 3 51 26 13 25 94 73 76 86 49 29 15 90 1 47 69 4 2 65 98 45 89 77 102
400  71 18 70 20 28 83 79 87 16 95 78 19 66 30 27 67 3 63 68 99 86 29 72 69 2 65 103 82 45 46
401  42 24 70 20 56 5 16 80 95 12 0 63 57 33 38 94 55 86 49 81 90 48 1 65 82 7 89 52 77 46
402  18 50 56 5 61 97 19 66 27 41 32 23 3 51 63 60 76 96 34 15 48 74 21 8 53 69 65 98 45 46
403  18 42 40 28 83 37 80 95 91 32 67 36 51 93 13 35 11 92 75 76 86 55 49 34 81 48 74 8 53 47 59 77 46 102
404  83 79 5 61 91 0 51 93 26 35 73 22 96 29 81 101 48 85 21 2 82 17 59 77
405  40 83 56 37 80 61 41 100 23 36 63 26 84 99 34 15 101 72 47 103 82 17 98 45 7
406  42 40 20 50 79 37 16 78 61 58 97 30 0 32 51 57 33 62 84 25 92 43 99 75 76 55 29 81 1 72 44 47 59 98 7 52 77
407  42 50 10 37 16 58 30 0 88 23 36 3 39 51 93 13 25 35 11 68 86 81 85 74 21 4 2 65 17 59 98 89
408  18 42 28 83 79 95 61 91 58 97 19 66 27 88 100 32 23 51 93 62 25 38 68 76 96 34 90 72 69 4 2 7
409  42 9 10 61 12 97 41 32 23 63 26 54 84 35 43 76 96 49 90 101 74 21 53 69 103 7 89
410  71 18 20 28 83 79 5 37 16 78 91 61 12 58 19 32 64 54 49 29 15 81 48 74 72 8 53 4 2 6 82 98
411  18 70 28 79 14 56 37 16 3 93 57 54 38 94 43 60 55 96 49 29 101 48 31 72 4 103 59 89 102
412  18 70 9 14 78 19 32 54 94 99 86 55 49 90 48 47 2 65 17
413  71 18 42 20 28 83 79 16 80 12 67 23 63 57 64 54 25 94 22 60 76 55 81 101 48 31 72 2 82 59
414  40 20 10 5 80 12 19 39 63 62 84 11 73 43 31 1 8 44 45
415  18 40 20 79 56 37 95 12 30 27 41 36 39 51 62 84 73 92 99 81 48 44 47 4 103 45 102
416  71 37 16 95 66 30 13 38 73 22 43 34 90 101 48 8 44 4 52 102
417  71 24 20 87 80 91 61 12 58 97 19 88 32 67 23 3 93 63 57 64 25 68 99 101 69 65 103
418  40 20 79 87 37 16 30 0 27 88 100 32 36 93 26 62 54 84 73 68 49 29 15 85 1 47 59
419  24 70 20 16 80 78 91 12 0 67 23 3 39 54 84 25 22 68 99 55 15 48 85 53 47 69 4 6 103 65 7
420  42 70 40 83 14 10 95 78 30 67 51 63 93 33 38 11 29 34 85 1 8 47 2 103 17 98
421  40 28 79 61 91 41 32 3 39 63 57 62 25 38 29 90 21 44 47 6 103 59 52 77
422  24 79 10 80 61 19 30 41 67 51 93 26 68 92 86 49 29 34 81 48 85 72 6 103 17 98 7 102
423  37 16 95 78 91 12 0 41 32 3 33 26 54 68 43 75 76
424  20 61 12 30 0 100 23 51 13 84 38 11 86 81 101 4 17 59 98 89
425  71 42 24 10 78 19 27 41 23 51 93 57 26 62 35 11 99 76 55 49 101 48 74 53 47 2 6 65 17 98 7 52 77 102
426  71 42 24 28 14 37 80 78 12 58 36 93 57 13 35 68 60 90 101 48 8 69 2 59 45
427  14 95 12 41 57 62 25 11 68 60 81 85 31 21 98
428  20 10 87 5 91 27 88 100 39 51 57 62 13 84 38 11 73 86 29 31 4 6 103
429  24 9 10 95 61 97 23 3 39 26 13 64 99 75 29 101 2 6 82 98 52 102
430  83 50 9 10 16 95 91 97 88 32 36 64 68 43 90 101 85 48 74 72 44 47 4 6 82 17 59 89 46 77
431  24 28 79 87 37 12 97 66 32 23 39 51 33 62 25 38 35 11 68 96 34 81 48 31 72 2 6 89
432  18 42 70 14 87 5 37 61 19 0 88 41 93 13 84 25 11 43 60 86 49 85 74 44 6 52 46
433  71 18 40 9 14 37 80 61 91 19 30 36 39 93 57 33 62 54 25 38 94 99 29 72 8 69 6 98 89 77 46
434  70 28 10 5 30 41 32 3 57 33 62 64 38 11 92 75 34 15 74 72 47 2 17 59 98 7
435  42 24 20 50 87 16 80 78 58 19 41 39 93 26 25 22 68 43 86 15 72 8 44 53 47 6 98 45 46 77
436  71 83 14 10 56 87 5 16 61 66 0 27 23 3 39 63 54 84 43 1 72 21 47 69 103 17 98 46 102
437  71 70 14 36 62 13 25 38 94 11 73 22 68 60 76 34 101 48 65 103 17 98 7 52 77 46
438  24 28 79 14 37 16 78 88 36 54 25 94 68 96 34 81 1 72 44 4 89 46
439  20 14 10 37 16 95 61 12 58 41 51 13 54 25 94 35 11 92 60 75 96 34 101 6 103 98
440  70 28 37 78 66 27 67 3 51 93 33 62 35 11 76 86 15 31 8 47 6 103 59 52
441  71 42 20 9 14 56 37 16 80 95 91 19 0 100 23 36 51 93 33 64 25 38 22 92 86 96 90 53 47 4 17 45 77
442  71 40 87 37 95 78 91 97 66 57 33 64 54 25 43 60 76 15 101 85 31 72 8 44 47 69 4 2 6 65 82 89 52 77 102
443  40 50 9 14 87 5 37 16 78 12 97 19 66 27 88 23 57 54 35 73 92 43 60 75 76 86 49 29 101 31 74 72 21 8 53 47 69 6 52
444  40 20 28 61 0 41 3 63 33 62 13 25 73 68 99 76 8 44 4 103 7 77
445  18 20 79 10 87 32 3 60 76 86 49 90 85 74 8 53 47 2 65 82 17 98 7 89 77 102
446  18 24 20 28 10 78 91 12 97 41 23 39 26 62 60 99 96 101 6 103 82 17 98 45 89 46
447  18 42 40 28 56 80 78 91 12 32 3 63 13 54 22 60 76 86 49 81 85 74 72 21 47 89
448  18 79 14 37 95 91 12 100 32 67 39 57 33 64 54 99 76 49 34 15 90 101 44 53 103 45 77 46
449  5 16 95 61 0 88 32 3 39 63 57 33 54 22 55 49 1 44 2 6 82 59 45 7
450  40 83 37 78 61 66 41 100 3 33 54 38 94 60 99 75 96 90 48 8 103 7 46
451  20 79 9 10 0 88 41 36 33 13 64 25 35 68 92 75 76 55 49 29 34 101 48 74 2 59 45 77
452  18 42 28 50 87 37 61 66 41 36 3 51 63 54 75 49 15 72 47 65 17 7 89
453  28 83 14 37 80 61 12 58 30 41 23 63 62 84 11 73 68 92 60 86 29 15 90 85 31 21 44 89
454  40 20 28 79 9 56 91 0 41 100 36 93 38 22 75 76 90 74 53 47 82 17 59 98 77
455  24 83 16 19 88 23 3 62 94 22 68 99 76 55 81 90 101 48 72 21 8 44 82 17 59 7
456  42 24 70 9 56 16 91 12 30 88 51 63 33 26 62 25 38 11 68 60 75 76 86 81 1 8 6 77
457  42 70 20 28 50 14 56 5 61 12 58 0 100 39 51 57 64 54 84 11 68 92 86 49 90 48 72 21 53 6
458  42 87 16 58 23 36 3 62 13 84 25 38 11 99 60 76 29 90 48 72 53 82 45 52
459  20 50 14 56 5 16 80 19 0 36 26 64 38 35 22 43 99 55 81 90 85 8 47 82
460  42 70 40 20 10 16 78 12 58 19 67 36 51 57 25 38 22 43 99 81 101 48 21 4 65 59 52 77
461  70 83 50 79 56 37 16 80 78 88 41 67 23 36 51 33 13 38 94 35 11 96 49 29 48 85 1 4 82 7 46
462  71 18 20 83 79 10 56 16 30 23 3 51 64 94 43 76 49 101 1 72 53 98 77
463  24 83 50 79 5 37 12 0 88 51 93 54 94 35 11 73 92 75 55 34 15 90 48 1 47 4 65 59 45 7 89 46
464  18 50 9 5 37 80 12 66 30 88 41 100 67 39 13 84 25 94 86 49 29 15 101 48 1 6 98 45 7
465  71 24 83 10 56 37 61 30 41 3 33 11 73 60 86 29 81 101 85 31 74 7
466  71 70 83 10 37 16 88 41 100 32 36 3 26 84 25 11 73 34 90 74 1 72 44 53 47 4 2 45 89
467  70 83 79 50 80 91 61 12 27 26 13 22 76 55 96 29 85 74 1 21 47 69 17 45
468  18 28 10 16 95 78 91 12 58 66 32 26 62 64 25 22 75 76 49 90 85 53 69 4 45 89
469  24 50 79 16 23 36 3 51 63 57 54 84 38 73 68 99 60 75 55 49 81 48 31 1 21 8 53 45 7 46
470  42 56 37 16 78 58 67 23 57 33 25 38 11 22 68 75 76 55 29 15 72 44 53 47 2 65 102
471  18 24 70 10 56 5 16 78 61 41 32 67 23 36 51 33 26 92 76 55 49 81 90 44 46
472  71 42 24 20 5 80 95 12 66 27 88 41 100 67 3 39 93 63 57 64 54 73 60 101 1 72 21 8 47 4 7 52 102
473  18 83 80 91 97 0 88 32 36 3 57 94 35 68 92 43 99 60 75 15 81 74 72 53 6 82 17 98
474  24 40 20 83 9 12 58 88 41 39 93 57 33 25 38 75 86 55 15 90 48 8 4 6 103 82 59 7 52 89 77 46
475  42 20 83 79 50 5 16 12 30 36 51 26 13 54 38 94 68 60 75 15 101 31 1 53 6 65 17
476  42 70 79 9 14 87 5 37 80 78 97 30 27 62 64 94 11 73 68 76 86 49 15 48 69 45 89 46 77
477  71 18 70 28 9 16 61 19 30 88 32 36 3 26 64 25 35 92 43 60 96 81 90 72 44 47 2 6 82 59
478  18 40 83 56 5 37 16 95 91 97 66 30 41 3 39 93 26 62 84 25 35 11 22 76 49 1 21 2 6 45 7 52
479  70 40 14 56 37 80 95 61 100 23 36 63 93 57 86 55 34 90 74 72 21 69 2 6 65 52 77
480  24 40 79 87 37 80 61 88 41 36 63 57 33 43 60 72 21 8 2 103 17 59 45 52 46
481  42 83 79 9 14 80 91 58 66 30 27 36 93 38 35 68 86 96 49 29 90 31 74 21 44 2 65 82 98 45 46
482  18 14 10 87 56 80 95 91 12 88 41 51 93 33 13 54 25 38 92 60 96 49 15 85 31 74 8 6 65 98 52 77 46
483  42 70 28 0 3 39 13 84 11 73 92 15 81 1 8 53
484  40 20 10 95 91 61 66 30 27 67 23 51 93 57 13 22 68 55 31 47 69 65 17 59 98 77 102
485  42 28 79 14 16 91 12 30 27 3 39 63 62 13 84 73 75 86 49 29 81 48 72 53 65 17 46
486  18 24 83 10 56 87 37 80 95 12 58 97 0 67 51 57 33 64 94 11 22 68 92 43 75 81 90 48 8 4 6 17 45 102
487  42 50 14 10 87 95 12 0 100 23 63 33 26 54 84 35 73 60 76 55 74 72 69 82 45 77 46
488  18 42 70 20 56 16 80 61 58 19 66 88 100 23 33 54 35 68 60 96 29 34 101 85 48 72 6 17 98 45 77
489  18 28 56 87 5 16 80 95 0 41 100 39 33 26 54 68 75 81 85 31 72 8 65 103 59
490  71 42 56 5 37 16 80 78 91 61 12 97 66 0 88 100 32 36 51 93 63 26 94 35 73 99 29 15 90 44 47 2 103 17 89
491  71 42 40 83 50 56 37 80 95 66 41 32 67 23 51 26 64 73 68 60 55 96 29 31 21 44 6 98 7
492  24 40 28 95 0 27 67 63 33 64 54 73 68 92 75 76 96 34 101 74 69 82 17 59 77
493  24 83 9 87 95 12 66 30 88 100 32 51 63 26 84 38 94 11 73 22 68 92 96 49 81 90 72 21 8 2 65 59 52 46
494  42 40 79 50 9 16 80 95 78 12 66 27 88 63 93 75 55 29 1 8 82 98 46
495  42 83 79 9 10 80 78 91 19 3 39 51 33 54 84 92 99 86 55 96 49 15 81 48 85 31 8 53 47 6 65 46
496  70 10 87 12 0 88 41 36 39 26 13 92 75 85 74 1 72 8 4 2 82 17 7 102
497  70 20 9 56 87 95 12 27 41 32 36 62 25 38 73 68 92 96 81 90 101 72 8 44 69 65 102
498  42 87 5 91 12 97 19 0 27 3 26 64 54 35 11 75 76 15 31 74 53 2 65 82 98
499  71 24 70 40 95 61 0 27 88 100 32 3 33 26 64 54 25 38 35 11 68 60 34 101 53 47 77 46
500  18 42 70 28 78 61 19 66 0 100 67 57 38 94 11 22 76 86 101 8 44 69 2 17 89 52 77
501  71 40 50 9 10 5 91 61 32 67 36 51 26 73 92 99 76 49 15 81 74 44 4 2 45 89 77
502  42 28 83 87 78 91 19 66 27 23 3 33 26 25 94 22 43 75 96 49 48 1 72 4 65 82 98 46
503  70 79 50 5 12 19 30 0 27 32 39 63 62 84 11 92 99 29 34 15 90 31 1 21 8 53 4 2 65 7
504  24 70 9 87 56 80 61 27 88 23 3 39 33 26 84 94 68 96 49 29 15 8 44 59 45
505  71 70 40 14 56 5 61 97 27 23 3 63 26 84 43 60 75 86 55 96 34 81 85 6 7 77 102
506  71 28 50 14 95 66 88 32 67 23 51 57 33 62 54 84 11 22 99 60 76 86 29 15 85 48 31 74 1 2 6 65 17 98 89 77
507  70 83 9 10 56 87 5 16 80 95 61 12 58 19 67 39 51 57 94 73 60 96 74 72 47 2 65 89
508  87 12 0 27 39 51 57 26 13 84 38 94 22 68 75 76 49 90 101 72 21 53 69 98 89 77
509  70 28 14 10 32 51 63 29 15 85 48 1 45 7 102
510  24 70 40 83 50 10 61 97 30 27 67 39 57 84 94 73 43 99 75 81 85 21 44 47 65 59 52 46 77
511  18 20 83 50 14 37 80 19 0 27 88 32 93 94 99 34 101 31 2 6 103 59 89
512  42 40 14 10 87 37 80 78 66 88 3 39 93 25 73 60 49 34 15 90 101 69 2 103 98 102
513  20 37 16 80 19 66 27 88 51 54 38 73 76 34 15 101 8 44 17 45 52 77
514  20 79 5 91 12 30 27 32 67 23 36 3 26 64 54 35 43 75 86 34 15 81 90 48 85 1 72 44 53 4 2 59 7
515  71 42 40 83 79 14 87 56 37 80 95 91 88 41 100 39 57 33 11 68 92 101 48 31 74 1 6 82 17 59 45
516  71 20 83 9 14 10 87 61 97 0 100 32 93 63 33 84 35 68 92 55 86 101 85 48 8 2 6 59 7 102
517  71 42 40 28 9 14 10 56 87 16 80 95 12 58 27 100 23 93 26 54 75 29 34 81 90 85 1 8 44 2 17 7 77 102
518  24 40 28 56 87 32 3 39 51 63 13 64 38 60 76 55 86 49 34 81 90 48 53 77
519  71 40 20 83 10 37 16 80 91 58 66 88 100 57 62 13 54 84 25 92 43 99 49 101 48 74 44 47 103 59 77
520  71 18 42 24 83 14 87 37 95 91 30 27 32 67 39 57 13 25 38 43 96 81 101 1 8 69 4 2 82 17 59
521  18 40 20 16 95 19 27 100 67 36 39 51 57 84 35 92 99 75 34 15 1 69 4 65 98 77
522  71 70 28 50 97 0 41 3 39 63 54 84 94 60 76 29 31 1 72 21 8 59 98 7 46
523  70 40 20 50 79 87 61 58 27 32 23 93 33 64 43 29 101 85 31 1 69 103 89 77
524  40 14 16 91 58 88 100 23 36 3 33 13 25 75 76 86 55 90 101 48 74 8 44 47 65 17 59 52
525  71 18 83 79 56 95 78 58 30 0 67 3 63 93 57 62 13 64 38 92 60 99 86 1 8 53 47 103 17 45 52 77
526  79 14 95 61 97 27 32 67 36 62 13 94 35 73 43 99 76 81 48 85 31 72 21 53 103 82 46
527  18 42 5 80 78 19 27 41 36 3 57 33 84 25 22 68 99 86 49 29 72 44 47 6 102
528  20 79 50 14 56 61 97 41 100 67 23 57 64 11 22 86 49 29 8 44 53 69 65
529  42 20 10 56 37 61 58 66 32 67 3 51 25 73 60 55 96 49 81 101 74 47 4 7
530  18 9 10 56 5 16 58 19 27 39 63 25 94 60 75 55 81 85 31 69 65 89 77 46 102
531  70 40 20 83 79 87 37 80 95 12 19 0 88 100 36 39 64 94 73 22 68 99 55 96 101 85 8 47 4 2 82 17 7 77
532  71 40 20 28 14 87 5 95 12 58 66 0 100 23 39 62 25 94 73 43 99 75 86 96 90 101 85 74 1 47 103 17 89 52
533  42 40 9 14 80 91 12 33 26 62 73 76 86 49 15 74 72 8 69 6 17 59 98 7 89 77
534  70 40 79 10 91 58 88 41 67 93 63 13 54 22 99 75 81 31 72 21 44 4 65 82 59 98 77
535  20 14 10 97 39 51 93 33 13 43 86 55 49 101 85 72 69 59 7 77 46
536  20 28 79 50 9 10 37 80 30 0 88 67 39 63 93 33 62 64 38 35 75 96 49 34 15 85 31 21 45 52
537  71 40 28 83 56 87 91 19 36 39 33 54 25 94 11 43 90 72 21 8 53 2 6 17 45 89
538  70 9 78 97 19 27 41 32 67 63 13 64 54 35 68 99 15 21 8 6 98 45
539  71 18 24 20 83 9 14 10 56 95 58 66 88 41 67 23 36 3 39 26 54 84 38 73 68 60 96 29 34 81 48 44 53 89 52 46 77
540  24 28 79 16 78 61 91 12 58 23 3 13 54 84 25 11 73 49 29 48 1 21 47 4 2 46
541  24 70 20 79 9 56 5 97 58 66 27 41 100 23 36 3 63 33 84 25 38 94 92 60 99 34 1 72 53 2 6 65 103 45
542  18 42 83 10 87 5 16 61 19 30 100 3 51 63 26 62 54 22 60 75 76 55 49 34 31 53 65 98 45 7 77 102
543  42 24 79 61 97 66 27 88 41 32 39 93 57 11 68 43 74 72 21 53 6 59 77 102
544  42 28 83 14 37 12 97 27 100 67 39 33 26 62 64 25 38 11 60 99 29 15 101 31 59 45
545  71 20 79 9 14 37 80 95 78 97 30 3 63 62 13 54 38 92 75 76 55 90 101 74 21 44 6 46 102
546  18 42 9 80 61 100 23 63 13 84 11 22 92 43 86 81 48 6 65 59 102
547  70 10 56 5 78 0 41 100 67 23 36 93 33 11 92 29 34 101 1 21 8 44 69 103 82 17 7 89
548  18 42 24 70 40 28 9 56 58 30 0 67 36 3 39 62 38 35 60 15 81 85 1 72 4 6 103 59 46 102
549  40 79 61 12 0 88 39 63 93 33 26 62 38 11 92 60 85 8 47 69 4 89 46 102
550  70 9 10 56 61 97 58 19 39 13 84 35 11 60 49 29 85 74 6 59 98 45 46
551  20 14 87 5 16 27 32 3 63 84 38 11 60 99 55 96 90 48 74 4 103 17 59
552  18 42 40 28 14 80 91 58 100 51 93 26 35 11 92 43 60 90 31 44 47 2 82
553  71 42 24 70 40 14 87 37 91 61 0 88 41 23 63 33 62 94 22 99 60 49 90 44 65 89
554  70 16 78 58 19 66 67 3 93 25 22 60 86 29 15 81 90 101 48 74 8 44 6 103 89
555  18 40 28 83 79 37 78 61 66 32 67 63 57 62 11 43 75 96 29 31 74 1 72 8 44 69 82 7 89 46
556  40 50 5 61 58 97 27 88 41 100 36 51 63 64 54 35 22 99 60 55 29 15 101 85 21 44 4 103 77
557  71 18 20 14 10 37 16 78 58 19 41 36 63 93 26 62 13 84 35 11 22 99 60 86 29 34 90 101 48 85 31 74 1 72 21 69 65 59 77
558  42 70 20 28 14 37 12 19 0 88 32 62 38 99 96 29 81 31 74 1 4 17 98 45 46 102
559  24 40 9 16 80 58 30 23 39 93 57 13 54 11 75 76 86 96 21 6 17 98 45 7 89 77
560  70 28 10 80 58 27 41 32 3 26 62 54 35 11 43 99 48 21 8 53 47 7 89 52
561  24 40 20 50 14 10 37 16 78 19 27 36 63 57 62 13 25 68 43 86 15 85 1 44 53 47 4 82 17 46 102
562  9 10 37 16 12 30 23 39 63 33 62 64 54 92 96 81 101 74 1 8 47 103 82 7 46
563  42 20 28 50 87 16 95 78 12 66 67 39 33 26 62 64 54 25 11 68 75 15 81 74 53 47 103 82 7 46 102
564  18 24 70 40 28 83 14 10 87 56 16 61 91 58 19 30 0 88 41 100 36 3 63 33 13 11 68 48 1 53 69 6 59 7 52 46
565  42 24 83 79 50 9 32 51 93 62 54 94 92 43 99 55 96 49 34 90 48 74 98 59 45 52
566  42 28 10 37 95 66 27 36 63 33 26 54 73 22 92 55 72 98 7
567  71 42 24 70 50 9 56 87 37 80 95 91 19 27 32 67 23 93 62 13 38 11 68 76 96 15 48 85 1 21 44 53 52 77 46
568  71 42 83 79 87 95 19 88 32 36 3 51 63 38 43 99 101 48 74 21 69 103 89 77 46
569  40 50 9 56 87 16 80 97 66 3 51 63 57 62 13 84 86 85 44 69 7 89
570  70 20 28 14 10 56 37 16 95 78 91 12 19 0 27 36 39 26 84 94 43 75 86 55 49 101 31 74 44 53 69 6 103 7
571  42 20 10 56 5 95 66 88 23 36 39 33 26 11 22 43 99 60 75 55 15 47 45 7 52 77 46
572  40 28 83 79 9 5 80 61 12 58 19 0 27 39 51 25 92 60 15 31 21 44 4 6 17 59 98 46 102
573  40 9 87 56 37 80 78 97 0 88 23 51 54 94 11 92 43 75 76 55 96 29 34 48 74 44 69 4 2 82 59 46
574  42 70 40 20 83 79 78 61 12 97 23 3 51 13 64 22 68 60 55 49 29 31 44 103 65 98 59
575  71 24 28 79 9 14 10 16 95 78 91 61 58 97 19 66 30 88 100 36 51 93 62 84 25 94 35 11 68 92 43 99 55 29 81 48 85 31 44 53 47 59 77
576  18 24 83 14 10 56 12 97 19 27 88 51 93 57 33 62 13 64 25 92 76 34 81 101 74 21 69 6 103 82 7 89 52
577  71 42 70 79 80 95 91 97 58 19 23 36 26 13 94 11 22 68 43 60 49 101 48 8 47 4 82 17 7 89
578  24 50 56 91 19 67 23 54 84 92 86 81 48 21 53 4 59 98 52 102
579  56 37 78 66 0 27 88 41 39 63 57 13 54 84 25 94 11 31 21 53 4 98 7 89 52 46 102
580  42 20 28 83 50 56 80 12 19 27 100 67 62 64 94 92 99 75 81 101 8 103 17 98 45 46
581  24 79 9 5 97 23 25 38 55 31 21 69 6 59 52 77
582  42 9 87 16 12 97 30 67 39 93 64 54 38 94 35 11 22 60 76 55 86 49 85 31 74 69 82
583  28 83 95 61 19 66 0 27 88 26 54 25 92 55 49 48 1 8 53 4 2 17 98 52
584  71 24 50 9 37 95 91 58 19 27 88 100 84 38 35 11 73 43 75 86 29 81 48 74 1 72 8 47 69 59 7 52
585  18 42 40 20 79 10 56 16 78 19 41 3 38 35 43 60 49 15 21 53 4 2 6 65 82 17 77
586  24 50 10 87 61 97 30 0 27 36 3 51 26 62 99 60 29 34 74 1 69 2 65 77 46
587  28 10 5 16 61 0 100 23 3 39 51 33 25 38 43 60 86 34 31 74 8 69 82 7 77 46
588  42 37 16 95 19 88 41 100 63 57 26 62 84 94 73 68 43 86 55 101 74 72 44 47 17 98
589  71 18 42 50 10 5 16 78 91 97 66 27 100 32 36 3 51 93 57 13 64 35 11 43 76 31 21 8 65 7
590  71 42 24 70 28 14 87 16 91 66 41 23 51 57 33 26 64 25 22 43 34 15 81 101 1 72 21 8 53 69 17 45 7 89 102
591  24 70 10 56 91 12 97 66 41 67 36 33 62 64 54 84 94 73 22 29 74 44 4 2 65 52 102
592  40 83 50 95 91 26 13 35 73 92 43 60 75 55 15 81 31 44 47 7 52 46
593  42 40 16 95 78 12 19 100 51 57 26 38 11 22 43 75 96 15 101 31 74 21 44 6 45 52
594  42 24 83 87 37 78 19 30 41 39 33 26 62 60 55 8 47 69 2 65 98 52
595  18 40 95 78 0 27 41 67 23 36 3 93 33 13 54 84 38 94 73 22 68 92 75 15 48 1 72 21 8 53
596  42 70 28 79 16 95 12 58 19 0 27 67 39 33 64 54 25 38 73 99 75 86 29 81 74 44 53 47 2 17 98
597  42 24 83 50 87 80 61 19 66 88 100 93 33 64 54 84 38 94 99 75 86 96 1 21 8 53 82 98 45 7 46
598  18 70 40 20 5 80 61 12 27 41 32 67 51 57 38 75 86 34 4 6 59 7
599  71 40 19 0 41 23 36 39 33 13 54 84 94 11 73 68 75 96 29 74 2 59 7 77
600  70 20 28 50 9 10 78 61 91 12 58 0 27 3 51 62 94 35 73 22 68 92 75 76 86 34 85 74 72 44 69 98 7 89 46
601  18 70 14 10 78 61 19 32 51 63 93 33 94 35 68 99 86 29 15 101 85 31 1 44 47 6 98 45 89 102
602  42 28 83 9 10 87 56 80 95 91 30 88 41 100 26 54 84 22 60 86 55 96 48 74 1 72 47 4 17 45 89 77
603  42 79 5 37 80 95 30 36 51 25 94 11 68 92 60 76 55 49 29 34 15 90 85 72 53 47 69 4 65 17 45
604  24 70 40 9 80 95 91 97 100 67 36 51 13 25 38 11 22 68 92 86 96 15 90 101 1 8 44 53 65 82 77
605  18 24 70 40 28 50 9 10 56 5 37 19 66 30 32 67 3 63 13 64 54 25 38 92 99 76 34 74 53 2 59 45 7
606  70 40 28 9 5 80 78 66 27 41 100 32 36 93 33 84 38 35 22 68 60 101 74 72 69 82 7 52 77
607  28 79 9 10 78 30 27 67 3 93 68 99 55 96 49 15 48 53 47 4 2 98 52
608  42 50 5 80 91 0 100 67 39 51 63 33 54 38 11 73 86 96 34 1 8 53 2 6 82 45 52 46 77
609  71 20 50 9 14 10 56 30 27 41 100 32 39 38 68 86 55 49 34 81 48 1 53 47 103 82 59 45
610  71 18 50 14 16 61 19 30 0 23 57 62 54 11 99 75 96 29 34 1 44 65 82 98
611  71 14 87 37 16 95 61 12 19 30 27 88 32 3 93 63 54 84 73 60 99 76 86 96 49 29 53 69 82 59 98 45 46
612  71 18 37 78 12 58 88 100 26 64 94 35 68 60 34 48 47 6 98 46
613  24 20 28 83 9 10 56 5 95 61 58 19 30 41 100 32 67 26 62 94 92 75 76 55 96 81 48 74 1 69 82 46 77
614  18 70 40 20 10 56 95 0 67 51 63 62 64 35 92 60 75 49 34 90 101 48 31 1 82 52 46
615  79 80 95 58 30 27 88 41 67 23 39 26 94 11 99 75 86 34 90 31 47 82 98 52 89 46 77 102
616  24 28 50 37 91 58 97 23 36 93 62 84 11 68 60 76 55 96 49 29 15 81 90 85 21 8 53 17 102
617  18 24 83 56 37 16 78 41 3 39 57 25 35 73 92 60 76 86 96 29 15 81 101 72 8 4 6 82
618  70 5 95 19 23 3 39 93 33 64 84 94 35 11 92 60 76 55 90 1 44 47 4 17
619  24 20 10 58 0 27 36 51 93 13 84 25 38 68 99 60 49 29 34 81 48 31 74 47 69 6 82 59 45 77
620  18 5 95 91 0 88 36 51 38 68 92 60 75 76 96 74 8 69 6 103 17 59 7
621  28 56 37 61 58 97 27 41 67 3 51 63 62 13 84 25 11 73 68 92 60 76 55 15 31 21 44 69 6 103 82 17 59 52 77
622  70 40 50 79 56 80 61 66 30 39 93 57 33 99 86 49 81 85 48 74 53 47 69 4 82 17 46
623  42 28 50 5 80 61 91 66 30 23 63 26 38 22 68 99 86 49 29 34 1 21 53 47 82 17 89 52
624  70 79 9 14 10 16 32 23 3 51 26 62 13 54 94 73 68 92 60 29 15 90 53 47 7 46
625  24 40 14 56 97 58 66 0 27 41 32 26 84 38 43 76 96 85 31 72 69 4 103 59 7 102
626  24 20 56 95 78 91 30 100 32 39 63 26 62 11 68 99 86 55 29 15 31 74 1 21 103 82 59 89 46
627  18 24 28 50 87 5 37 12 66 0 67 3 39 63 54 94 11 68 92 60 76 69 4 2 65 7 77
628  24 40 83 37 16 61 30 27 39 13 38 92 60 15 6 52 77 102
629  70 20 28 83 10 56 5 80 95 58 19 27 88 100 39 51 63 26 84 38 35 68 92 43 96 69 82 7 52
630  18 42 40 20 50 9 56 80 95 91 12 58 97 19 30 27 88 100 36 94 22 55 96 31 74 44 69 82 17
631  71 42 79 10 80 95 12 41 3 51 26 62 13 22 99 75 55 29 1 53 69 2 65 98 59 89 102
632  24 83 14 10 56 5 95 58 66 27 32 3 13 64 94 73 22 68 99 29 31 1 44 53 98
633  28 87 16 95 66 0 27 23 57 33 38 11 92 76 96 101 48 74 98 45 52 77 46
634  18 28 50 0 27 88 93 57 38 43 86 34 90 1 72 47 2
635  18 42 40 20 83 14 87 37 95 78 61 66 41 23 51 93 63 62 35 11 43 99 49 34 48 1 21 8 45 89
636  24 50 14 95 58 19 30 27 88 23 39 38 94 92 96 31 47 4 6 103 17
637  71 9 5 95 91 12 97 19 66 41 32 67 84 38 35 73 68 43 60 75 55 49 81 72 21 53 2 6 82 17 59 98
638  18 42 9 56 61 91 58 51 93 33 86 55 96 34 81 44 53 65 103 52
639  24 28 83 87 37 12 41 35 68 99 74 72 44 69 103 98 45 46 102
640  71 18 70 40 83 9 14 87 91 27 88 67 39 51 62 11 75 86 34 72 6 65 103 59 52 102
641  71 18 70 28 50 14 5 37 58 27 32 23 93 63 62 64 94 73 22 55 49 34 15 90 1 53 47 6 103 52
642  20 83 37 16 95 30 67 26 62 22 76 55 49 81 90 85 31 47 2 45 7 89 77
643  18 40 14 19 0 41 23 39 26 94 22 68 60 76 49 34 81 90 101 48 72 53 69 6 65 59 98 7 52 46
644  24 50 10 37 80 78 30 100 67 63 62 64 25 94 73 22 68 99 75 86 55 48 85 31 47 69 2 59 89 52 102
645  20 79 87 56 12 30 0 41 3 51 54 84 25 35 60 49 29 34 101 85 74 69 4 82 98
646  42 24 28 79 9 56 87 37 16 80 78 12 97 0 88 36 39 26 84 38 35 68 60 49 90 31 53 47 6 59 98 7
647  70 10 5 80 61 23 33 64 25 35 99 75 76 49 29 1 8 47 82 89 46 102
648  70 83 14 10 5 37 61 58 66 30 0 41 36 38 35 76 49 29 85 48 31 74 53 6 17 52 77
649  18 24 70 20 79 10 56 5 16 80 91 19 27 32 3 63 57 60 76 55 15 31 74 21 8 44 53 69 4 2 6 65 103 45 102
650  71 28 83 50 10 5 78 91 61 66 23 39 51 33 13 25 92 96 49 34 101 31 21 53 4 2 82 89 46 102
651  28 14 56 87 37 80 61 30 27 88 63 25 38 94 68 34 81 90 85 1 72 21 53 69 2 82 17 59 46
652  18 9 5 19 66 30 27 41 63 62 64 60 96 15 90 101 53 69 4 82 59
653  24 9 95 78 61 58 30 88 3 57 64 38 92 60 55 96 90 1 59
654  18 42 50 95 66 67 23 63 13 25 73 99 76 49 48 1 8 47 59 89
655  42 70 28 50 87 56 37 78 91 58 0 27 41 67 63 57 33 25 38 94 92 43 99 86 96 15 85 74 45 77
656  18 42 24 28 83 9 14 37 91 12 30 26 62 84 38 94 76 29 34 90 21 8 44 69 65 82 98 59 52
657  71 20 83 10 87 95 30 0 3 33 13 84 25 35 11 76 34 90 85 31 4 45 7
658  70 20 5 37 16 80 97 66 30 32 23 36 63 13 94 11 68 92 99 76 29 34 81 90 21 44 6 103 82 17 45 52 89
659  24 40 50 14 56 16 30 0 88 41 32 36 13 25 35 43 99 60 86 21 69 4 6 65 103 45 7 46
660  10 5 16 95 78 19 0 88 41 32 39 51 63 33 26 62 73 68 75 29 34 8 44 4 65 17 102
661  50 9 14 56 5 80 95 91 58 66 30 41 23 3 57 84 38 92 86 96 29 81 31 21 47 103
662  24 40 79 10 56 5 80 95 91 61 12 19 3 62 25 38 35 73 92 96 34 48 85 74 53 59 52 89 46
663  71 83 50 79 10 87 5 16 80 12 19 30 0 27 100 51 13 54 84 11 92 86 96 85 8 82 7 46
664  42 79 50 9 95 78 97 19 23 63 54 84 38 94 60 48 85 31 8 53 82 59 89 52
665  79 95 12 32 3 63 93 84 25 43 86 96 29 90 8 53 2 6 17 89 52 102
666  9 14 16 91 12 19 100 32 36 57 13 38 92 99 76 29 31 74 8 44 53 47 4 2 6 65 45 52 89 77
667  24 37 27 88 67 36 3 54 25 38 94 43 99 60 75 29 72 53 69 6 82 59 102
668  42 28 10 56 5 37 58 88 67 3 51 63 13 35 60 76 86 49 81 90 31 82 45
669  24 20 28 9 5 80 78 12 30 0 27 88 67 36 3 54 25 68 43 60 99 29 85 31 74 89 46 102
670  18 28 79 95 91 27 32 67 63 57 13 84 25 99 75 34 48 74 1 53 69 2 17 45 89
671  20 28 56 87 5 95 78 30 27 88 41 3 33 64 25 35 11 68 76 86 49 81 90 74 21 47 4 6 65 7 77 102
672  40 87 56 80 91 19 41 32 23 3 63 57 26 62 54 84 38 73 43 48 31 1 53 6 82 17 52
673  71 83 10 87 91 61 88 3 57 13 94 35 73 22 99 29 90 74 82
674  42 40 56 5 16 61 19 41 67 23 3 39 93 57 13 64 84 94 68 43 99 60 86 96 29 15 74 1 44 65 103 82 77 102
675  71 50 9 14 58 19 100 36 3 63 33 54 35 73 22 43 76 96 49 29 15 90 48 21 47 65 82 17 7 102
676  24 40 14 87 58 97 19 30 0 41 67 36 51 63 93 33 62 84 94 60 75 81 90 101 85 47 65 103 82 46
677  71 18 9 14 95 58 66 30 27 100 57 64 84 38 35 68 43 49 90 101 31 1 53 47 65 52
678  24 70 20 9 14 5 61 58 66 88 32 67 23 39 51 93 63 54 35 73 68 99 86 55 15 90 101 1 4 6 98 45 7
679  18 42 70 20 5 80 61 91 58 0 41 39 51 93 63 62 64 54 84 35 11 48 31 74 1 72 21 53 47 2 6 103 17 98 89 77
680  20 9 37 97 27 67 3 93 33 54 73 22 68 75 76 86 96 49 34 15 81 31 47 103 45 102
681  18 9 80 95 12 58 66 41 32 67 26 62 64 84 25 11 22 43 49 34 81 85 17 98 7 52 77 46
682  20 79 5 95 78 19 100 67 36 51 63 25 35 11 92 29 48 31 74 2 82 17 59 98 46
683  18 56 12 66 32 67 3 51 63 73 99 29 15 31 1 44 47 69 59 89 52
684  71 24 40 9 14 56 95 78 88 100 67 64 73 68 43 76 55 29 31 47 4 98 7
685  18 24 20 28 87 5 91 36 57 26 62 38 73 92 75 86 85 72 98
686  42 20 28 79 16 95 12 66 88 67 39 26 64 38 94 35 22 68 75 86 49 81 1 21 8 44 47 69 4 2 65 89 102
687  42 70 50 79 9 80 78 61 12 58 41 67 23 93 57 62 13 64 25 35 22 68 96 81 48 21 69 65 45 102
688  18 42 70 40 20 83 79 5 37 78 58 66 30 100 32 64 54 84 38 75 76 55 86 15 90 101 21 69 6 82 59 52
689  71 18 24 20 79 87 37 80 61 12 97 19 27 3 25 38 73 68 43 99 76 90 101 1 8 44 4 6 65 103 7 46
690  71 24 56 80 97 58 19 30 100 39 51 93 54 38 73 99 60 75 86 34 15 1 21 8 53 47
691  42 70 40 14 5 37 16 95 97 41 100 32 26 94 11 43 86 49 1 47 6 65 102
692  71 20 83 50 14 10 78 27 67 36 51 33 26 64 54 38 94 35 11 22 68 43 75 55 74 44 53 103 77 102
693  70 28 83 9 87 78 97 30 100 32 23 36 3 93 13 73 75 55 86 29 72 44 103 17
694  40 9 87 5 78 97 19 27 88 93 13 54 25 94 73 68 92 55 86 34 15 90 101 85 31 8 47 4 6 103 17 46 102
695  24 40 83 9 56 37 80 78 58 30 0 3 26 94 73 29 34 101 48 31 53 4 103 82
696  83 14 10 87 56 37 95 66 0 3 57 54 38 68 76 55 86 81 101 1 47 6 7
697  70 40 83 50 10 56 97 66 88 100 39 26 86 49 72 44 77
698  18 42 70 28 83 79 50 14 5 37 61 58 19 0 27 32 67 3 39 33 64 84 35 73 43 60 1 72 2 17 45 46 102
699  18 20 87 16 12 51 63 35 92 96 15 90 101 1 6 45 7 102
700  71 18 70 79 5 16 80 95 12 27 41 100 32 36 64 54 25 38 99 76 86 49 31 8 44 53
701  70 20 28 50 5 80 78 58 88 32 67 64 96 34 81 48 74 21 44 47 4 6 82 59 102
702  42 70 20 28 50 5 16 30 88 26 62 75 86 49 15 90 101 48 6 98 45 52 102
703  79 9 14 5 95 91 0 32 23 36 39 51 63 26 62 84 38 35 11 68 76 86 96 81 101 48 1 44 69 59 98 46
704  24 28 79 14 95 78 61 97 27 41 100 67 36 33 13 38 35 92 76 49 34 15 85 74 69 82 89 46
705  42 24 83 50 5 66 27 32 36 39 51 26 94 73 68 99 75 76 49 29 81 101 74 1 53 6 65 17 59
706  20 83 50 9 10 87 0 36 39 63 62 35 11 22 55 86 29 90 1 44 69 6 65 98
707  42 24 70 83 9 87 56 97 88 62 54 11 68 75 76 55 15 101 48 21 47 4 7
708  40 10 56 41 100 32 3 39 63 93 57 26 38 11 73 75 15 101 85 1 4
709  70 40 83 56 5 37 80 95 61 19 100 36 3 26 62 22 15 85 47 4 2 6 102
710  83 9 95 61 66 0 36 57 26 62 64 35 11 43 75 86 55 49 29 90 31 44 47 6 82 17 45 52 46
711  24 40 28 87 5 91 58 30 27 41 67 13 54 38 35 73 22 99 55 86 49 29 34 1 72 47 65 82 7
712  24 95 3 62 54 38 22 92 43 99 76 55 29 81 48 31 8 44 4 82 98 59 89 52
713  18 5 80 61 97 66 27 88 41 3 93 57 26 62 54 25 38 94 48 74 1 72 21 8 47 69 4 6 65 89 77
714  24 70 20 56 80 78 97 19 88 67 23 36 63 93 73 43 60 86 72 44 4
715  18 42 50 78 61 12 41 100 32 3 39 13 54 25 38 86 96 81 74 6 77
716  71 24 40 28 50 9 87 37 91 19 30 23 39 63 62 64 25 38 94 92 60 34 15 85 74 98 7
717  71 50 9 37 19 39 13 35 11 43 99 29 15 101 48 74 21 53 2 65 103 82 45 52 77 102
718  18 24 28 9 56 5 37 27 32 23 51 63 94 11 73 22 43 60 99 75 85 53 47 65 45
719  28 14 10 56 5 91 19 93 11 22 75 101 44
720  40 28 9 14 16 78 12 97 19 88 67 63 64 54 84 75 29 90 48 1 8 69 4 103 45 52 77
721  71 20 50 87 97 36 51 26 38 11 73 22 75 76 96 29 15 81 90 101 74 1 2 82 45 7 46 77
722  42 20 28 50 9 87 16 78 61 91 19 66 41 3 93 13 43 76 96 29 15 90 8 2 65 17 98 59 45 77
723  18 70 50 10 87 16 78 91 58 36 39 63 62 64 35 60 86 55 96 101 72 69 4 6 65 59 46
724  71 79 56 67 51 63 84 25 35 68 34 81 31 1 44 4 17
725  42 70 14 91 66 27 100 13 54 84 11 68 43 99 55 49 29 90 48 21 2 6 103 59 102
726  18 42 70 40 20 79 9 66 0 67 23 54 38 35 68 92 60 75 76 49 101 74 21 59 45 77
727  18 50 56 87 5 91 12 19 67 51 63 25 22 92 76 49 48 1 69 6 65 82
728  71 18 42 70 28 79 9 37 16 27 41 67 3 13 73 22 43 55 96 15 90 72 2 59 45 46 77 102
729  40 50 87 5 16 95 61 12 19 88 67 33 84 38 11 68 60 76 96 81 21 8 103 7
730  42 20 28 83 79 10 58 27 41 67 93 62 84 11 92 99 86 90 85 31 47 4 65 59 98 77
731  42 24 70 40 79 56 95 12 97 0 88 41 67 23 36 93 68 60 75 49 34 81 59
732  42 24 70 28 83 56 16 0 32 36 3 57 33 94 35 73 22 75 55 15 90 48 1 72 69 103 98 89 52
733  42 24 70 20 28 79 12 58 30 27 100 33 64 54 35 34 31 74 69 6 82 45
734  71 70 40 20 10 87 56 5 16 80 91 30 27 3 26 62 84 92 29 34 85 21 47 6 82 17 7 52 77
735  18 42 9 14 10 16 95 58 19 0 41 32 36 39 57 62 13 99 75 55 29 34 81 101 31 21 17 59 98 45 7 89 46
736  42 24 28 50 87 16 80 61 66 3 51 33 62 25 43 60 76 49 15 81 101 48 31 74 44 53 47 69 4 6 98
737  79 9 5 95 19 67 36 51 57 38 94 11 22 43 55 96 49 8 53 69 2 6 82 45 7 89 52
738  24 20 50 78 19 88 41 100 23 39 63 33 13 25 94 11 68 43 60 29 15 31 72 44 47 4 65 82 7 52 102
739  40 20 9 87 5 78 97 19 32 67 23 36 3 57 62 38 11 60 76 49 29 81 31 69 4 65 98 46
740  18 40 20 9 14 87 56 16 61 66 88 39 33 25 35 60 76 55 49 29 48 72 21 47 4 103 82 102
741  42 20 50 14 5 78 91 61 97 19 88 32 33 25 22 60 86 96 49 90 1 21 4 6 45 7 89
742  42 83 37 95 61 12 66 32 67 62 64 25 38 92 75 76 15 90 8 44 69 77 46
743  18 42 24 40 95 19 0 3 62 13 11 73 99 55 86 29 81 90 85 31 72 98 52
744  18 42 70 20 83 10 87 80 95 97 27 88 41 100 32 36 57 33 62 64 84 94 35 11 22 75 76 96 49 85 74 8 44 65 82 98 7 46 77
745  71 18 70 50 14 56 61 91 58 19 30 0 88 100 51 26 62 13 54 68 43 75 29 81 101 48 74 21 8 59 7 89
746  18 42 83 14 56 37 80 91 61 58 19 66 30 0 27 41 32 93 57 13 54 94 35 11 73 68 43 76 96 49 81 90 47 4 98 45 46 77
747  71 42 24 40 20 14 95 30 23 63 62 54 25 75 49 29 34 81 53 65 17 7 77
748  71 20 83 16 80 58 66 30 88 41 3 93 26 13 64 25 92 60 75 76 85 74 47 69 98 7 77 102
749  20 80 95 41 32 36 39 63 62 84 38 68 29 15 90 4 103 82 45
750  42 24 20 28 50 9 87 56 5 30 0 41 36 84 38 73 43 29 34 90 31 74 21 53 82 17 77
751  71 20 83 95 78 91 19 0 27 88 41 3 33 26 62 38 68 86 34 31 74 72 53 69 4 2 98 52 102
752  70 79 66 3 39 26 13 25 11 68 92 99 76 86 15 90 101 85 74 4 82 59 7
753  24 20 9 14 56 37 95 88 33 64 94 11 60 76 86 101 74 8 47 4 2 82 17 98 59 102
754  42 70 40 20 83 56 87 91 97 3 63 26 62 54 84 35 68 99 75 55 96 34 15 81 8 103
755  40 28 14 80 30 0 41 67 57 62 94 22 68 96 90 31 74 44 65 82 59
756  42 56 80 95 61 91 88 32 23 57 84 35 73 68 43 60 55 85 8 69 4 6 65 82 45 102
757  71 18 70 40 20 50 9 5 16 61 19 30 0 27 88 100 36 3 39 93 64 54 94 35 68 43 55 49 29 101 72 21 8 2 17 45
758  18 20 50 5 78 61 12 19 0 27 23 39 51 93 63 57 38 94 60 86 29 8 69 65 82 59 7
759  28 16 80 78 12 30 41 67 36 93 62 64 25 43 55 96 90 48 44 69 2 65 17 59 102
760  42 70 28 79 9 10 87 5 61 97 58 67 36 93 63 94 35 22 99 60 21 47 4 2 6 45 52
761  18 42 14 95 91 12 58 0 3 39 33 26 99 29 15 8 2 82 45
762  18 20 50 87 5 78 91 61 58 97 100 3 63 54 35 73 43 60 96 29 81 101 1 53 59 45 89 77
763  40 28 9 37 80 12 58 97 19 66 30 32 57 62 35 68 96 29 34 101 44 47 6 46
764  24 10 87 37 16 61 91 30 88 3 51 64 94 11 92 43 60 99 76 55 86 96 34 48 72 2 6 46
765  70 40 28 79 10 56 5 37 95 78 19 66 27 32 36 33 25 38 94 86 34 90 48 85 31 21 44 53 103 59
766  28 9 87 80 19 0 36 3 51 63 33 54 22 68 43 99 76 34 15 85 48 8 53 65 103 52
767  71 70 14 56 37 80 91 66 67 51 63 57 33 62 25 73 75 15 101 21 44 53 6 103 52
768  83 9 5 91 97 0 27 88 41 32 39 57 26 64 94 73 29 15 90 85 1 72 8 69 46 102
769  18 40 28 9 14 5 37 80 61 12 32 63 33 64 54 25 94 22 75 29 81 4 89 46 77 102
770  18 70 40 20 28 79 97 0 88 36 57 99 86 96 49 29 34 81 101 85 31 74 1 72 8 2 98 59 45
771  42 24 70 28 83 79 56 87 37 16 95 66 30 0 88 57 26 84 35 99 101 31 74 47 4 2 65 82 7 46 77
772  71 40 83 14 95 12 41 100 36 3 39 33 62 84 94 35 22 43 99 76 55 29 90 47 69 82 98 7
773  24 20 28 95 78 91 58 32 23 36 33 35 73 68 92 60 96 101 85 2 103 59 45 89 102
774  24 20 10 87 88 51 93 63 57 84 68 92 99 75 29 81 90 74 1 44 4 2 103 82 98
775  24 40 83 5 80 95 30 25 38 73 99 75 96 15 74 21 69 52
776  18 42 70 40 14 87 56 16 80 91 100 67 39 57 25 94 73 22 68 60 49 48 85 44 59 98 89 102
777  71 42 24 83 10 5 16 80 100 3 51 63 26 64 35 76 90 74 8 44 7 77 46 102
778  18 70 40 20 28 50 9 10 91 12 19 30 0 23 36 39 25 94 55 48 1 4 6 65 45 102
779  40 14 87 5 61 91 12 58 27 88 32 23 36 93 33 26 54 84 68 43 60 55 96 59 98 45
780  70 50 14 56 37 19 30 41 100 23 39 63 84 94 73 22 96 101 31 8 53 47 82 17 7
781  71 10 5 95 30 41 39 64 54 25 38 22 43 99 76 49 90 101 1 59 45 77
782  28 50 9 10 87 5 80 19 88 3 51 93 57 33 26 13 22 92 76 90 101 48 31 8 44 69 4 2 65 45 52 77
783  56 80 58 51 63 57 26 22 68 92 43 75 34 90 101 31 72 21 47 69 65 103 82 89 52
784  24 70 40 20 83 9 87 37 91 58 30 32 51 26 62 13 54 38 94 43 60 76 55 96 48 65 82 98 89 52
785  18 42 40 28 50 14 87 37 19 27 41 100 32 51 63 57 33 62 84 73 76 48 74 53 47 2 6 103 17 98
786  42 40 83 10 37 16 80 19 66 67 36 39 33 26 54 84 94 35 92 29 15 31 4 6 103 82 102
787  42 14 56 5 37 78 12 30 88 100 67 36 3 57 94 11 73 68 92 43 60 76 49 48 72 8 4 82 89
788  42 70 83 87 37 16 30 67 93 84 25 73 22 43 96 34 90 31 74 8 44 82 102
789  42 28 79 14 61 58 19 88 100 67 36 51 60 76 55 96 49 15 21 8 53 47 69 4 2 65 103 82 7 46
790  24 40 10 5 16 95 91 12 97 30 88 100 33 26 25 22 43 75 76 31 6 98 89 77
791  14 10 5 16 78 91 97 66 0 54 73 22 75 90 74 47 69 103 45 7
792  18 24 70 40 95 78 91 88 39 84 25 22 55 85 31 21 2 65 82 46 102
793  18 70 56 80 78 91 61 19 66 88 32 23 36 3 39 51 62 84 22 68 99 60 86 29 15 101 31 1 8 44 6 82 98 89 77
794  83 10 56 5 37 80 95 61 12 33 68 75 101 21 8 7 77
795  42 70 83 14 10 56 95 61 12 97 58 88 23 3 63 54 25 11 73 75 86 96 29 34 101 8 53 6 59 98 45 102
796  70 56 5 37 61 30 33 26 62 13 64 11 43 99 76 29 48 8 44 2 17 7 89 77 46
797  70 56 5 95 61 12 97 27 100 3 39 63 33 54 38 35 22 47 7 52
798  9 10 87 16 95 61 58 32 67 3 93 63 11 43 75 55 49 34 15 85 72 4
799  71 42 40 28 50 10 97 58 19 32 67 63 93 33 26 13 54 35 73 75 81 74 1 72 2 17 89 46
800  18 70 40 50 10 5 95 97 66 30 41 3 51 63 57 26 84 15 81 90 31 21 4 2 6 65 103 82
801  18 24 10 56 37 95 19 88 41 3 63 57 33 26 22 68 86 81 90 1 72 44 53 2 82 59 52 77
802  20 28 50 14 56 78 58 97 41 67 39 64 84 94 11 73 92 55 96 81 101 48 74 72 69 2 6 17 59 52
803  24 79 10 87 5 80 78 19 32 67 39 57 62 43 60 76 81 101 85 31 1 72 8 69 4 2 103 82 7 52 77
804  71 42 40 28 79 87 56 16 80 95 97 3 84 25 94 11 86 48 85 1 8 44 82 45 52 102
805  71 83 50 79 14 37 16 12 41 100 51 93 101 48 85 1 72 44 47 103 77
806  28 10 61 91 66 30 67 39 93 63 62 13 54 25 38 35 99 85 44 98 45 52
807  20 83 50 5 37 78 61 0 39 93 84 38 94 73 99 75 96 101 48 31 72 8 44 53 47 69 6 52 89 77
808  42 24 83 79 9 5 78 97 0 32 67 23 39 93 33 54 94 99 60 76 34 15 85 72 69 4 2 59 45 7 77 46
809  18 20 79 9 16 78 12 97 100 23 57 13 54 94 35 43 55 29 15 81 85 74 1 72 21 2 65 103 7 52
810  18 42 24 9 10 87 5 16 80 27 88 32 51 25 92 43 76 86 15 90 48 53 6 45 7 52
811  70 95 66 30 23 36 39 63 26 54 25 35 11 92 99 29 34 81 90 1 21 44 47 69 6 65 59
812  71 24 70 20 28 83 9 5 78 91 66 30 88 32 67 23 33 84 38 94 35 34 15 74 47 4 45 7
813  40 14 5 16 12 30 100 23 36 3 26 38 73 22 43 75 15 90 74 69 4 65 82 77
814  71 42 83 79 10 16 80 19 0 67 23 36 93 57 73 43 75 76 55 49 101 31 1 72 44 47 4 82 7 46
815  18 70 10 80 95 91 12 32 3 63 57 13 84 94 22 68 75 29 15 81 85 1 21 2 103 82 17 59 89 52
816  24 50 10 87 16 80 78 91 0 27 88 100 67 26 62 22 43 99 75 81 1 2 82 17 98 7 52 46
817  71 42 14 10 37 16 80 95 61 58 97 27 23 33 94 11 73 86 29 34 101 85 53 69 65 59 45 77
818  71 42 40 28 56 80 95 58 30 0 88 32 36 63 93 33 62 13 73 60 96 49 34 44 69 65 103 59 45 7 77
819  20 9 5 16 12 30 27 88 41 100 51 33 26 62 84 22 55 90 74 8 44 53 98 45 102
820  40 10 87 95 19 66 30 32 36 39 57 62 54 84 25 35 11 73 75 86 34 15 81 1 65 98 102
821  18 20 83 5 58 27 100 23 39 93 57 26 35 11 68 43 55 34 85 72 21 17 98
822  18 83 14 87 56 5 37 80 95 97 58 19 100 23 36 51 63 35 22 76 86 49 85 31 2 103 82 7 52 77
823  71 42 20 28 10 5 91 12 97 66 32 67 23 36 57 64 94 35 11 73 22 43 86 96 49 29 34 72 69 2 65 103 89 102
824  42 83 87 5 16 80 95 58 88 41 39 57 25 38 94 29 48 8 44 65 103 77 102
825  24 79 9 56 37 16 80 0 41 32 39 13 64 35 92 43 55 96 34 81 48 31 47 59 7 77
826  42 20 83 9 80 61 100 67 39 51 93 63 62 38 94 73 55 15 81 74 1 21 8 65 17 98 46
827  70 40 20 28 50 16 95 78 61 97 0 88 67 63 33 13 54 35 92 75 76 29 34 90 31 72 8 6 98 45 46
828  71 18 70 20 9 14 10 78 19 30 0 88 41 32 3 39 62 94 11 43 60 55 34 81 101 85 47 98
829  71 42 83 79 9 10 5 16 91 58 27 88 100 32 23 3 63 57 26 62 13 99 75 55 90 48 31 72 8 82 17 59 45 52 102
830  18 42 24 28 50 79 0 27 32 67 23 3 51 13 64 54 38 11 68 92 81 1 2 59 45
831  28 9 14 87 80 58 97 19 30 0 36 51 11 73 75 86 29 81 85 48 44 53 4 65 89 77 46 102
832  71 24 40 9 14 10 91 66 30 41 32 23 51 33 26 64 54 60 99 76 96 49 34 15 101 48 1 2 6 103 82 45 89 77
833  71 70 28 50 79 14 5 80 78 91 12 58 19 100 32 3 39 93 63 57 62 38 94 73 92 86 49 29 34 81 90 101 8 53 4 65
834  71 24 20 79 5 61 91 12 0 100 36 39 33 13 43 49 34 90 1 21 8 47 69 65 46
835  24 40 20 83 14 56 87 5 30 32 67 23 26 62 84 35 11 22 68 60 99 76 49 48 74 72 21 53 4 2 65 98 7 52 102
836  18 20 56 87 78 91 58 67 39 51 63 33 25 94 35 43 60 99 49 81 90 101 85 31 74 1 72 44 53 6 82 17 98
837  71 24 40 20 83 14 5 37 97 19 67 39 51 63 26 84 38 35 73 43 60 96 15 59 52 77
838  42 70 40 56 16 97 30 88 100 23 3 39 26 62 64 38 35 11 68 43 99 86 96 49 81 48 21 89 46
839  70 79 9 87 56 5 61 91 30 51 57 64 35 76 96 29 15 81 65 98 45 7 89
840  42 70 83 50 10 37 16 80 78 27 23 36 93 57 33 13 22 68 43 29 81 85 31 74 72 47 69 103 77
841  70 20 83 10 37 16 80 95 12 30 88 33 62 13 25 11 76 86 29 101 85 31 8 44 65 89
842  24 40 20 50 10 5 16 95 91 58 19 30 0 88 3 51 13 84 94 73 76 55 49 29 15 31 74 21 8 2 103 98 45 7 102
843  20 56 37 78 12 97 30 88 32 3 63 73 68 96 15 48 31 74 21 82 17 59 98 45 52
844  24 28 16 61 58 19 66 88 100 32 67 26 94 43 99 60 76 49 48 2 103 82 59 89
845  18 40 28 83 37 91 12 30 41 51 63 84 38 35 43 60 76 96 85 8 44 103 59 45 7 52
846  40 9 10 56 87 80 95 12 58 41 100 32 38 35 11 68 92 99 75 34 85 31 74 72 44 6 17 77
847  71 18 50 16 95 78 61 66 30 41 100 39 13 64 54 73 68 60 34 101 48 1 72 103 98 77
848  70 9 10 80 91 97 30 88 100 67 33 26 62 64 38 43 90 48 8 89 52
849  71 20 28 14 87 56 5 16 78 12 19 66 30 88 23 51 64 94 35 11 73 22 75 96 15 90 85 31 74 53 4 65 17 89 52
850  18 42 20 28 14 5 37 12 32 67 57 26 35 49 101 1 69 2 45 89
851  24 79 10 37 91 66 100 67 51 93 57 54 38 73 22 60 90 48 21 69 4 6 17 52
852  40 9 95 58 66 27 100 32 3 51 33 64 54 38 11 73 22 68 60 34 15 74 44 47 17 98 7 77
853  83 79 56 5 37 61 12 66 88 36 51 57 84 38 35 92 48 72 8 4 45 7 52 77
854  18 24 28 9 14 10 37 95 58 66 23 36 93 62 73 60 86 55 34 31 21 6
855  71 42 24 83 50 14 87 37 16 91 61 12 66 0 100 51 57 33 84 38 35 60 55 49 81 31 44 69 4 103 17 98 59 46
856  16 58 0 67 36 39 63 33 54 38 94 22 68 75 76 86 81 72 21 8
857  42 14 56 37 16 95 61 0 41 33 64 38 35 68 92 60 75 76 49 34 15 74 1 21 98 59 45 89 102
858  71 42 24 79 10 5 78 58 0 32 23 51 26 62 64 84 43 96 81 101 48 1 72 21 8 53 17 7 89 46 102
859  24 70 28 83 79 87 5 61 97 57 26 62 13 38 68 92 43 60 76 55 29 34 81 1 8 53 69 2 82 89
860  71 24 80 78 91 58 66 27 100 32 67 26 13 54 38 35 43 76 86 49 29 81 90 31 1 8 44 47 103 17 45 77 46
861  20 79 14 80 95 78 61 12 88 100 23 3 51 26 13 84 94 43 86 34 74 21 44 2 6 65 82 59 45 89 52 46
862  70 95 19 0 36 39 38 94 92 43 90 74 1 8 47 6 65 98 89 52
863  18 20 50 9 14 10 16 61 91 30 0 41 32 39 63 57 43 99 49 29 15 48 74 72 53 6 98 7
864  71 83 9 87 61 58 100 32 93 57 13 73 22 60 76 96 29 81 1 21 69 4 65 98 89 46 77
865  71 18 42 83 9 14 58 97 19 88 41 36 93 57 33 25 38 35 60 55 15 8 44 69 65 82 17 98 45 89 46
866  71 42 20 83 50 79 14 37 95 97 19 30 0 23 36 3 39 51 62 84 73 68 60 99 86 29 90 101 85 74 47 4 2 103 46
867  70 20 50 9 14 10 87 37 58 66 32 67 36 57 26 64 54 25 35 11 75 76 15 90 48 74 1 8 53 2 17 59 45 52 89 46
868  18 20 28 58 66 30 0 27 67 33 26 13 99 15 81 90 74 8 44 2 17 98
869  71 70 50 79 14 37 95 97 58 66 30 3 64 54 38 94 73 92 43 75 76 34 81 90 1 53 69 6 45
870  71 28 50 14 56 37 16 61 0 100 3 93 57 26 62 38 22 60 76 55 34 47 65 77 102
871  18 42 20 83 79 5 16 80 95 97 36 57 62 13 25 38 11 73 22 68 92 99 76 86 49 48 31 1 72 44 53 47 45 7 77 102
872  20 9 10 5 16 95 61 19 32 93 57 64 38 92 43 75 48 31 8 65 82 59
873  18 42 28 9 87 95 78 12 66 41 100 67 26 13 84 11 60 75 29 81 101 65 17 59 98 89
874  71 83 10 56 87 5 78 97 0 88 39 26 13 64 54 38 35 92 75 55 96 49 85 21 44 47 69 65 82 17 45 52 77 102
875  42 24 20 95 12 97 27 41 36 3 39 62 13 38 11 99 90 72 53 47 4 77 46 102
876  20 87 80 91 12 27 36 63 26 84 68 92 75 29 34 85 72 69 2 59 52 46 102
877  40 9 10 16 78 58 97 19 30 41 100 3 39 51 33 11 68 99 49 34 72 21 6 17 59 7 89
878  18 70 40 14 87 78 91 61 30 0 93 33 26 25 22 43 60 48 85 53 6 82 102
879  42 50 5 16 91 12 0 100 33 13 35 68 92 99 81 90 48 31 1 53 47 69 6 82 17 59 45 46 77
880  24 20 28 83 50 97 88 67 23 36 3 26 62 54 38 22 92 76 29 81 31 53 59 45 7 52 46 77 102
881  42 70 40 28 5 16 66 30 88 23 39 64 84 38 94 22 92 75 49 29 34 101 48 31 8 47 69 103 45 52
882  40 79 50 9 14 10 87 16 78 51 93 35 92 99 96 53 17 98 52
883  18 83 50 9 56 5 16 66 41 67 23 51 57 33 25 35 73 68 96 49 34 44 47 59 77
884  24 40 14 10 87 5 37 80 95 12 58 30 0 27 100 23 51 13 84 25 11 92 43 75 85 44 69 2 6 52 46
885  42 24 20 50 56 37 95 78 91 61 12 19 30 0 32 36 93 62 13 64 25 22 68 92 43 99 76 96 34 90 85 31 74 72 21 8 44 6 98 45 89 52
886  70 79 14 19 66 51 63 57 26 13 94 92 99 76 55 49 29 90 31 82 17 59 98 77 46 102
887  71 42 24 70 40 83 9 67 51 33 26 62 64 35 73 22 99 55 86 90 85 1 21 44 47 103 98 45 52 77
888  71 18 24 70 40 56 5 37 16 12 58 66 88 32 36 54 25 68 43 99 15 90 85 72 8 69 6 103 82 45 89 46
889  42 70 14 5 37 12 0 27 67 93 26 62 13 68 92 86 81 4 98
890  71 40 83 10 80 95 88 23 54 11 73 68 99 90 101 74 1 72 47 69 2 65 45
891  24 70 83 50 9 56 95 78 91 61 66 88 3 63 57 62 13 25 38 34 101 48 74 44 47 6 65 103 102
892  28 83 9 14 87 5 37 16 95 23 3 26 13 38 99 96 34 74 72 21 8 4 6 103 17 7 52
893  28 50 9 5 58 97 30 88 51 64 35 43 86 49 15 81 101 85 44 69 2 17 59 89
894  18 24 70 20 79 56 95 61 0 32 63 33 64 38 22 60 99 34 85 1 8 53 2 82 98 45 52 89 46 102
895  71 24 70 20 56 80 78 66 41 51 62 64 94 60 29 31 74 72 8 4 2 17 45
896  42 40 20 16 95 61 91 12 97 19 88 41 67 26 84 25 99 75 76 86 29 34 15 85 2 6 82 17 59 45 89 46
897  9 56 80 61 27 36 3 62 64 54 25 73 99 76 86 34 15 48 31 44 65 17 45 89 102
898  18 42 50 9 87 16 95 61 12 19 36 51 57 33 26 13 73 75 55 29 15 90 85 74 47 17 46
899  70 28 10 56 91 97 30 0 67 13 75 96 34 101 85 72 53 65 59 77
900  9 58 27 88 100 23 36 3 63 33 84 94 43 99 55 96 34 101 1 72 44 103 82 98 45
901  70 20 83 50 5 37 16 78 61 12 19 0 88 3 54 35 22 21 8 69 2 103 82 7 77
902  18 70 40 28 9 5 61 58 97 66 100 23 63 57 13 54 92 99 76 55 86 96 29 101 48 74 1 4 2 89 77 46 102
903  40 79 9 14 56 95 66 0 32 67 39 63 26 62 13 43 34 101 69 2 65 59 7 102
904  50 87 16 80 91 30 0 67 36 63 57 26 62 84 11 60 75 86 81 48 31 1 2 65 98 46 77
905  71 18 20 37 16 78 91 12 100 93 13 11 75 76 55 29 15 1 72 52
906  71 18 40 50 79 9 56 37 16 80 100 63 33 54 92 43 76 49 34 15 90 85 1 8 44 2 59 89 46 77
907  71 24 20 83 50 5 16 80 95 61 58 97 30 0 41 23 39 93 62 25 92 43 34 101 47 69 4 46
908  42 24 40 83 80 12 58 30 100 32 3 51 93 57 26 62 64 84 38 94 22 92 86 55 34 90 1 72 53 65 17 52 46
909  24 70 83 50 5 91 12 41 67 23 36 63 57 33 13 64 84 73 68 99 96 31 21 53 82 98 52
910  71 70 28 10 37 12 66 0 41 32 39 93 33 26 25 94 35 11 73 92 43 86 29 34 90 1 69 82 17 59 7 102
911  20 87 91 58 66 30 0 100 23 51 93 26 62 25 38 73 68 92 76 55 29 15 101 74 4 45 89 52
912  40 28 9 87 16 97 100 32 36 63 62 64 94 92 60 96 34 15 47 4 65 103 45 89 102
913  18 40 14 5 19 27 88 32 33 26 62 38 55 96 31 72 21 44 4 45 52
914  71 24 70 40 79 9 56 87 80 78 91 12 19 23 39 51 33 11 43 96 15 90 101 74 21 2 6 103 17 59 7 102
915  18 20 9 10 87 5 95 91 19 0 88 100 63 64 84 25 68 49 15 81 101 85 31 69 6 98 89
916  42 28 87 56 91 61 12 0 88 32 36 13 55 34 31 8 44 45
917  42 24 70 40 20 28 79 87 16 80 23 33 64 35 92 75 55 29 90 31 74 72 21 6 103 45 89 46
918  70 9 91 61 0 33 26 54 11 99 76 55 96 34 74 21 2 59 77
919  71 18 24 70 50 9 87 95 97 27 23 3 39 51 13 25 38 11 29 31 1 21 53 4 103 17 45 102
920  71 20 28 16 61 12 30 100 39 64 94 43 75 55 34 101 31 74 44 69 65 82 59 45 7 77
921  18 79 95 78 19 66 30 0 41 100 23 63 26 54 25 22 92 43 99 85 53 69 59 89 102
922  24 28 83 50 5 95 61 30 67 3 51 33 92 60 55 86 15 101 103 45 89 77
923  18 28 83 87 78 66 27 88 51 26 64 84 94 22 60 49 48 1 72 47 2 82 59 98 46 102
924  79 5 41 32 67 63 62 84 73 22 92 99 75 76 96 49 72 21 47 69 4 2 65 77
925  24 40 20 83 79 50 14 61 12 30 41 67 3 51 93 13 11 22 68 76 96 81 85 48 72 4 45
926  71 18 20 79 37 66 0 27 41 32 57 26 13 94 73 101 1 47
927  71 28 50 87 37 95 12 58 30 100 23 39 54 11 22 99 55 96 34 90 72 2 103 98 89 52
928  42 24 10 5 91 61 0 88 67 23 33 64 25 94 73 92 43 49 29 81 101 85 72 8 44 69 4 59 45 52 46 102
929  70 20 79 14 5 37 12 58 97 0 32 36 3 63 93 64 25 38 94 43 76 86 48 1 8 4 59 89 52
930  18 79 56 37 61 66 30 27 39 51 25 35 73 92 76 55 49 90 74 1 4 2 65 59 98
931  71 42 79 9 5 95 91 97 19 30 0 41 100 67 36 63 57 33 84 25 99 34 72 21 8 69 82 98 52 77
932  79 37 91 61 30 100 32 36 51 93 57 62 13 94 96 74 1 72 21 53 47 4 65 52 77 102
933  42 24 70 87 61 97 58 27 88 100 36 93 84 96 90 47 65 17 98 45 77
934  50 9 37 78 97 27 3 63 54 25 38 92 29 15 101 44 103 82 17 59 45 7 52 77
935  71 24 70 50 10 87 37 95 88 41 25 38 94 92 49 101 21 69 7 102
936  24 20 14 37 80 95 78 61 58 30 88 63 33 62 84 38 94 35 73 81 90 101 85 72 8 47 4 6 77 102
937  42 40 56 80 78 27 100 32 67 36 33 64 68 99 55 34 72 21 53 47 6 103 45 89 46
938  37 16 95 78 58 66 30 88 41 100 93 54 84 94 92 99 76 86 31 4 6 82 98 59 102
939  18 40 28 83 50 9 56 16 12 97 41 67 3 39 93 63 33 13 11 73 68 60 55 86 96 15 81 90 8 69 6 45 89
940  42 70 28 83 9 12 58 30 27 41 32 23 39 51 63 84 43 99 55 96 34 90 31 44 53 47 4 82 17 59 98 46
941  5 80 95 19 41 100 32 23 36 51 33 62 35 11 73 75 49 74 53 47 69 4 65 98 52 77 102
942  83 50 14 95 97 66 36 3 51 63 94 35 43 60 29 90 48 85 1 103 59 89 102
943  71 20 28 83 79 10 37 61 91 58 88 41 67 51 94 35 68 92 60 75 76 86 55 49 29 101 74 1 47 17 77 46
944  24 9 87 56 91 66 0 63 33 26 54 25 73 22 90 48 8 65 82 59 52
945  71 40 95 61 36 63 64 54 49 74 47 103 89 52 77 102
946  71 24 14 16 78 12 58 41 67 57 38 11 43 60 99 86 29 34 101 48 85 44 47 103 45
947  71 83 50 9 87 37 16 91 61 12 58 19 66 30 27 88 41 51 62 35 73 22 68 29 90 31 72 2 6 65 82 59 52
948  70 28 37 16 80 97 30 88 67 3 93 57 33 64 54 35 11 68 92 96 85 72 21 53 69 4 6 89 77 102
949  24 40 37 16 80 27 100 32 36 13 64 38 43 55 49 29 34 15 101 48 85 1 47 6 45 52 46 102
950  70 28 79 10 87 78 12 19 88 51 62 11 22 75 76 55 86 34 81 72 8 44 47 6 7 52 77 46
951  18 83 9 14 5 37 80 95 91 12 97 27 88 100 23 36 3 33 26 13 64 99 15 1 21 53 4 2 65 103 17 7 52 46 77
952  18 42 40 28 83 79 9 91 97 19 66 30 0 41 51 25 38 35 11 73 68 92 75 85 72 44 47 4 7 77 46
953  71 24 40 83 50 16 95 78 97 41 100 32 26 62 13 25 38 22 43 99 76 55 86 29 81 90 74 21 8 53 69 98 89
954  70 83 87 56 37 58 67 93 84 22 60 55 81 101 74 21 69 2 6 52 46
955  42 24 20 50 87 80 58 30 88 23 63 93 57 26 68 55 96 49 15 48 85 72 21 8
956  40 20 28 50 79 37 78 100 32 36 63 57 26 84 38 94 68 60 76 96 85 74 72 59 89 102
957  18 50 61 97 100 23 36 33 26 62 54 84 35 73 60 29 15 31 74 8 44 2 17 59 98 45 7 77 102
958  24 70 20 50 14 95 61 0 41 100 36 63 57 25 38 15 101 74 21 44 47 69 65 82
959  71 42 20 9 10 61 97 27 88 41 100 36 26 13 84 11 73 22 68 60 75 55 96 49 81 85 31 1 72 103 89 77
960  20 83 50 9 16 95 58 66 88 41 36 63 57 54 84 38 73 60 99 55 74 1 21 8 4 98 89 46
961  83 14 56 12 30 88 67 23 36 3 63 93 62 25 11 73 68 43 75 55 49 29 48 31 21 44 69 6 103 82 17 7 89
962  24 50 37 80 61 58 88 63 93 13 11 73 22 68 43 75 15 90 48 31 74 1 21 8 2 59 98 77
963  71 18 24 28 10 5 16 91 97 63 26 54 84 11 99 75 86 21 44 53 47 4 2 6 82 17 59 45 77 46
964  42 24 87 37 78 61 100 67 62 84 73 22 55 96 34 101 48 1 44 47 69 98 77 102
965  18 42 40 79 14 87 56 5 80 95 12 66 30 67 51 64 54 84 25 38 94 60 75 76 96 29 81 90 101 31 21 4 65 82 17 89 46 102
966  70 28 79 9 56 95 91 66 23 3 54 99 55 34 21 4 46 77
967  10 56 37 91 58 66 30 0 27 88 23 39 63 57 33 94 73 68 92 86 29 85 2 102
968  42 24 70 20 83 79 9 14 10 87 67 36 13 64 84 11 43 15 85 4 2 65 52
969  18 79 50 14 10 5 80 58 66 27 100 3 39 51 93 54 84 94 11 22 76 55 29 15 81 90 101 48 85 8 53 2 6 17 59 102
970  83 56 95 91 12 100 32 36 3 39 26 35 68 96 49 90 101 21 8 69 4 17 52 77 102
971  24 70 50 79 10 56 5 16 30 27 32 67 93 57 33 13 84 25 60 76 96 29 90 1 72 53 69 103 17 7 46 102
972  71 20 83 87 16 61 12 100 51 26 62 15 81 1 44 4 65 82 89
973  71 42 10 56 5 16 91 97 23 36 63 93 62 64 73 75 1 8 53 103 45 7 89 77 46
974  18 20 83 5 80 95 78 97 58 66 41 62 11 75 86 15 85 48 31 74 72 44 69 65 103 52
975  40 87 37 91 58 67 3 93 33 64 35 43 55 15 81 90 85 31 74 1 72 53 2 6 17 59
976  71 24 40 83 50 10 87 80 95 36 33 26 92 76 49 85 21 8 44 2 65 59 98 89
977  20 87 5 78 91 61 58 30 67 36 39 93 57 26 62 64 11 92 75 90 72 69 2 65 82
978  71 18 70 83 79 50 9 14 10 37 97 27 88 3 26 62 49 15 81 85 44 53 69 4 2 6 103 82 89 52
979  28 50 16 80 61 91 66 41 67 3 51 93 63 33 62 13 64 25 73 68 90 31 72 44 2 17 7 89 52 77
980  18 70 79 5 78 27 32 36 57 54 22 68 75 55 101 48 17 59 89 77
981  70 40 28 50 14 56 95 32 23 39 93 26 62 54 84 25 11 68 75 55 34 21 69 4 98 46
982  42 70 50 95 91 58 100 32 3 62 64 84 60 75 76 86 96 81 74 1 47 6 65 103 77
983  71 50 78 91 12 19 32 54 38 11 92 43 60 86 15 81 74 1 72 53 2 7 52 77
984  18 14 56 66 30 32 3 51 93 33 60 81 1 72 44 103 17
985  24 28 83 14 5 37 97 19 66 30 0 26 62 13 64 25 68 76 55 86 96 49 48 31 53 69 4 103 82 45 89 52 102
986  20 28 56 95 78 97 19 3 63 13 38 22 86 34 90 101 74 47 6 103 17 59 52
987  70 50 97 66 27 67 3 26 13 54 11 68 75 76 34 48 31 4 2 89 52 77
988  71 24 40 20 28 83 50 37 61 97 27 88 67 63 57 33 73 60 76 49 90 85 31 1 44 4 65 103 17 98 52 102
989  18 40 28 50 16 91 58 27 41 67 23 51 33 62 25 35 60 49 29 81 101 74 47 46 102
990  71 40 28 83 5 80 91 61 97 66 30 27 3 39 64 25 22 29 34 15 90 48 69 4 2 59
991  24 28 50 14 78 91 30 0 67 36 39 93 33 84 60 75 86 96 81 101 69 65 98 45 77
992  18 42 40 20 14 10 16 91 58 88 100 67 39 63 68 92 60 76 86 49 34 81 85 48 1 21 53 47 69 4 65 103
993  28 9 10 37 80 78 61 19 88 32 67 57 26 35 11 22 99 55 81 90 101 85 1 53 69 2 103 65 59 89
994  83 14 56 5 12 19 30 88 36 3 39 51 57 33 84 25 73 22 43 99 75 96 85 21 53 47 69 2 65 82 7 102
995  28 5 12 27 88 57 94 92 60 75 55 86 96 49 15 81 85 4 65 59 89 52
996  71 24 20 50 87 80 95 61 97 58 66 100 36 3 63 57 33 26 13 25 92 99 75 49 29 34 15 101 74 72 6 103 65 77 102
997  71 18 42 24 20 28 50 9 37 16 58 100 36 64 76 34 74 72 47 69 6 98 52
998  70 83 79 87 95 12 66 30 0 88 41 36 51 57 33 64 84 35 73 43 76 96 15 81 90 44 69 4 59 89 46 77
999  70 40 83 9 14 10 16 58 32 51 63 33 84 22 60 75 49 34 101 48 31 1 47 6 65 82 17 98 46
