22 10.834783 59.850113 31126 0.227 1
6 10.771452 59.92216 148932 0.35 1
57 10.777976 59.93252 270063 1.0 6
81 10.805536 59.89454 32526 0.835 1
33 10.724042 59.948326 137901 0.302 1
40 10.838383 59.943695 270754 0.302 1
49 10.75105 59.92082 154164 0.47 1
38 10.910748 59.95276 195912 0.612 1
10 10.938835 59.94735 19257 0.518 1
58 10.802184 59.89594 263097 0.0 2
42 10.820636 59.9108 34439 0.969 1
4 10.791515 59.91078 282708 0.0 2
11 10.675137 59.951317 305987 0.377 1
86 10.869098 59.95256 213466 0.56 1
65 10.843213 59.883156 268349 0.761 1
37 10.878253 59.94744 214704 0.407 2
1 10.711601 59.920135 8160 0.155 1
8 10.809289 59.942017 124257 0.687 13
45 10.725565 59.95009 3264 0.058 1
36 10.641824 59.96222 54605 0.241 1
79 10.759943 59.922276 147515 0.776 1
51 10.839756 59.893288 266562 0.295 1
20 10.744123 59.935436 163643 0.428 1
21 10.728586 59.92634 10141 0.89 2
23 10.814699 59.8978 75261 1.0 5
74 10.757907 59.92728 27792 0.593 2
63 10.810868 59.91152 4582 0.545 2
80 10.705449 59.942627 219661 1.0 1
31 10.777189 59.914482 312006 0.4 3
39 10.789926 59.90156 261864 1.0 10
17 10.819679 59.87934 321755 0.78 2
35 10.709249 59.918076 8002 0.344 2
5 10.749913 59.928543 154175 0.572 3
47 10.800829 59.916603 273099 0.18 1
84 10.860629 59.93274 157384 0.041 1
72 10.843731 59.922684 241228 0.296 1
67 10.750799 59.949764 262895 0.367 1
34 10.845086 59.924953 241306 0.471 1
16 10.684491 59.93768 34559 0.767 1
61 10.851198 59.927536 188191 0.542 2
64 10.806563 59.871395 190635 0.213 1
82 10.810578 59.92747 66502 0.119 1
78 10.843282 59.883244 268349 0.556 1
53 10.833225 59.94406 66918 0.42 6
52 10.777939 59.947975 37030 0.499 1
27 10.63613 59.921432 265097 0.568 1
18 10.660262 59.929356 261753 0.133 1
24 10.81071 59.875343 26311 0.673 10
70 10.88533 59.95944 196998 0.582 1
83 10.826268 59.93578 284111 0.154 3
