13 10.761304 59.925606 225814 1.0 7
60 10.727531 59.921112 221646 1.0 1
78 10.716252 59.915028 307024 1.0 1
8 10.740468 59.90999 8284 1.0 2
93 10.759216 59.913177 100952 1.0 1
106 10.748508 59.914383 56534 0.0 1
65 10.730688 59.925728 267660 1.0 3
41 10.765417 59.9361 297152 0.0 2
54 10.759323 59.924618 295076 1.0 1
30 10.722809 59.941746 14250 1.0 2
80 10.734674 59.913185 289144 1.0 1
87 10.757499 59.91431 1432 1.0 2
24 10.720957 59.94016 14222 0.0 1
72 10.750322 59.916332 290754 1.0 4
9 10.746861 59.911022 13644 1.0 1
79 10.72885 59.913303 195704 1.0 2
38 10.763591 59.93355 84930 1.0 5
77 10.740468 59.90999 8284 1.0 1
18 10.783757 59.907532 81393 0.369 1
110 10.739369 59.915146 45194 1.0 1
64 10.715439 59.927834 16256 0.0 1
33 10.751016 59.9277 898 0.0 8
46 10.749587 59.914623 23736 1.0 1
111 10.751691 59.914196 23688 1.0 3
113 10.758399 59.923176 151316 1.0 1
19 10.749292 59.92812 308578 0.0 2
50 10.7405 59.91809 306632 1.0 1
6 10.756601 59.91366 217742 1.0 1
118 10.758146 59.923176 151312 1.0 1
14 10.773388 59.912853 7338 1.0 2
101 10.757277 59.92008 295486 1.0 2
43 10.754212 59.917557 308456 0.0 13
22 10.727439 59.91094 196474 1.0 13
25 10.757321 59.923462 295320 1.0 3
1 10.759188 59.92197 295152 1.0 1
67 10.76689 59.928837 297318 1.0 23
5 10.742579 59.91567 112444 1.0 1
49 10.74944 59.916718 1552 1.0 3
117 10.755211 59.91954 1251 0.822 4
96 10.748508 59.914383 56534 0.0 1
32 10.724316 59.941223 14204 0.0 1
35 10.715753 59.928814 227576 1.0 4
23 10.727181 59.909706 44766 1.0 1
11 10.742366 59.913048 105934 1.0 1
15 10.757226 59.919636 295472 0.0 15
114 10.758028 59.923153 151310 1.0 1
119 10.758028 59.923153 151310 1.0 1
10 10.743802 59.912144 107252 1.0 1
102 10.725649 59.9332 327866 1.0 11
91 10.740468 59.90999 8284 1.0 1
