0 111 379 91 186 382 232 234 274 
1 111 186 91 325 379 274 
2 186 295 379 368 127 274 
3 11 274 234 
4 86 111 234 274 325 
5 24 86 186 274 
6 234 11 184 86 368 274 127 91 148 
7 317 368 324 261 234 0 274 
8 148 324 11 86 184 295 91 0 274 
9 379 86 274 184 295 127 0 317 261 
10 91 186 317 379 184 
11 256 86 195 324 
12 234 317 91 274 24 111 11 
13 24 261 86 148 379 
14 195 274 91 295 325 86 232 
15 91 111 184 379 195 295 112 86 50 11 
16 0 186 148 232 274 379 382 86 
17 0 24 148 261 91 184 234 379 186 
18 0 91 368 382 274 11 
19 325 234 127 
20 382 148 274 184 234 186 379 
21 261 91 295 368 11 
22 274 324 24 11 
23 0 232 317 379 368 
24 127 195 0 324 184 256 11 86 274 
25 148 195 379 274 368 256 
26 24 186 317 0 261 274 379 
27 261 274 325 86 148 112 
28 325 184 274 195 317 91 
29 274 232 186 256 
30 295 186 91 112 261 382 234 317 
31 274 91 379 86 186 11 
32 0 195 148 234 112 184 274 295 379 
33 0 295 186 261 
34 274 256 24 127 
35 274 324 295 379 
36 317 86 324 195 295 325 
37 234 86 256 379 
38 11 112 232 91 86 186 317 379 274 
39 0 234 379 274 232 148 382 11 
40 324 
41 0 86 11 
42 274 111 232 368 379 184 
43 0 261 379 11 317 24 148 
44 379 295 324 
45 317 274 
46 274 295 324 
47 86 325 379 368 195 24 0 11 
48 234 379 86 325 
49 324 184 127 261 274 379 11 295 
50 274 379 91 317 186 11 295 
51 186 232 24 325 234 317 379 
52 0 112 86 186 24 274 184 
53 195 91 274 
54 317 324 111 
55 379 91 0 184 295 86 148 
56 0 86 91 184 379 368 
57 0 368 325 186 
58 148 256 232 234 274 379 
59 112 148 
60 379 186 127 11 274 
61 86 186 91 379 324 111 368 
62 24 111 382 195 325 379 11 184 86 
63 186 91 261 274 295 256 
64 0 234 295 261 324 
65 86 382 195 274 
66 184 186 317 127 91 379 261 
67 274 112 
68 86 234 274 
69 232 274 186 295 184 324 127 
70 50 91 379 
71 274 379 325 186 148 184 
72 234 86 317 379 
73 234 111 261 325 232 
74 0 11 91 234 379 
75 11 232 379 274 
76 274 
77 127 86 112 148 
78 195 91 232 274 317 86 234 11 
79 317 232 91 325 
80 382 234 274 111 324 
81 0 256 11 112 295 86 232 111 368 
82 86 274 325 
83 0 86 234 274 325 91 261 
84 256 24 186 317 91 261 379 382 0 
85 86 234 91 274 
86 0 148 186 379 11 
87 24 111 232 324 234 148 
88 184 368 379 11 274 234 
89 261 50 274 234 317 11 24 
90 274 
91 24 379 317 86 232 
92 148 317 379 325 232 
93 368 379 24 382 274 86 91 
94 148 274 86 
95 127 274 91 24 86 186 
96 232 
97 382 274 0 195 184 91 
98 0 325 127 274 148 
99 256 186 295 382 
100 261 184 186 325 
101 0 86 295 382 368 
102 256 148 274 
103 91 148 379 195 382 50 274 261 317 
104 274 379 148 112 317 91 0 
105 232 234 91 11 148 295 
106 234 232 274 91 
107 86 186 111 256 91 
108 112 11 256 232 0 274 
109 234 0 
110 256 91 127 184 86 379 24 
111 184 325 324 368 186 86 148 
112 0 325 379 274 195 186 
113 274 24 232 86 195 186 
114 325 11 379 91 274 184 368 
115 295 274 148 184 
116 11 112 232 325 
117 112 148 274 234 11 232 
118 186 274 295 261 
119 91 0 379 112 195 148 
120 274 317 368 11 
121 86 184 274 
122 0 91 184 186 379 
123 24 379 274 324 195 368 91 
124 91 274 
125 232 91 274 
126 274 11 368 91 325 379 
127 0 186 325 86 232 234 295 24 256 
128 274 112 
129 24 295 11 232 86 148 
130 24 86 274 
131 295 0 86 112 256 
132 24 261 232 274 379 324 
133 186 295 317 127 
134 24 234 91 274 148 
135 0 127 234 317 24 325 184 274 295 
136 91 
137 186 24 317 379 195 127 368 
138 0 11 86 274 127 
139 112 24 184 186 
140 91 148 274 86 317 379 324 325 
141 11 379 325 
142 0 317 195 379 274 148 
143 86 184 186 11 
144 382 324 317 148 379 
145 256 324 379 
146 379 234 11 184 274 
147 232 195 274 379 184 186 
148 232 274 184 256 295 
149 324 274 382 112 24 261 
150 86 261 274 91 24 184 
151 186 274 91 195 
152 379 112 184 195 91 
153 186 274 11 86 50 
154 11 368 234 0 324 111 
155 261 317 91 274 
156 295 11 186 324 86 274 
157 261 127 317 256 274 
158 11 324 232 86 24 274 
159 195 232 274 
160 0 112 86 11 274 
161 261 91 86 184 232 274 
162 324 50 325 379 86 127 
163 186 24 379 91 111 195 
164 379 86 274 186 
165 50 232 86 
166 91 
167 0 11 86 368 256 
168 274 91 112 379 24 184 11 
169 112 317 379 234 324 86 186 
170 234 274 317 91 
171 184 186 11 324 
172 0 324 274 86 
173 186 127 274 
174 295 256 91 274 317 
175 274 234 24 368 
176 24 111 148 195 234 
177 0 317 379 86 325 91 324 
178 184 379 86 274 195 148 186 
179 274 186 86 91 317 11 
180 91 184 382 274 
181 86 11 317 261 274 24 
182 148 112 24 274 325 379 
183 50 0 11 368 24 186 274 
184 0 261 317 86 274 256 
185 379 112 186 232 148 91 
186 0 186 234 127 256 274 295 91 
187 86 368 11 382 295 274 
188 0 184 256 379 274 111 325 
189 11 127 274 295 
190 274 111 186 382 
191 274 86 91 
192 91 11 
193 0 261 256 
194 0 91 382 86 274 
195 0 112 317 295 379 86 184 
196 0 91 112 232 186 274 
197 0 232 274 324 186 
198 86 24 148 274 
199 0 91 186 86 184 368 
200 317 112 261 148 186 195 274 127 
201 382 148 24 261 
202 111 186 86 195 91 274 
203 86 274 234 379 
204 184 379 325 0 186 274 
205 261 274 234 86 325 50 317 
206 184 368 274 295 317 86 148 
207 186 317 368 295 11 274 
208 111 325 112 295 
209 232 317 91 186 
210 91 112 368 274 
211 0 111 324 127 379 91 
212 111 368 86 
213 0 379 91 295 234 184 186 
214 111 91 274 
215 91 50 195 324 184 234 
216 11 186 24 0 
217 379 112 317 232 186 
218 274 186 368 382 317 148 232 379 11 261 
219 261 86 111 325 112 295 186 0 
220 0 148 274 112 234 111 379 
221 186 91 261 11 232 24 
222 317 186 325 232 195 
223 0 11 256 368 295 379 
224 368 232 112 
225 0 379 112 274 24 
226 11 0 379 317 
227 0 379 324 
228 274 86 261 295 24 186 
229 379 274 186 256 368 
230 295 86 0 274 
231 0 295 86 274 232 91 11 
232 91 274 24 112 111 
233 86 256 186 
234 325 184 186 382 86 91 111 256 
235 11 274 111 86 
236 0 274 112 261 295 
237 111 127 274 86 
238 148 274 24 234 111 195 
239 148 186 91 274 86 379 
240 0 112 379 184 261 
241 184 86 274 317 11 50 234 
242 86 379 184 274 
243 186 295 
244 50 91 186 86 148 379 
245 0 261 184 379 317 274 
246 11 234 91 186 232 24 112 324 
247 274 0 379 24 
248 234 50 379 368 
249 232 186 261 86 91 274 
250 325 184 274 234 261 317 111 
251 0 274 261 317 379 
252 317 274 368 295 
253 186 232 
254 195 11 184 91 
255 274 368 91 317 
256 91 368 148 
257 186 86 261 274 
258 11 379 256 0 
259 91 274 324 379 86 
260 111 261 274 148 368 186 295 91 
261 184 86 91 274 112 0 234 186 232 
262 0 148 186 86 261 184 127 
263 0 274 86 184 
264 0 379 256 382 234 
265 148 195 11 274 368 
266 379 148 274 234 127 184 
267 274 91 111 11 295 
268 91 274 24 86 11 
269 0 11 24 112 325 195 91 186 232 
270 325 232 50 127 148 317 112 
271 274 11 234 256 195 
272 0 256 112 24 184 195 86 186 274 
273 91 112 317 274 234 
274 379 256 295 91 
275 232 379 382 274 
276 184 86 186 256 379 
277 379 324 91 232 
278 295 50 
279 274 261 86 379 184 256 111 382 
280 186 274 91 
281 50 148 186 234 232 
282 274 195 256 317 148 
283 0 324 91 186 234 256 
284 379 127 232 186 
285 86 91 295 0 324 127 
286 24 11 379 91 127 195 
287 234 232 
288 379 86 274 317 195 
289 11 86 184 324 
290 24 50 382 186 274 234 86 
291 0 234 274 86 382 184 
292 186 325 
293 86 232 256 
294 0 274 232 91 234 186 
295 324 368 234 317 379 11 295 
296 0 379 148 234 184 295 91 
297 148 234 11 91 127 112 274 
298 
299 86 186 232 
300 368 195 186 261 295 
301 295 274 0 50 
302 127 148 368 274 232 111 184 
303 195 274 379 86 
304 86 274 184 186 325 91 
305 0 24 324 274 368 91 
306 148 112 232 
307 295 261 111 368 186 91 232 
308 184 195 91 317 368 
309 368 274 324 
310 11 256 274 234 
311 379 24 274 382 
312 111 184 274 195 186 232 
313 0 295 379 148 261 274 325 
314 184 325 
315 0 234 148 325 317 
316 111 0 186 324 379 127 148 24 274 184 
317 0 86 274 24 368 
318 86 256 295 186 232 325 
319 379 86 184 325 
320 325 368 24 111 86 186 184 
321 86 274 195 368 184 379 
322 232 274 184 
323 256 11 91 261 
324 234 86 
325 0 86 91 24 274 295 379 
326 11 317 
327 274 261 186 379 317 232 
328 0 24 261 112 317 379 325 
329 86 256 274 368 325 
330 11 274 184 234 324 86 232 
331 382 195 184 232 24 11 112 274 186 261 
332 195 234 50 11 274 325 
333 91 274 
334 0 186 232 261 195 11 
335 0 91 11 184 232 
336 0 24 186 256 295 127 274 
337 111 24 86 295 325 368 
338 86 24 91 184 148 186 112 
339 127 317 184 86 274 91 
340 127 50 186 184 317 382 
341 0 195 324 184 
342 186 195 0 232 274 295 
343 0 274 186 86 184 317 256 
344 274 86 186 0 379 
345 86 274 24 184 91 
346 24 112 91 184 261 
347 0 295 91 274 86 379 111 324 11 256 195 
348 184 24 261 112 368 274 
349 0 91 195 274 24 
350 184 274 86 11 261 232 111 
351 50 379 186 91 
352 0 
353 232 274 91 317 186 368 
354 274 184 295 325 
355 256 382 261 
356 127 86 295 
357 0 186 148 234 274 11 295 
358 274 91 50 0 
359 0 148 379 324 274 
360 379 91 232 24 86 234 
361 274 382 148 186 86 24 0 
362 379 325 382 274 0 232 
363 0 232 86 184 186 
364 0 112 379 186 234 111 184 317 368 
365 232 379 111 261 184 295 0 
366 325 86 186 127 274 
367 232 186 11 382 0 112 274 256 
368 184 274 0 186 324 
369 234 274 184 50 86 186 382 0 256 379 
370 234 186 324 274 91 232 
371 0 24 11 186 184 274 368 
372 274 24 50 0 86 
373 295 186 
374 317 148 86 91 
375 0 274 
376 295 111 
377 184 256 186 379 111 91 
378 0 11 317 256 274 86 91 379 
379 86 274 317 24 324 295 0 
380 0 368 256 186 111 195 274 232 
381 0 91 11 261 86 
382 0 274 379 91 111 256 86 382 
383 234 127 232 0 86 
384 91 86 0 256 
385 24 86 234 0 
386 379 325 186 24 
387 0 91 256 11 24 261 379 186 
388 86 274 234 317 
389 127 184 232 
390 368 379 11 317 148 295 91 274 184 0 
391 0 274 148 261 324 86 184 186 379 
392 0 86 186 256 274 317 
393 0 24 86 317 
394 11 86 256 232 274 325 379 
395 112 234 379 86 
396 0 127 325 274 
397 274 91 111 234 186 256 382 184 379 
398 0 86 148 274 256 379 
399 0 86 186 232 11 
400 274 11 186 86 379 
401 0 274 
402 91 274 112 324 0 127 379 
403 274 195 379 86 112 111 186 
404 184 325 317 86 11 186 234 
405 148 274 11 86 
406 0 232 274 86 
407 11 382 234 274 91 
408 50 148 274 382 
409 0 184 274 232 
410 274 
411 91 295 317 
412 148 186 256 274 91 
413 0 11 86 256 186 274 234 91 295 
414 382 186 368 256 261 24 91 379 86 111 
415 127 274 86 232 186 
416 234 91 295 112 111 368 
417 24 186 86 274 11 
418 379 186 274 382 11 91 
419 86 256 11 
420 195 256 148 261 274 
421 127 91 274 186 295 379 86 
422 11 0 
423 0 186 234 24 
424 274 86 195 186 
425 382 86 186 
426 261 11 24 325 86 91 148 274 
427 148 256 234 24 0 50 
428 91 186 274 317 379 184 382 
429 317 186 274 91 112 
430 0 24 186 368 295 274 379 86 232 
431 148 274 234 317 24 295 184 
432 0 368 274 317 
433 256 91 379 111 
434 111 195 112 
435 379 148 91 
436 0 86 195 274 295 24 261 
437 0 234 184 382 256 325 
438 0 112 111 325 274 186 86 
439 325 274 127 
440 324 86 148 382 256 274 368 
441 256 195 11 86 111 379 382 
442 274 91 317 325 
443 112 86 91 274 379 256 
444 0 86 274 91 11 184 
445 261 186 325 0 274 86 
446 91 325 368 0 261 24 
447 91 325 256 
448 324 24 186 274 11 
449 274 325 11 91 
450 0 148 379 382 
451 0 274 195 317 86 
452 234 382 274 379 
453 112 368 11 184 86 
454 261 11 86 112 91 295 
455 317 232 
456 274 232 379 368 
457 184 234 295 274 317 
458 186 86 232 274 91 
459 0 317 91 24 261 379 186 382 11 
460 112 274 186 24 
461 0 86 24 274 379 317 295 148 195 
462 0 274 127 
463 379 261 24 295 
464 112 186 24 86 184 
465 0 11 50 112 274 232 
466 325 195 24 324 86 
467 0 11 379 24 50 261 274 234 
468 127 234 325 86 148 232 274 
469 274 184 0 
470 261 256 379 112 
471 0 274 86 91 379 11 
472 127 274 91 195 
473 232 317 91 195 274 368 24 
474 368 24 
475 111 232 24 11 274 91 295 
476 274 148 261 24 368 
477 186 91 261 0 256 184 274 
478 317 86 274 184 195 368 256 
479 127 91 379 368 112 0 184 232 
480 0 186 324 379 232 274 
481 184 274 91 379 295 317 24 86 
482 91 261 295 
483 24 379 186 368 91 274 382 127 
484 379 86 274 184 382 234 
485 274 317 11 86 295 
486 256 274 50 127 324 261 11 184 
487 261 86 127 111 295 232 
488 127 148 86 186 
489 324 11 86 274 379 
490 0 295 379 274 
491 379 234 274 324 148 24 
492 86 127 368 274 317 325 148 
493 256 274 317 195 
494 195 295 24 379 91 317 325 
495 112 111 295 
496 86 368 295 261 232 324 
497 0 86 186 368 295 91 325 24 184 11 379 
498 186 148 184 
499 91 148 186 379 86 184 261 
500 24 127 261 324 91 
501 324 261 111 379 184 
502 317 86 195 112 148 274 
503 184 86 
504 0 91 111 325 274 
505 0 86 112 382 
506 184 111 112 232 274 186 317 
507 24 195 0 379 274 
508 195 91 368 86 
509 50 232 324 261 91 274 
510 0 148 382 379 317 195 274 
511 274 112 317 195 86 148 
512 148 195 232 234 274 
513 0 295 261 
514 325 148 86 11 274 
515 325 368 186 
516 24 186 11 232 
517 0 274 232 
518 0 274 186 368 325 
519 91 232 379 295 274 325 186 
520 325 186 295 184 274 
521 368 112 184 186 
522 256 91 379 112 184 261 274 86 
523 261 324 382 186 
524 86 
525 91 379 325 112 274 0 186 
526 274 261 11 325 186 
527 0 184 232 274 195 295 148 
528 195 86 274 234 
529 324 232 111 86 184 
530 0 86 256 274 11 24 195 
531 0 195 274 
532 86 111 379 127 186 
533 274 325 234 184 186 
534 0 234 274 112 186 
535 261 232 274 11 186 184 
536 0 148 186 261 379 11 368 274 
537 274 325 
538 186 274 112 148 
539 195 112 186 274 
540 127 186 382 274 86 112 
541 0 274 382 11 184 127 
542 295 112 186 11 86 274 91 148 
543 234 195 274 
544 295 317 
545 325 379 111 127 256 382 86 368 
546 324 91 111 
547 295 317 186 274 
548 148 295 324 261 186 234 382 86 
549 368 86 
550 11 112 91 24 261 
551 112 195 274 234 368 
552 186 195 274 11 234 368 
553 86 195 261 382 274 
554 274 
555 11 295 184 274 256 379 24 234 382 
556 0 186 148 295 24 11 
557 274 368 24 50 186 256 0 
558 324 325 148 232 274 379 11 
559 86 195 11 261 
560 91 127 379 295 317 24 
561 0 186 232 317 256 379 
562 274 
563 112 86 11 379 232 295 274 
564 195 148 
565 50 274 186 
566 0 195 379 274 325 
567 186 11 86 
568 91 232 111 234 195 186 0 
569 112 184 91 186 274 
570 379 274 127 24 
571 234 324 368 0 325 186 86 195 112 
572 111 274 324 184 11 
573 112 24 91 261 317 
574 382 274 127 325 91 112 
575 0 24 186 261 91 86 
576 274 184 148 111 317 
577 325 24 274 232 
578 274 86 91 325 
579 184 111 368 127 11 232 
580 234 232 274 127 295 195 184 
581 317 234 
582 274 11 382 
583 195 295 86 234 
584 0 295 86 148 274 
585 184 379 325 11 274 
586 0 91 195 
587 0 127 
588 184 379 232 274 148 324 
589 195 274 0 112 
590 0 91 186 112 324 379 232 
591 11 91 0 325 186 112 324 274 
592 186 195 274 0 
593 0 11 111 256 148 86 
594 148 11 195 234 261 379 274 
595 325 86 274 256 186 195 
596 274 86 184 
597 368 379 184 
598 11 324 148 86 91 379 
599 11 186 274 382 
600 24 112 274 261 91 
601 86 186 382 274 184 0 
602 112 11 184 195 
603 234 127 91 325 11 
604 112 232 256 86 186 
605 148 86 261 
606 0 261 86 111 
607 127 195 261 148 274 186 24 0 256 
608 274 317 325 295 
609 382 274 127 324 
610 0 112 368 195 274 
611 112 317 274 86 
612 148 325 382 186 
613 324 111 
614 274 127 295 
615 184 91 274 186 
616 274 127 186 
617 0 148 256 261 11 
618 184 379 91 261 368 24 
619 0 186 127 
620 148 261 274 368 184 
621 0 274 50 317 112 86 
622 0 112 127 195 274 86 
623 0 91 317 186 379 382 111 274 
624 317 186 261 86 
625 186 91 24 325 
626 86 379 24 
627 195 112 274 127 
628 234 184 274 317 379 
629 86 195 325 
630 274 91 317 186 
631 274 86 11 325 
632 274 195 91 186 50 
633 274 317 295 11 
634 0 186 274 295 
635 0 232 368 127 195 112 261 379 
636 24 112 148 111 184 86 379 
637 11 325 256 261 86 111 
638 0 274 127 91 379 
639 184 148 186 274 
640 0 232 86 148 274 382 186 
641 11 91 186 379 382 86 
642 0 295 195 274 184 148 
643 0 186 11 274 
644 91 184 234 325 256 274 
645 256 261 232 295 379 86 
646 0 295 317 186 382 274 184 379 325 
647 86 127 186 148 50 
648 0 368 256 195 91 
649 11 195 184 186 379 
650 274 86 234 295 186 379 
651 11 368 186 274 148 24 234 91 256 
652 11 184 324 50 
653 0 261 324 184 186 50 382 111 325 368 24 274 
654 379 295 
655 0 295 274 232 325 186 
656 256 195 127 368 274 
657 274 112 382 195 24 295 184 11 
658 127 232 148 261 
659 379 50 0 
660 195 234 379 112 
661 86 295 91 232 195 0 256 324 379 
662 295 274 0 86 11 186 379 
663 195 86 379 274 186 
664 50 148 184 256 274 295 379 0 
665 325 232 379 274 
666 112 24 0 274 
667 184 86 274 324 379 186 127 
668 11 274 24 148 232 382 184 
669 184 186 24 234 
670 274 24 91 
671 186 325 111 0 112 256 
672 11 195 274 0 
673 86 274 91 261 184 0 
674 0 11 
675 148 184 232 261 195 274 11 
676 11 274 234 186 325 0 111 
677 186 274 11 317 195 368 127 
678 186 86 91 50 24 11 
679 0 382 261 274 127 111 
680 86 91 11 184 
681 184 50 86 111 325 112 261 
682 111 256 127 186 
683 24 
684 11 127 379 274 368 
685 195 256 112 274 295 86 
686 274 184 11 111 317 112 234 186 
687 0 11 112 274 379 232 24 86 
688 91 184 86 
689 86 274 24 184 
690 256 317 0 11 195 91 261 324 325 
691 0 368 234 127 184 274 
692 86 
693 274 11 
694 24 274 
695 0 24 379 127 148 
696 382 91 112 
697 186 274 24 0 86 382 
698 195 50 274 86 
699 325 186 
700 186 91 127 
701 111 186 232 50 184 274 
702 195 234 274 184 325 295 86 232 
703 91 261 379 
704 274 186 86 368 
705 11 91 86 186 379 274 
706 184 148 274 111 
707 148 382 379 111 261 184 0 274 
708 274 127 261 324 186 
709 0 184 112 11 148 379 382 
710 0 184 274 325 148 
711 11 86 186 274 
712 0 379 261 112 111 256 
713 186 261 274 295 
714 184 91 324 186 
715 186 24 368 379 184 
716 0 11 274 
717 232 234 324 111 325 86 11 
718 0 111 91 186 
719 274 11 184 
720 0 324 86 274 368 184 91 24 186 
721 0 86 274 232 11 256 91 
722 256 232 379 274 
723 0 11 111 234 86 148 256 295 
724 0 86 186 325 
725 186 317 148 0 295 274 127 
726 91 11 317 112 86 261 232 
727 274 186 184 0 86 295 112 
728 368 295 232 256 
729 0 148 317 368 274 232 261 
730 186 256 
731 261 195 148 
732 195 324 184 11 379 
733 11 
734 0 256 195 274 379 232 
735 0 382 379 195 274 325 234 86 
736 50 86 379 24 274 127 
737 295 50 325 274 11 368 186 195 261 317 
738 0 184 232 274 379 
739 195 24 112 184 368 
740 256 379 91 
741 112 127 317 184 
742 0 86 24 186 274 
743 0 86 148 274 111 
744 0 11 
745 186 256 91 0 232 112 
746 186 379 184 111 295 
747 274 184 
748 0 184 256 232 379 91 11 86 195 368 
749 86 148 24 127 11 234 
750 184 317 86 368 
751 111 379 274 86 11 
752 379 184 186 91 256 
753 184 274 91 195 
754 11 186 86 274 232 
755 0 24 195 274 325 186 379 86 
756 234 379 186 368 
757 0 186 379 148 325 127 
758 232 325 379 261 274 91 184 295 11 
759 86 112 274 379 382 127 
760 295 274 86 184 
761 50 86 111 186 256 
762 0 325 368 
763 379 295 24 111 317 
764 186 86 368 11 274 24 325 379 
765 91 184 186 232 11 
766 274 186 112 
767 11 295 
768 184 86 148 186 256 
769 184 295 91 382 
770 325 295 
771 86 274 24 186 0 
772 274 112 24 382 186 
773 0 86 379 
774 111 91 148 274 
775 11 186 195 261 317 
776 295 112 11 148 256 
777 0 148 368 234 111 50 
778 0 11 274 111 379 91 261 
779 111 382 195 234 0 274 
780 0 91 379 261 148 295 
781 0 274 
782 0 274 86 11 
783 0 195 234 382 
784 11 86 274 295 0 148 
785 112 379 317 148 86 184 
786 0 195 91 274 86 
787 24 317 91 368 256 
788 0 274 261 
789 91 324 234 274 
790 0 186 148 324 111 91 195 
791 0 274 86 186 317 91 
792 11 186 295 
793 0 86 368 186 261 274 112 184 
794 256 379 
795 24 274 112 11 91 148 
796 91 186 
797 256 379 24 
798 324 24 368 382 184 86 232 127 
799 0 91 24 295 11 86 127 
800 0 186 274 11 111 24 
801 0 186 184 86 91 
802 0 382 50 274 261 186 
803 274 184 186 234 148 11 
804 184 274 112 232 
805 261 195 274 186 368 379 317 
806 382 324 379 274 232 368 
807 295 91 
808 91 11 86 
809 232 274 325 50 86 
810 24 274 86 0 
811 0 274 24 184 256 186 
812 325 368 186 111 11 382 148 317 
813 256 86 325 
814 186 11 86 91 111 368 382 
815 195 274 368 50 
816 0 11 86 368 
817 317 234 184 
818 274 86 184 379 
819 86 91 274 184 234 232 
820 274 11 234 379 232 
821 86 184 274 295 261 
822 195 324 
823 127 325 148 91 274 
824 0 91 86 148 186 
825 234 186 
826 0 111 382 86 317 11 184 186 256 234 
827 324 195 111 184 274 317 
828 91 325 86 232 295 
829 234 256 186 295 0 11 382 24 274 
830 195 111 295 50 
831 274 91 184 232 
832 274 261 11 
833 91 274 186 
834 325 91 274 232 184 
835 379 127 317 
836 195 274 324 
837 0 274 295 325 11 127 86 
838 86 234 195 274 295 111 11 232 50 
839 0 261 274 111 184 
840 112 111 127 24 91 
841 379 24 368 382 86 295 
842 234 86 186 
843 0 91 11 234 24 186 274 379 148 261 295 
844 111 325 274 379 91 234 261 127 186 
845 184 379 91 111 368 274 
846 111 86 382 11 0 234 
847 86 382 232 368 184 234 
848 184 112 274 91 195 86 
849 127 234 186 379 
850 184 325 91 261 274 
851 368 24 86 274 382 234 50 
852 148 86 91 
853 0 112 234 232 256 261 317 111 
854 379 148 86 186 111 324 232 
855 379 274 186 86 317 325 
856 0 324 91 86 274 
857 232 274 
858 0 379 186 232 382 324 86 
859 186 232 11 184 317 274 0 
860 186 274 24 50 91 
861 325 234 86 148 232 274 
862 50 382 
863 274 368 
864 91 256 
865 0 234 86 324 
866 86 
867 0 295 186 368 
868 274 379 184 112 
869 0 368 274 86 186 
870 274 368 184 24 295 91 0 324 
871 295 324 86 91 256 127 195 
872 24 382 184 295 324 
873 0 86 184 91 148 274 
874 379 24 0 86 186 317 
875 234 274 
876 317 195 148 274 86 
877 274 317 232 195 0 86 11 
878 234 274 
879 379 184 274 
880 148 379 184 111 86 186 
881 148 0 274 382 111 379 295 
882 0 112 186 317 
883 186 368 11 91 195 261 184 0 
884 379 195 184 11 274 
885 256 274 261 379 317 
886 184 186 274 91 195 112 
887 112 184 295 
888 91 274 295 379 0 86 186 
889 111 274 186 295 148 
890 184 256 24 186 11 91 
891 11 91 274 111 195 368 379 184 
892 127 186 325 379 382 24 91 295 317 
893 274 261 295 148 184 232 379 
894 256 295 324 50 274 112 
895 0 91 86 
896 0 274 186 
897 0 274 
898 256 379 11 86 91 
899 112 195 11 274 186 295 
900 295 256 261 86 91 195 186 
901 0 86 186 11 379 111 24 234 274 112 
902 91 324 0 148 317 186 
903 379 256 86 184 91 127 324 
904 111 11 234 86 
905 91 274 232 379 111 325 
906 379 317 11 112 274 24 184 
907 0 186 234 274 24 112 148 86 195 
908 234 325 184 86 186 274 
909 0 148 295 274 
910 261 
911 0 274 317 
912 112 184 274 
913 379 86 11 184 112 
914 295 86 274 111 24 186 
915 86 368 0 274 11 232 
916 379 195 
917 256 379 112 274 324 295 
918 0 261 368 11 91 274 195 
919 0 195 86 111 11 186 127 368 112 
920 195 324 112 148 86 91 
921 111 368 295 
922 261 317 86 127 184 
923 256 274 
924 0 274 86 256 
925 317 232 368 324 
926 368 186 
927 91 234 379 86 274 
928 0 11 86 186 91 
929 382 
930 274 382 112 
931 379 184 
932 379 186 324 274 295 
933 0 379 256 274 91 
934 274 11 324 127 
935 11 274 368 
936 234 184 195 274 
937 0 234 86 91 148 195 
938 91 232 234 
939 0 86 274 295 
940 261 379 
941 274 325 11 186 234 86 
942 0 195 274 186 
943 274 186 86 11 
944 324 274 317 
945 256 368 91 24 325 
946 86 112 379 
947 24 379 195 
948 0 184 91 148 317 
949 0 368 382 261 295 148 11 274 195 317 
950 232 
951 274 50 148 261 
952 295 234 379 368 148 274 91 
953 91 382 261 368 186 11 274 
954 0 11 382 232 50 184 274 379 
955 86 234 368 184 295 50 
956 274 184 261 379 324 
957 232 379 261 325 184 
958 186 91 
959 86 325 
960 184 317 274 379 
961 112 111 86 274 317 
962 256 274 317 186 184 382 
963 261 11 91 195 184 256 
964 274 382 112 
965 274 261 112 186 
966 274 11 186 
967 324 86 
968 148 274 
969 91 368 184 274 86 
970 0 11 274 148 
971 91 295 184 325 50 148 274 
972 234 382 195 274 0 
973 0 379 274 111 
974 11 0 148 379 
975 274 0 111 232 112 195 
976 11 148 234 91 86 295 261 274 127 
977 274 11 379 184 
978 127 317 274 
979 186 184 11 379 295 368 
980 317 
981 195 86 91 112 127 274 148 11 186 
982 317 148 186 295 368 
983 0 232 317 379 274 368 
984 86 274 
985 186 148 
986 317 86 184 186 127 
987 0 91 11 324 111 274 
988 274 324 195 295 91 112 186 
989 111 382 184 274 
990 11 234 274 186 86 112 
991 0 86 274 
992 11 50 261 325 368 184 
993 91 261 86 274 186 256 317 
994 382 112 234 274 184 
995 0 91 86 274 112 
996 86 186 184 274 
997 111 261 
998 91 127 184 86 195 
999 382 184 295 274 234 
