0 4.875785 52.33201 53874 1.0
1 4.85204 52.35105 26512 0.0
2 4.900388 52.378914 119470 0.0
3 4.882629 52.32604 10829 1.0
4 4.871937 52.35423 40052 1.0
5 4.874923 52.36276 45670 1.0
6 4.850295 52.351696 66699 1.0
7 4.864106 52.351746 122563 0.0
8 4.855184 52.36437 27476 1.0
9 4.852418 52.35773 73906 1.0
10 4.917771 52.357357 8911 1.0
11 4.999938 52.352913 56100 1.0
12 4.902383 52.369007 12895 1.0
13 4.905896 52.365036 13066 1.0
14 4.837399 52.36355 113213 0.002
15 4.882835 52.36359 14916 1.0
16 4.880128 52.355812 15079 1.0
17 4.85204 52.35105 26512 0.0
18 4.906015 52.343918 11682 1.0
19 4.90622 52.343952 11606 1.0
20 4.90337 52.351387 106844 1.0
21 4.903727 52.350487 11667 1.0
22 4.891684 52.35291 123972 1.0
23 4.906483 52.360916 73645 1.0
24 4.90081 52.354733 12643 1.0
25 4.890818 52.352753 107025 0.0
26 4.894404 52.374218 59227 1.0
27 4.89303 52.37333 61836 1.0
28 4.928353 52.362293 7724 1.0
29 4.928198 52.36276 112614 1.0
30 4.901086 52.372803 61856 1.0
31 4.899655 52.372814 14060 1.0
32 4.862194 52.35938 92282 1.0
33 4.891927 52.36908 127269 1.0
34 4.898199 52.35943 74698 1.0
35 4.891925 52.37276 104701 1.0
36 4.878695 52.363594 56662 1.0
37 4.928536 52.354977 56958 1.0
38 4.862608 52.36473 94527 1.0
39 4.869939 52.36653 95572 1.0
40 4.861893 52.34804 26779 1.0
41 4.840624 52.36218 71531 0.0
42 4.912799 52.367447 113865 1.0
43 4.856006 52.35155 129304 1.0
44 4.89665 52.376324 14129 1.0
45 4.889849 52.36745 39238 1.0
46 4.91206 52.39027 18599 1.0
47 4.911271 52.391346 53407 1.0
48 4.893736 52.379482 19383 1.0
49 4.91206 52.39027 18599 1.0
50 4.840269 52.34868 79075 1.0
51 4.85027 52.369804 54973 1.0
52 4.874277 52.33665 43464 1.0
53 4.849452 52.378794 23051 0.939
54 4.810965 52.3458 40806 1.0
55 4.917044 52.34415 10114 1.0
56 4.88903 52.36694 37500 1.0
57 4.869939 52.36653 95572 1.0
58 4.897755 52.365402 124747 1.0
59 4.905117 52.346672 106876 1.0
60 4.914339 52.385075 5946 0.0
61 4.881713 52.36991 84176 1.0
62 4.911191 52.356316 103793 0.0
63 4.884205 52.384327 22403 1.0
64 4.837889 52.38884 94746 0.0
65 4.914047 52.357113 12651 1.0
66 4.846318 52.37935 49007 1.0
67 4.853511 52.364265 27989 0.0
68 4.883334 52.364185 14929 1.0
69 4.89958 52.357838 91015 1.0
70 4.891017 52.36901 13468 1.0
71 4.89393 52.37244 13636 1.0
72 4.870814 52.371098 44164 1.0
73 4.870506 52.370087 100238 1.0
74 4.877086 52.372433 58096 1.0
75 4.870475 52.37049 100240 1.0
76 4.899655 52.372814 14060 1.0
77 4.890752 52.37171 39316 1.0
78 4.855184 52.36437 27476 1.0
79 4.937039 52.37415 100884 0.0
80 4.804272 52.35923 100744 1.0
81 4.899125 52.37912 86760 0.0
82 4.803767 52.35901 100839 0.0
83 4.807428 52.359303 76538 1.0
84 4.930327 52.353775 103860 1.0
85 4.92631 52.360176 7577 1.0
86 4.882713 52.37391 58108 1.0
87 4.879949 52.373253 15589 1.0
88 4.87484 52.362568 27553 1.0
89 4.884929 52.378616 22731 1.0
90 4.788023 52.349773 90007 0.0
91 4.903791 52.368633 75030 1.0
92 4.920015 52.354862 8971 1.0
93 4.856096 52.35134 62358 1.0
94 4.862902 52.36486 16032 1.0
95 4.864136 52.362366 27377 1.0
96 4.867561 52.325356 11117 1.0
97 4.860644 52.35903 27216 0.0
98 4.887614 52.37336 40527 1.0
99 4.89217 52.36999 59164 1.0
100 4.892858 52.367104 104878 1.0
101 4.911217 52.362312 12710 1.0
102 4.939605 52.361477 65178 1.0
103 4.886022 52.383305 22605 1.0
104 4.891739 52.40101 43775 0.0
105 4.827823 52.356297 68847 0.772
106 4.897729 52.36625 105026 1.0
107 4.803425 52.359203 100747 1.0
108 4.892368 52.3667 123988 1.0
109 4.892669 52.3667 123988 0.61
110 4.875784 52.383995 111350 1.0
111 4.875716 52.38398 90630 1.0
112 4.937702 52.37393 89916 1.0
113 4.872141 52.37481 93591 0.0
114 4.883147 52.364395 14989 0.0
115 4.885932 52.37879 22732 1.0
116 4.928198 52.36276 112614 1.0
117 4.935532 52.36374 112460 1.0
118 4.866361 52.365612 95567 1.0
119 4.866361 52.365612 95567 1.0
120 4.891652 52.357124 45185 1.0
121 4.804219 52.35779 32903 1.0
122 4.930028 52.354176 103864 1.0
123 4.891684 52.35291 123972 1.0
124 4.937702 52.37393 89916 1.0
125 4.999366 52.353218 56103 1.0
126 4.878527 52.357906 87538 1.0
127 4.937702 52.37393 89916 1.0
128 4.875785 52.33201 53874 1.0
129 4.878417 52.350216 87074 1.0
130 4.941157 52.397152 2791 1.0
131 4.939232 52.398815 113721 1.0
132 4.899061 52.378834 55295 1.0
133 4.877988 52.391806 22861 0.034
134 4.79916 52.362007 33919 1.0
135 4.876463 52.37227 15839 0.0
136 4.898096 52.377186 105452 1.0
137 4.899955 52.379738 125142 0.0
138 4.912769 52.366676 103409 1.0
139 4.859907 52.335007 59948 1.0
140 4.939232 52.398815 113721 1.0
141 4.826843 52.355072 41142 1.0
142 4.918249 52.346664 56942 1.0
143 4.915511 52.40807 4050 1.0
144 4.939232 52.398815 113721 1.0
145 4.874293 52.340694 122596 1.0
146 4.955562 52.392944 128979 1.0
147 4.938911 52.399055 2947 1.0
148 4.861208 52.37487 67755 1.0
149 4.900388 52.378914 119470 0.0
150 4.915321 52.40896 96752 1.0
151 4.919787 52.3701 96627 1.0
152 4.900751 52.378124 81387 1.0
153 4.918799 52.36073 121075 1.0
154 4.84077 52.354286 50059 1.0
155 4.873274 52.33956 41577 1.0
