0 0 0.453614
0 2 0.815947
0 3 0.435714
0 4 0.848404
0 5 0.771791
0 6 0.833003
0 7 0.646452
0 8 0.754416
0 10 0.565683
0 11 0.814962
0 14 0.521652
0 15 0.74186
0 16 0.617534
0 17 0.735165
0 19 0.701471
0 20 0.819183
0 21 0.543843
0 23 0.662063
0 24 0.73562
0 25 0.843305
0 26 0.90422
0 27 0.576177
0 28 0.472856
0 33 0.599597
0 35 0.527776
0 36 0.764536
0 38 0.655451
0 39 0.52166
0 40 0.74373
0 41 0.58061
0 42 0.876166
0 43 0.780941
0 45 0.503203
0 47 0.796984
0 48 0.434086
0 51 0.60475
0 52 0.727322
0 54 0.680282
0 55 0.699194
0 56 0.630415
0 57 0.610324
0 58 0.671975
0 60 0.710459
0 61 0.71988
0 62 0.716848
0 66 0.750698
0 67 0.604251
0 68 0.814351
0 69 0.895168
0 70 0.75629
0 71 0.531006
0 72 0.55783
0 73 0.500171
0 74 0.880091
0 75 0.462122
0 76 0.554401
0 78 0.547059
0 79 0.840688
0 80 0.895349
0 81 0.947951
0 82 0.527047
0 84 0.449713
0 85 0.921878
0 87 0.813451
0 88 0.772739
0 89 0.948936
0 90 0.487318
0 91 0.618485
0 93 0.565839
0 95 0.677451
0 96 0.707493
0 99 0.538096
1 2 0.671311
1 4 0.731917
1 5 0.636187
1 7 0.808542
1 8 0.870259
1 9 0.687506
1 12 0.863429
1 13 0.85576
1 18 0.871979
1 19 0.857701
1 20 0.638378
1 21 0.829346
1 23 0.812608
1 30 0.898942
1 31 0.904962
1 34 0.891437
1 35 0.801468
1 36 0.863389
1 37 0.690554
1 38 0.844044
1 40 0.955546
1 43 0.930245
1 45 0.868707
1 51 0.874813
1 52 0.928941
1 54 0.874004
1 55 0.564395
1 56 0.821738
1 59 0.600411
1 60 0.713653
1 61 0.75484
1 63 0.886424
1 67 0.771812
1 68 0.487952
1 70 0.872865
1 71 0.564663
1 75 0.7891
1 78 0.895087
1 79 0.597016
1 81 0.520126
1 82 0.649631
1 83 0.876817
1 84 0.853271
1 89 0.899605
1 92 0.847253
1 93 0.8564
1 95 0.850614
1 97 0.761504
2 0 0.608391
2 1 0.692527
2 3 0.46516
2 4 0.980854
2 5 0.936176
2 6 0.797526
2 7 0.678669
2 8 0.847313
2 9 0.760095
2 10 0.502524
2 11 0.765891
2 16 0.744326
2 17 0.876295
2 19 0.837619
2 20 0.90087
2 21 0.67758
2 22 0.603788
2 23 0.620213
2 24 0.843486
2 25 0.841806
2 27 0.588886
2 28 0.786782
2 30 0.587121
2 31 0.55664
2 32 0.776732
2 34 0.879997
2 36 0.852025
2 39 0.812585
2 40 0.87659
2 41 0.765796
2 44 0.932475
2 46 0.550611
2 47 0.631089
2 50 0.713043
2 52 0.496855
2 53 0.792859
2 54 0.826042
2 55 0.847038
2 56 0.801511
2 57 0.911432
2 60 0.813056
2 63 0.490369
2 64 0.881732
2 66 0.855252
2 69 0.756706
2 72 0.711075
2 73 0.721418
2 76 0.949731
2 77 0.888474
2 78 0.703571
2 80 0.674172
2 81 0.538728
2 85 0.885068
2 87 0.800284
2 88 0.929286
2 92 0.779772
2 93 0.81404
2 94 0.934683
2 97 0.71313
2 98 0.442531
2 99 0.610485
3 0 0.72692
3 1 0.679914
3 2 0.690189
3 4 0.973621
3 5 0.654022
3 6 0.797243
3 7 0.563435
3 11 0.630362
3 12 0.839409
3 15 0.90695
3 16 0.706254
3 18 0.797097
3 19 0.818253
3 20 0.669339
3 21 0.780828
3 23 0.641275
3 26 0.699195
3 28 0.786338
3 29 0.821714
3 30 0.597461
3 31 0.55868
3 35 0.750012
3 37 0.639793
3 38 0.797868
3 39 0.789429
3 40 0.852347
3 41 0.742269
3 43 0.920131
3 45 0.628817
3 48 0.888947
3 49 0.892027
3 52 0.916684
3 58 0.553432
3 59 0.852643
3 60 0.500087
3 62 0.427961
3 63 0.86649
3 64 0.493128
3 65 0.737489
3 66 0.849227
3 67 0.755831
3 68 0.880184
3 69 0.82819
3 70 0.61106
3 72 0.752824
3 75 0.820765
3 76 0.881728
3 79 0.437602
3 80 0.693604
3 81 0.554717
3 82 0.744972
3 83 0.483059
3 85 0.488973
3 86 0.94936
3 87 0.787462
3 88 0.465629
3 89 0.892583
3 90 0.849382
3 91 0.905509
3 92 0.7361
3 95 0.898494
3 97 0.699754
3 98 0.702551
3 99 0.83731
4 0 0.640285
4 1 0.885158
4 2 0.902068
4 3 0.689056
4 4 0.679711
4 8 0.81073
4 9 0.667931
4 10 0.782145
4 12 0.674647
4 13 0.448827
4 15 0.679044
4 16 0.734823
4 17 0.805507
4 18 0.803981
4 19 0.566146
4 20 0.897288
4 23 0.693616
4 24 0.833085
4 25 0.607792
4 26 0.723197
4 27 0.799669
4 28 0.712868
4 29 0.498237
4 31 0.88248
4 32 0.744769
4 33 0.50079
4 34 0.613138
4 37 0.473882
4 38 0.582489
4 40 0.838802
4 41 0.728292
4 42 0.710126
4 43 0.888221
4 45 0.783957
4 46 0.822492
4 47 0.88202
4 48 0.676213
4 49 0.870055
4 50 0.752605
4 51 0.754689
4 52 0.588354
4 54 0.802003
4 55 0.825306
4 59 0.837627
4 61 0.630101
4 63 0.851944
4 64 0.841015
4 65 0.708541
4 66 0.474024
4 67 0.650913
4 68 0.879575
4 69 0.586046
4 70 0.63165
4 71 0.690047
4 72 0.63556
4 73 0.604258
4 74 0.823151
4 75 0.830939
4 77 0.870644
4 79 0.403308
4 81 0.936908
4 82 0.660642
4 83 0.553776
4 84 0.943317
4 86 0.662874
4 88 0.904445
4 89 0.872395
4 90 0.841856
4 92 0.691006
4 93 0.732832
4 94 0.449414
4 95 0.896066
4 97 0.694147
4 99 0.790767
5 1 0.657297
5 2 0.884201
5 4 0.656988
5 5 0.568678
5 6 0.792393
5 7 0.733033
5 8 0.476071
5 10 0.454603
5 11 0.756508
5 12 0.838067
5 13 0.637941
5 15 0.890962
5 17 0.659707
5 22 0.668509
5 26 0.756993
5 27 0.78633
5 28 0.778055
5 29 0.643715
5 30 0.600958
5 31 0.863847
5 32 0.757594
5 33 0.877994
5 39 0.72417
5 40 0.808889
5 41 0.654569
5 42 0.697462
5 44 0.701733
5 47 0.853715
5 48 0.677475
5 49 0.847682
5 51 0.758752
5 52 0.598743
5 53 0.596032
5 54 0.515356
5 55 0.42574
5 57 0.669473
5 58 0.764759
5 59 0.817927
5 60 0.803473
5 63 0.693341
5 64 0.818459
5 66 0.608396
5 68 0.540267
5 69 0.772891
5 71 0.765068
5 73 0.84074
5 74 0.81694
5 75 0.832678
5 76 0.5319
5 77 0.848885
5 80 0.860086
5 83 0.555267
5 84 0.722627
5 87 0.422233
5 88 0.604658
5 89 0.827107
5 91 0.48102
5 94 0.861244
5 95 0.440988
5 97 0.455178
5 98 0.889633
6 0 0.403289
6 1 0.633053
6 3 0.802945
6 4 0.903801
6 5 0.666246
6 6 0.78534
6 7 0.752784
6 8 0.810356
6 10 0.763671
6 12 0.825652
6 13 0.839707
6 17 0.790577
6 19 0.578442
6 21 0.814704
6 24 0.830154
6 25 0.64434
6 28 0.435297
6 29 0.815847
6 30 0.866995
6 31 0.577745
6 33 0.861485
6 34 0.452416
6 36 0.431124
6 37 0.611765
6 38 0.756372
6 42 0.722622
6 43 0.652319
6 45 0.519515
6 46 0.458754
6 47 0.847794
6 48 0.720331
6 49 0.655272
6 50 0.445211
6 51 0.467033
6 52 0.619074
6 55 0.816664
6 57 0.689506
6 58 0.746403
6 59 0.417826
6 60 0.512872
6 61 0.643778
6 64 0.619407
6 65 0.683907
6 66 0.809904
6 67 0.684114
6 68 0.626395
6 69 0.5104
6 70 0.859273
6 71 0.776727
6 72 0.689821
6 73 0.510979
6 74 0.814197
6 75 0.879125
6 76 0.812254
6 77 0.619136
6 78 0.840692
6 79 0.681895
6 80 0.82535
6 81 0.576108
6 82 0.76474
6 83 0.570544
6 85 0.79479
6 86 0.889157
6 88 0.893258
6 90 0.791145
6 91 0.523345
6 92 0.860627
6 93 0.806552
6 96 0.502226
6 98 0.517838
6 99 0.633784
7 0 0.697873
7 1 0.836779
7 2 0.874888
7 6 0.6303
7 7 0.665516
7 8 0.478027
7 9 0.817026
7 10 0.726852
7 13 0.496201
7 17 0.776782
7 18 0.882391
7 19 0.753484
7 22 0.765776
7 23 0.788996
7 24 0.806361
7 25 0.810859
7 26 0.809779
7 28 0.809641
7 29 0.780294
7 32 0.703956
7 33 0.855075
7 34 0.822651
7 35 0.754963
7 38 0.742432
7 39 0.862293
7 40 0.808345
7 42 0.748354
7 43 0.500391
7 44 0.898151
7 45 0.79566
7 48 0.7412
7 49 0.679572
7 50 0.725569
7 51 0.677694
7 52 0.619802
7 53 0.622599
7 54 0.550947
7 55 0.470803
7 56 0.745385
7 57 0.490338
7 59 0.475039
7 61 0.714852
7 62 0.793118
7 63 0.419362
7 64 0.815196
7 65 0.8056
7 66 0.613354
7 68 0.864302
7 71 0.542209
7 73 0.710881
7 75 0.762255
7 77 0.834385
7 79 0.706648
7 80 0.814894
7 81 0.878017
7 82 0.712162
7 83 0.585343
7 84 0.69612
7 85 0.521125
7 86 0.702726
7 87 0.779871
7 88 0.50614
7 89 0.790181
7 90 0.607765
7 91 0.686545
7 92 0.805863
7 94 0.814303
7 95 0.846161
7 96 0.825546
7 98 0.698985
8 0 0.71652
8 1 0.598449
8 2 0.853837
8 3 0.771087
8 4 0.574811
8 6 0.774778
8 7 0.612375
8 9 0.596661
8 10 0.705448
8 11 0.739323
8 13 0.868376
8 14 0.510056
8 15 0.63436
8 16 0.763818
8 17 0.767207
8 18 0.571219
8 19 0.587627
8 20 0.547083
8 21 0.746894
8 22 0.733067
8 24 0.799444
8 27 0.493799
8 28 0.65648
8 30 0.843463
8 31 0.479505
8 32 0.573602
8 33 0.462223
8 34 0.654433
8 37 0.619948
8 39 0.884706
8 43 0.868027
8 44 0.883477
8 45 0.484572
8 46 0.478147
8 47 0.839586
8 49 0.814336
8 52 0.515027
8 53 0.737927
8 54 0.625259
8 55 0.755658
8 56 0.55017
8 57 0.711226
8 58 0.770814
8 59 0.627937
8 60 0.774684
8 62 0.684233
8 63 0.564234
8 65 0.588545
8 66 0.615119
8 67 0.677195
8 69 0.526478
8 70 0.650523
8 71 0.538653
8 72 0.562789
8 73 0.636995
8 74 0.7764
8 75 0.878647
8 76 0.721395
8 77 0.636458
8 78 0.722457
8 79 0.776184
8 80 0.790499
8 81 0.589289
8 83 0.607017
8 84 0.503396
8 85 0.658324
8 86 0.716871
8 87 0.77078
8 88 0.861564
8 89 0.638679
8 92 0.889982
8 93 0.687651
8 94 0.735651
8 97 0.496296
8 99 0.730565
9 2 0.544228
9 3 0.74706
9 4 0.543382
9 5 0.862161
9 6 0.635638
9 8 0.447495
9 9 0.80055
9 10 0.657458
9 11 0.539086
9 12 0.648331
9 13 0.553129
9 14 0.834284
9 15 0.854522
9 16 0.670858
9 17 0.489883
9 18 0.480199
9 19 0.731043
9 21 0.888391
9 22 0.718011
9 24 0.457889
9 25 0.801588
9 26 0.678198
9 27 0.600416
9 28 0.64868
9 31 0.621612
9 32 0.589425
9 33 0.519483
9 34 0.817895
9 36 0.498353
9 37 0.784325
9 38 0.510615
9 39 0.577989
9 40 0.666335
9 41 0.718075
9 43 0.865967
9 44 0.553309
9 48 0.56488
9 49 0.802143
9 50 0.524358
9 51 0.654369
9 52 0.447872
9 54 0.761105
9 56 0.554764
9 57 0.51487
9 58 0.806243
9 59 0.481905
9 61 0.550654
9 62 0.761566
9 64 0.760715
9 65 0.802719
9 66 0.793759
9 67 0.699592
9 69 0.781202
9 71 0.495507
9 72 0.58007
9 73 0.591596
9 74 0.671475
9 75 0.611057
9 76 0.707911
9 77 0.489907
9 78 0.607626
9 79 0.62885
9 80 0.789656
9 81 0.592862
9 82 0.875205
9 84 0.719015
9 85 0.663551
9 86 0.405856
9 87 0.67462
9 88 0.508905
9 89 0.78592
9 90 0.465494
9 91 0.838287
9 92 0.512263
9 93 0.861704
9 94 0.795574
9 95 0.792442
9 96 0.811195
9 98 0.874533
9 99 0.541628
10 0 0.422179
10 3 0.536889
10 5 0.682938
10 6 0.637665
10 7 0.544611
10 8 0.635042
10 10 0.691846
10 11 0.73726
10 12 0.575413
10 13 0.529007
10 14 0.772041
10 15 0.576662
10 16 0.817997
10 18 0.705983
10 19 0.710682
10 20 0.875134
10 21 0.612091
10 22 0.640259
10 23 0.868741
10 24 0.765435
10 25 0.661131
10 26 0.877825
10 27 0.775465
10 29 0.54707
10 30 0.792716
10 31 0.842705
10 33 0.681317
10 35 0.431407
10 36 0.78998
10 37 0.628413
10 38 0.72567
10 39 0.556405
10 40 0.549727
10 42 0.518154
10 43 0.670292
10 44 0.824724
10 45 0.467881
10 47 0.82264
10 48 0.80163
10 49 0.783264
10 50 0.583368
10 51 0.798563
10 52 0.860771
10 54 0.452302
10 55 0.477783
10 56 0.572095
10 57 0.731833
10 58 0.677904
10 60 0.415344
10 61 0.629164
10 62 0.766348
10 63 0.684285
10 64 0.760657
10 66 0.784265
10 70 0.502082
10 72 0.483927
10 73 0.532726
10 74 0.675113
10 75 0.863035
10 76 0.700801
10 78 0.901556
10 79 0.780438
10 80 0.620905
10 82 0.633091
10 83 0.649125
10 84 0.877121
10 86 0.880201
10 87 0.765115
10 89 0.540438
10 90 0.630542
10 91 0.735958
10 92 0.5763
10 93 0.583486
10 94 0.918863
10 95 0.748694
10 96 0.523005
10 99 0.706096
11 0 0.556484
11 1 0.784885
11 3 0.664474
11 4 0.886245
11 5 0.699989
11 6 0.755181
11 7 0.429074
11 9 0.731862
11 10 0.665737
11 12 0.807605
11 13 0.505514
11 14 0.685051
11 15 0.42301
11 16 0.834675
11 17 0.764528
11 18 0.511316
11 19 0.448724
11 20 0.688442
11 21 0.873934
11 22 0.551527
11 23 0.71441
11 25 0.780211
11 26 0.780835
11 27 0.498498
11 28 0.878153
11 29 0.684726
11 30 0.663774
11 31 0.819439
11 32 0.511275
11 33 0.788891
11 34 0.461557
11 35 0.583728
11 36 0.649658
11 37 0.45617
11 39 0.510945
11 40 0.463083
11 41 0.868405
11 42 0.505823
11 43 0.68466
11 44 0.910009
11 45 0.696411
11 47 0.523348
11 48 0.825674
11 49 0.438542
11 50 0.544276
11 51 0.568144
11 52 0.853168
11 53 0.44159
11 54 0.573046
11 55 0.616955
11 56 0.574154
11 57 0.740037
11 58 0.822952
11 59 0.640023
11 60 0.814335
11 62 0.445826
11 63 0.66157
11 64 0.570218
11 65 0.65074
11 66 0.625549
11 67 0.791573
11 68 0.836108
11 69 0.563974
11 70 0.844951
11 71 0.512757
11 72 0.592453
11 73 0.481319
11 74 0.489105
11 75 0.838607
11 76 0.769897
11 77 0.658083
11 78 0.799567
11 79 0.820552
11 80 0.73786
11 81 0.623995
11 82 0.819683
11 83 0.800174
11 84 0.8333
11 85 0.424002
11 86 0.61308
11 87 0.683161
11 89 0.642048
11 90 0.644719
11 91 0.834787
11 92 0.597849
11 96 0.783965
11 97 0.628296
11 98 0.829358
12 1 0.578432
12 2 0.838215
12 3 0.546534
12 4 0.869021
12 5 0.609849
12 6 0.431208
12 7 0.736609
12 8 0.487271
12 9 0.641271
12 11 0.66562
12 12 0.587629
12 13 0.559503
12 14 0.538968
12 15 0.545469
12 16 0.758976
12 17 0.758399
12 19 0.709179
12 21 0.643101
12 23 0.532295
12 24 0.571521
12 25 0.67092
12 26 0.582258
12 27 0.768409
12 28 0.530232
12 29 0.557955
12 30 0.684634
12 31 0.666568
12 33 0.534684
12 34 0.470964
12 35 0.593347
12 36 0.661834
12 37 0.653122
12 38 0.450669
12 39 0.491787
12 40 0.671587
12 42 0.809948
12 44 0.620717
12 45 0.544065
12 46 0.62486
12 47 0.800238
12 48 0.575146
12 50 0.568028
12 51 0.48112
12 52 0.633316
12 53 0.497105
12 54 0.74116
12 55 0.636611
12 56 0.575233
12 57 0.847983
12 58 0.502957
12 59 0.663937
12 61 0.779952
12 62 0.805563
12 64 0.560357
12 66 0.517342
12 67 0.525147
12 68 0.453247
12 70 0.671965
12 71 0.426796
12 72 0.774656
12 73 0.867387
12 74 0.765279
12 75 0.501441
12 76 0.963576
12 77 0.490091
12 78 0.731786
12 79 0.52012
12 80 0.498925
12 81 0.857685
12 82 0.795753
12 83 0.786313
12 85 0.680171
12 86 0.729462
12 87 0.401205
12 88 0.637253
12 89 0.781104
12 90 0.556772
12 91 0.493689
12 92 0.884037
12 93 0.596455
12 94 0.787994
12 96 0.770934
12 97 0.672686
12 98 0.538449
12 99 0.569342
13 0 0.880121
13 1 0.448806
13 2 0.733668
13 3 0.556227
13 4 0.523804
13 5 0.462129
13 6 0.647385
13 7 0.580173
13 10 0.489852
13 12 0.792318
13 13 0.88743
13 14 0.485676
13 15 0.832835
13 16 0.460952
13 17 0.699752
13 18 0.518232
13 19 0.617237
13 20 0.560273
13 21 0.5637
13 22 0.733207
13 23 0.521906
13 24 0.589516
13 25 0.692702
13 26 0.55858
13 27 0.747183
13 29 0.759757
13 30 0.499471
13 31 0.6869
13 32 0.46613
13 33 0.468515
13 34 0.779897
13 36 0.502612
13 37 0.497186
13 38 0.461652
13 39 0.590573
13 40 0.791668
13 41 0.871334
13 42 0.803812
13 44 0.576544
13 45 0.719488
13 46 0.649656
13 47 0.493961
13 48 0.575658
13 49 0.688976
13 50 0.721708
13 51 0.847093
13 52 0.636215
13 53 0.455369
13 54 0.583634
13 55 0.643823
13 56 0.72554
13 57 0.415709
13 59 0.486375
13 60 0.561267
13 62 0.604975
13 63 0.762952
13 64 0.473647
13 65 0.636233
13 66 0.628182
13 67 0.54221
13 68 0.697594
13 69 0.617789
13 70 0.517405
13 71 0.423019
13 72 0.494786
13 73 0.469175
13 74 0.682667
13 75 0.835857
13 76 0.905821
13 77 0.824417
13 79 0.764126
13 81 0.653959
13 82 0.553048
13 83 0.76205
13 84 0.547612
13 85 0.542266
13 86 0.748964
13 87 0.451396
13 88 0.805771
13 89 0.474786
13 90 0.771255
13 91 0.810141
13 92 0.600121
13 93 0.465523
13 94 0.585698
13 95 0.59088
13 96 0.750735
13 97 0.6031
13 98 0.78533
13 99 0.523159
14 0 0.452438
14 1 0.797403
14 2 0.560661
14 3 0.723246
14 5 0.849295
14 6 0.671189
14 7 0.873986
14 8 0.789625
14 9 0.535688
14 10 0.49537
14 11 0.682258
14 12 0.718108
14 13 0.468201
14 14 0.835417
14 15 0.554928
14 16 0.555622
14 17 0.506188
14 19 0.421651
14 22 0.756228
14 23 0.40311
14 25 0.709386
14 26 0.760219
14 27 0.429939
14 28 0.911924
14 29 0.706091
14 30 0.446837
14 32 0.60939
14 33 0.711525
14 34 0.733505
14 35 0.649501
14 36 0.777156
14 37 0.510325
14 38 0.610471
14 39 0.980361
14 40 0.776496
14 41 0.556254
14 42 0.435709
14 43 0.534099
14 44 0.483676
14 47 0.706307
14 48 0.751959
14 49 0.447003
14 50 0.655859
14 53 0.51397
14 54 0.581031
14 55 0.720194
14 56 0.708978
14 57 0.428606
14 58 0.758675
14 59 0.502417
14 60 0.85821
14 61 0.575557
14 62 0.890038
14 63 0.609223
14 65 0.525487
14 66 0.416007
14 67 0.560156
14 68 0.552349
14 69 0.586694
14 70 0.455859
14 71 0.847814
14 73 0.506821
14 74 0.596934
14 75 0.83439
14 76 0.587881
14 77 0.498047
14 78 0.92302
14 79 0.566736
14 80 0.704766
14 81 0.411404
14 82 0.570162
14 84 0.613471
14 85 0.566893
14 86 0.867661
14 87 0.545879
14 88 0.655907
14 89 0.557049
14 90 0.401158
14 91 0.542817
14 92 0.477423
14 93 0.515333
14 94 0.57971
14 95 0.614111
14 96 0.45096
14 97 0.549286
14 98 0.801526
14 99 0.948019
15 0 0.569726
15 1 0.572487
15 2 0.573493
15 3 0.646866
15 4 0.554765
15 5 0.47313
15 6 0.694878
15 7 0.527205
15 8 0.776555
15 9 0.626775
15 10 0.552683
15 13 0.577516
15 14 0.479582
15 15 0.811571
15 16 0.583189
15 17 0.757523
15 18 0.610898
15 20 0.578851
15 21 0.522363
15 22 0.523556
15 23 0.571154
15 25 0.771427
15 26 0.894433
15 27 0.727383
15 28 0.568164
15 29 0.713956
15 30 0.779878
15 31 0.804559
15 32 0.434436
15 33 0.559424
15 34 0.540291
15 35 0.77167
15 36 0.507149
15 37 0.774835
15 38 0.513137
15 39 0.919987
15 40 0.570111
15 41 0.596292
15 44 0.596049
15 45 0.450905
15 46 0.786499
15 47 0.721391
15 48 0.869879
15 49 0.782298
15 50 0.68004
15 51 0.591126
15 52 0.670338
15 53 0.757481
15 54 0.42935
15 56 0.690301
15 57 0.75431
15 58 0.64876
15 59 0.516886
15 61 0.463738
15 62 0.633497
15 63 0.628663
15 64 0.541073
15 65 0.609749
15 66 0.518549
15 67 0.578149
15 68 0.565216
15 69 0.5987
15 70 0.838129
15 71 0.84428
15 72 0.61188
15 73 0.454303
15 75 0.494863
15 76 0.593421
15 77 0.668269
15 78 0.466158
15 79 0.586209
15 80 0.648267
15 81 0.675779
15 83 0.49257
15 84 0.615366
15 85 0.78606
15 86 0.837423
15 87 0.694117
15 88 0.797342
15 89 0.56041
15 90 0.757453
15 91 0.73931
15 92 0.530415
15 93 0.781877
15 94 0.950563
15 95 0.592622
15 96 0.731108
15 97 0.550577
15 98 0.573958
15 99 0.874793
16 0 0.767208
16 1 0.560544
16 2 0.491197
16 4 0.563503
16 5 0.824863
16 6 0.450542
16 7 0.507336
16 8 0.510413
16 9 0.521127
16 10 0.705406
16 11 0.726463
16 12 0.741837
16 13 0.581518
16 14 0.457991
16 15 0.473616
16 16 0.604611
16 17 0.601643
16 18 0.625835
16 19 0.620968
16 20 0.739701
16 21 0.417715
16 23 0.51469
16 24 0.646072
16 25 0.447006
16 26 0.627298
16 27 0.420777
16 28 0.52317
16 29 0.754686
16 30 0.690589
16 31 0.792854
16 32 0.453715
16 33 0.579386
16 34 0.562088
16 35 0.446356
16 36 0.682195
16 37 0.766781
16 38 0.521097
16 39 0.551858
16 40 0.694615
16 41 0.456518
16 42 0.752678
16 43 0.558087
16 44 0.479675
16 45 0.551057
16 46 0.499975
16 47 0.738079
16 48 0.56976
16 49 0.596681
16 50 0.695597
16 51 0.867595
16 52 0.563527
16 53 0.442176
16 54 0.724963
16 55 0.443609
16 56 0.590346
16 57 0.528046
16 58 0.624687
16 59 0.807426
16 60 0.613394
16 61 0.597818
16 62 0.50554
16 63 0.464163
16 64 0.529394
16 65 0.61226
16 67 0.80602
16 68 0.720506
16 69 0.477718
16 70 0.833824
16 71 0.58311
16 72 0.410868
16 73 0.408572
16 75 0.41485
16 76 0.608617
16 77 0.51688
16 78 0.628721
16 79 0.469165
16 80 0.648524
16 81 0.837142
16 82 0.418488
16 83 0.458291
16 84 0.81041
16 87 0.56016
16 88 0.696471
16 92 0.82288
16 93 0.541483
16 94 0.573012
16 95 0.499052
16 96 0.677829
16 97 0.83417
16 99 0.442783
17 0 0.446964
17 1 0.594286
17 2 0.516184
17 3 0.587089
17 4 0.437464
17 5 0.622974
17 6 0.704624
17 7 0.851515
17 8 0.667521
17 9 0.639274
17 10 0.496752
17 11 0.444033
17 12 0.601694
17 13 0.59446
17 14 0.577869
17 15 0.52768
17 16 0.440567
17 17 0.749507
17 18 0.910865
17 19 0.476127
17 20 0.761655
17 21 0.789306
17 22 0.657599
17 23 0.500667
17 24 0.662569
17 25 0.712277
17 26 0.457763
17 27 0.426852
17 29 0.575491
17 30 0.708513
17 31 0.727842
17 32 0.746172
17 33 0.71516
17 34 0.424807
17 35 0.821228
17 36 0.70561
17 37 0.680327
17 38 0.630103
17 39 0.549297
17 40 0.401791
17 41 0.815045
17 42 0.493877
17 44 0.644576
17 45 0.570626
17 46 0.77707
17 47 0.553615
17 48 0.809877
17 49 0.456212
17 50 0.545982
17 51 0.579256
17 52 0.416389
17 53 0.66506
17 54 0.597869
17 55 0.71314
17 56 0.457114
17 57 0.831491
17 58 0.410223
17 59 0.533278
17 60 0.842566
17 61 0.601894
17 62 0.609364
17 63 0.778235
17 64 0.581071
17 65 0.512563
17 66 0.401528
17 67 0.51096
17 68 0.458864
17 69 0.642091
17 70 0.695933
17 71 0.778435
17 73 0.500308
17 75 0.523136
17 76 0.843339
17 77 0.799718
17 78 0.638695
17 80 0.662719
17 81 0.433325
17 83 0.472516
17 84 0.786506
17 85 0.45298
17 86 0.458843
17 87 0.471101
17 88 0.717256
17 89 0.735306
17 91 0.785403
17 92 0.455844
17 93 0.618535
17 94 0.660172
17 95 0.459092
17 96 0.553328
17 97 0.806584
17 98 0.810259
18 0 0.596283
18 1 0.43074
18 2 0.588271
18 3 0.572409
18 4 0.595034
18 5 0.727894
18 6 0.468725
18 7 0.834918
18 8 0.684055
18 9 0.717083
18 10 0.667174
18 11 0.404707
18 12 0.753941
18 13 0.857837
18 14 0.571216
18 15 0.609929
18 16 0.634397
18 18 0.668416
18 19 0.484396
18 20 0.841143
18 21 0.57626
18 22 0.583812
18 23 0.463857
18 24 0.680831
18 25 0.492906
18 27 0.706526
18 28 0.617076
18 29 0.58253
18 30 0.524431
18 31 0.494175
18 32 0.493331
18 33 0.733762
18 34 0.722517
18 35 0.612327
18 36 0.720186
18 37 0.522705
18 39 0.847369
18 41 0.798292
18 42 0.602563
18 43 0.70889
18 44 0.665146
18 45 0.602942
18 46 0.757106
18 47 0.762765
18 48 0.484885
18 49 0.405821
18 50 0.430418
18 51 0.423568
18 52 0.820586
18 53 0.518661
18 54 0.619964
18 55 0.669719
18 56 0.480081
18 57 0.55981
18 58 0.421588
18 59 0.681279
18 60 0.817416
18 62 0.848515
18 63 0.602629
18 64 0.45277
18 65 0.589655
18 66 0.760797
18 67 0.746865
18 68 0.481545
18 69 0.654216
18 70 0.528699
18 71 0.622331
18 72 0.638251
18 73 0.765077
18 74 0.709258
18 75 0.540641
18 76 0.628469
18 78 0.874844
18 79 0.611191
18 80 0.527846
18 81 0.699979
18 82 0.467793
18 83 0.756262
18 84 0.635544
18 85 0.469183
18 86 0.481851
18 88 0.440845
18 89 0.414236
18 90 0.478841
18 91 0.585579
18 92 0.643584
18 93 0.641006
18 94 0.683908
18 95 0.626018
18 96 0.577024
18 97 0.579493
18 98 0.550394
18 99 0.793983
19 0 0.433645
19 1 0.813934
19 2 0.747029
19 3 0.702821
19 4 0.618326
19 6 0.564989
19 7 0.643516
19 8 0.763012
19 9 0.510212
19 10 0.840821
19 11 0.711479
19 12 0.769468
19 13 0.618129
19 14 0.571135
19 15 0.471391
19 16 0.652826
19 17 0.716089
19 18 0.594676
19 19 0.485786
19 20 0.780889
19 21 0.68033
19 22 0.661221
19 23 0.618962
19 24 0.625205
19 25 0.534511
19 26 0.551769
19 27 0.689035
19 28 0.517822
19 29 0.605508
19 30 0.540811
19 31 0.50882
19 34 0.675082
19 35 0.692474
19 37 0.406259
19 38 0.400942
19 39 0.790238
19 40 0.721362
19 41 0.555713
19 42 0.613542
19 43 0.844606
19 44 0.684572
19 45 0.622476
19 46 0.733456
19 47 0.504054
19 48 0.795568
19 49 0.69492
19 50 0.577243
19 51 0.412552
19 52 0.572703
19 53 0.53358
19 54 0.580951
19 55 0.499668
19 56 0.597767
19 57 0.769389
19 58 0.485831
19 59 0.787915
19 60 0.663358
19 61 0.456625
19 62 0.591473
19 63 0.473988
19 64 0.589217
19 65 0.488852
19 66 0.663124
19 67 0.639156
19 68 0.407605
19 69 0.470316
19 70 0.553569
19 71 0.484185
19 72 0.454886
19 73 0.654893
19 74 0.430474
19 75 0.477178
19 76 0.74218
19 77 0.55218
19 78 0.857354
19 79 0.515451
19 80 0.551919
19 81 0.45502
19 82 0.722282
19 83 0.472846
19 84 0.639198
19 85 0.584002
19 86 0.506417
19 87 0.756774
19 88 0.791873
19 89 0.583519
19 90 0.651295
19 91 0.609669
19 92 0.668035
19 93 0.429135
19 94 0.694399
19 95 0.683165
19 96 0.689104
19 97 0.770252
19 98 0.472479
19 99 0.769342
20 0 0.555147
20 1 0.541382
20 2 0.759491
20 3 0.716943
20 4 0.634617
20 5 0.800129
20 7 0.827017
20 8 0.558383
20 9 0.470271
20 10 0.429696
20 11 0.51473
20 12 0.582087
20 13 0.457053
20 14 0.402624
20 16 0.781096
20 17 0.551782
20 18 0.497961
20 19 0.632671
20 20 0.45784
20 21 0.513303
20 22 0.452405
20 23 0.444961
20 24 0.604278
20 25 0.540685
20 26 0.835566
20 27 0.655074
20 28 0.511384
20 30 0.447975
20 31 0.73906
20 32 0.625092
20 33 0.593255
20 34 0.686956
20 35 0.578762
20 36 0.745703
20 37 0.76271
20 40 0.727258
20 41 0.657317
20 42 0.482129
20 43 0.572303
20 44 0.561626
20 45 0.748049
20 46 0.515883
20 47 0.576095
20 48 0.783979
20 49 0.477557
20 51 0.555374
20 52 0.458907
20 53 0.689433
20 54 0.41368
20 55 0.444603
20 56 0.470707
20 57 0.564593
20 58 0.615179
20 60 0.677142
20 61 0.627105
20 62 0.777418
20 63 0.647417
20 64 0.896673
20 65 0.446601
20 66 0.575801
20 67 0.643037
20 68 0.733401
20 69 0.795848
20 70 0.824271
20 71 0.469312
20 72 0.659455
20 73 0.728774
20 74 0.524352
20 75 0.571969
20 76 0.643468
20 77 0.700223
20 78 0.538396
20 79 0.46898
20 80 0.455356
20 81 0.702754
20 83 0.721681
20 84 0.763414
20 85 0.589924
20 86 0.769363
20 87 0.709539
20 88 0.731004
20 89 0.692861
20 90 0.658645
20 91 0.751877
20 92 0.670339
20 93 0.762874
20 94 0.423483
20 95 0.693378
20 96 0.692303
20 97 0.52582
20 98 0.60099
20 99 0.666184
21 0 0.554283
21 2 0.60942
21 3 0.622981
21 4 0.400709
21 5 0.78539
21 6 0.415762
21 7 0.468583
21 8 0.737664
21 9 0.626881
21 10 0.749266
21 11 0.551849
21 12 0.792767
21 13 0.491917
21 15 0.521135
21 16 0.492791
21 17 0.703532
21 18 0.899952
21 19 0.500116
21 20 0.481337
21 21 0.70665
21 23 0.752498
21 24 0.474354
21 25 0.562854
21 26 0.539726
21 27 0.561653
21 29 0.423552
21 31 0.453056
21 32 0.48646
21 33 0.775005
21 34 0.498161
21 35 0.713887
21 36 0.772844
21 37 0.753851
21 38 0.682322
21 39 0.719429
21 40 0.75212
21 41 0.449608
21 42 0.693881
21 43 0.725924
21 45 0.570756
21 46 0.722698
21 48 0.76797
21 49 0.714959
21 50 0.582494
21 51 0.404045
21 52 0.68408
21 53 0.542509
21 54 0.554191
21 55 0.515953
21 56 0.40496
21 57 0.571723
21 58 0.606532
21 59 0.738545
21 60 0.686728
21 61 0.426626
21 62 0.491285
21 63 0.453651
21 64 0.792605
21 65 0.435468
21 66 0.678028
21 67 0.647954
21 68 0.754764
21 70 0.469044
21 71 0.644551
21 72 0.72651
21 73 0.726218
21 74 0.721456
21 75 0.439308
21 76 0.648058
21 77 0.713709
21 79 0.778583
21 80 0.42963
21 81 0.717047
21 82 0.587655
21 83 0.41994
21 84 0.483856
21 85 0.608657
21 86 0.785106
21 88 0.520155
21 89 0.43427
21 90 0.677792
21 91 0.437246
21 92 0.494165
21 93 0.725621
21 94 0.879689
21 95 0.718196
21 96 0.726743
21 98 0.459472
21 99 0.759195
22 0 0.533509
22 1 0.530472
22 2 0.619722
22 3 0.568721
22 4 0.503189
22 5 0.415447
22 6 0.585707
22 7 0.794622
22 8 0.527319
22 9 0.492516
22 10 0.737025
22 11 0.562458
22 12 0.472197
22 13 0.82833
22 14 0.44127
22 15 0.659424
22 16 0.488811
22 17 0.458803
22 18 0.468205
22 19 0.642186
22 20 0.491838
22 21 0.490586
22 23 0.418975
22 24 0.564552
22 25 0.729179
22 26 0.44049
22 27 0.490596
22 28 0.470205
22 29 0.443424
22 30 0.779317
22 31 0.755112
22 32 0.633753
22 33 0.473556
22 34 0.443066
22 35 0.736911
22 37 0.556575
22 38 0.478117
22 39 0.466991
22 40 0.577181
22 41 0.417557
22 42 0.680083
22 43 0.805391
22 44 0.738481
22 45 0.766859
22 46 0.532061
22 47 0.506777
22 49 0.735516
22 50 0.540399
22 51 0.678518
22 52 0.78737
22 53 0.777725
22 55 0.524563
22 56 0.682282
22 57 0.823401
22 58 0.767181
22 59 0.728005
22 62 0.742123
22 63 0.441013
22 64 0.528054
22 65 0.47426
22 66 0.745008
22 67 0.462584
22 68 0.565634
22 69 0.698785
22 70 0.477879
22 71 0.744894
22 73 0.441337
22 74 0.442353
22 75 0.418434
22 76 0.471402
22 77 0.77806
22 78 0.42274
22 79 0.653436
22 80 0.68079
22 81 0.476197
22 82 0.688026
22 83 0.692851
22 84 0.67813
22 85 0.725703
22 86 0.530878
22 87 0.603227
22 88 0.754235
22 89 0.696821
22 90 0.716684
22 92 0.454902
22 93 0.684898
22 94 0.487375
22 95 0.578189
22 96 0.695078
22 97 0.523672
22 98 0.621526
22 99 0.556068
23 0 0.6847
23 1 0.850023
23 2 0.538398
23 3 0.66077
23 4 0.499134
23 5 0.425797
23 6 0.487148
23 7 0.404422
23 8 0.733904
23 9 0.744824
23 10 0.640429
23 11 0.693253
23 12 0.618009
23 13 0.79065
23 15 0.660215
23 16 0.553209
23 17 0.734373
23 20 0.414672
23 21 0.767731
23 22 0.787301
23 24 0.743706
23 25 0.744898
23 26 0.793381
23 27 0.669558
23 28 0.491565
23 29 0.621162
23 30 0.728819
23 31 0.522385
23 32 0.417228
23 33 0.487947
23 35 0.557108
23 36 0.532934
23 37 0.561199
23 38 0.668591
23 39 0.748552
23 40 0.522652
23 41 0.686681
23 42 0.665667
23 43 0.59725
23 44 0.876107
23 45 0.434551
23 46 0.699077
23 47 0.781242
23 48 0.46657
23 49 0.497225
23 50 0.509045
23 51 0.776951
23 53 0.435739
23 54 0.533783
23 55 0.712533
23 56 0.621637
23 57 0.436676
23 59 0.555437
23 60 0.54305
23 61 0.527993
23 62 0.740307
23 63 0.583479
23 64 0.4436
23 65 0.578054
23 66 0.708797
23 67 0.453744
23 68 0.575952
23 69 0.707934
23 70 0.823396
23 71 0.418096
23 72 0.434618
23 73 0.430104
23 74 0.549125
23 75 0.57827
23 76 0.683395
23 77 0.554673
23 78 0.447212
23 79 0.504603
23 80 0.573596
23 81 0.476362
23 82 0.699275
23 83 0.696425
23 84 0.431107
23 85 0.410296
23 86 0.553684
23 87 0.607312
23 88 0.542358
23 89 0.452068
23 90 0.679267
23 91 0.771522
23 92 0.76414
23 93 0.88091
23 94 0.752413
23 95 0.561695
23 96 0.428697
23 97 0.515204
23 98 0.644166
23 99 0.54319
24 0 0.663546
24 1 0.94893
24 2 0.657878
24 3 0.608228
24 4 0.767365
24 5 0.634557
24 6 0.728659
24 7 0.707216
24 9 0.474842
24 10 0.498517
24 12 0.491425
24 13 0.486783
24 14 0.605116
24 15 0.787399
24 16 0.568592
24 17 0.420781
24 18 0.724925
24 19 0.419154
24 20 0.525063
24 21 0.423665
24 22 0.442337
24 23 0.420193
24 24 0.498905
24 26 0.469943
24 28 0.693713
24 29 0.744989
24 30 0.470225
24 31 0.407128
24 32 0.679058
24 33 0.760379
24 34 0.410596
24 35 0.632682
24 36 0.411128
24 38 0.544984
24 39 0.767682
24 40 0.589228
24 41 0.465097
24 42 0.408858
24 43 0.607263
24 44 0.411118
24 45 0.418099
24 46 0.41029
24 47 0.478235
24 48 0.414969
24 49 0.615092
24 50 0.429864
24 51 0.443706
24 52 0.480748
24 53 0.793289
24 54 0.646686
24 55 0.539892
24 56 0.518539
24 57 0.794367
24 58 0.755179
24 59 0.401616
24 60 0.546598
24 61 0.466495
24 62 0.422072
24 64 0.4344
24 65 0.769644
24 67 0.675664
24 68 0.591163
24 69 0.409179
24 70 0.486994
24 71 0.402726
24 72 0.467603
24 73 0.402355
24 74 0.746159
24 75 0.499852
24 76 0.440025
24 77 0.908575
24 78 0.471358
24 79 0.426066
24 80 0.424698
24 81 0.826871
24 82 0.484959
24 83 0.713915
24 84 0.506369
24 85 0.771182
24 86 0.623552
24 88 0.575067
24 89 0.710659
24 92 0.427453
24 94 0.635174
24 95 0.633768
24 96 0.589725
24 97 0.588433
24 98 0.486684
24 99 0.461538
25 0 0.520523
25 1 0.655783
25 2 0.802082
25 3 0.417969
25 4 0.83742
25 5 0.513106
25 6 0.58807
25 7 0.715458
25 8 0.410771
25 9 0.746495
25 11 0.707079
25 12 0.642711
25 13 0.700177
25 14 0.558852
25 15 0.693834
25 16 0.423298
25 17 0.54495
25 19 0.674882
25 20 0.620625
25 21 0.722815
25 22 0.70654
25 23 0.480795
25 24 0.776495
25 25 0.756261
25 28 0.410628
25 29 0.741657
25 30 0.745747
25 32 0.424204
25 33 0.596922
25 35 0.745558
25 36 0.414822
25 37 0.695515
25 39 0.537702
25 40 0.50541
25 41 0.422902
25 42 0.658137
25 43 0.7452
25 44 0.782239
25 45 0.4181
25 46 0.403718
25 48 0.723069
25 50 0.603923
25 52 0.437265
25 53 0.563032
25 54 0.668641
25 55 0.539324
25 56 0.496198
25 57 0.450257
25 58 0.582021
25 60 0.414569
25 61 0.449144
25 62 0.489928
25 63 0.528927
25 64 0.817
25 65 0.824093
25 66 0.572849
25 67 0.453202
25 68 0.798659
25 69 0.738453
25 70 0.565974
25 71 0.459756
25 72 0.514408
25 73 0.707439
25 74 0.615247
25 75 0.747418
25 76 0.701769
25 77 0.734967
25 78 0.599774
25 79 0.759776
25 80 0.55743
25 81 0.790925
25 82 0.675971
25 83 0.422423
25 84 0.460704
25 85 0.412629
25 86 0.805342
25 87 0.729873
25 88 0.475253
25 89 0.579868
25 90 0.712479
25 91 0.761546
25 92 0.740541
25 93 0.402321
25 94 0.770873
25 95 0.770519
25 96 0.415657
25 97 0.47025
25 98 0.453261
25 99 0.739812
26 0 0.510936
26 1 0.523654
26 2 0.647493
26 3 0.735459
26 4 0.821602
26 6 0.711355
26 7 0.466042
26 8 0.709242
26 9 0.449844
26 10 0.541254
26 11 0.690411
26 12 0.414365
26 14 0.533146
26 15 0.437535
26 16 0.550458
26 17 0.736455
26 18 0.773579
26 19 0.685188
26 20 0.506334
26 21 0.588725
26 22 0.801179
26 23 0.672627
26 24 0.403276
26 25 0.567758
26 26 0.534647
26 27 0.632911
26 28 0.429958
26 29 0.732315
26 30 0.542154
26 31 0.534475
26 32 0.833093
26 33 0.433634
26 34 0.699568
26 36 0.454673
26 37 0.709642
26 38 0.661526
26 40 0.701194
26 41 0.696266
26 42 0.480307
26 43 0.765968
26 44 0.404098
26 45 0.807508
26 46 0.662211
26 48 0.596637
26 49 0.601231
26 51 0.552594
26 52 0.71452
26 53 0.424494
26 55 0.674248
26 56 0.652082
26 57 0.804798
26 58 0.46942
26 59 0.708124
26 60 0.800536
26 61 0.664957
26 62 0.700333
26 63 0.696882
26 64 0.507618
26 65 0.409163
26 66 0.44928
26 67 0.429365
26 68 0.777432
26 69 0.432509
26 70 0.776701
26 72 0.536285
26 73 0.701581
26 74 0.610323
26 75 0.727856
26 76 0.663889
26 77 0.425981
26 78 0.7488
26 79 0.704672
26 80 0.510545
26 81 0.769111
26 82 0.732916
26 83 0.711978
26 84 0.428513
26 85 0.751863
26 86 0.806924
26 87 0.503574
26 88 0.556303
26 89 0.67461
26 90 0.458912
26 91 0.581171
26 93 0.71195
26 94 0.75509
26 96 0.5419
26 97 0.660126
26 98 0.691458
26 99 0.752498
27 0 0.700172
27 1 0.501536
27 2 0.783375
27 3 0.417297
27 4 0.423251
27 5 0.78887
27 6 0.476704
27 8 0.694101
27 9 0.855233
27 10 0.420398
27 11 0.493777
27 12 0.654173
27 13 0.740048
27 14 0.428084
27 15 0.424553
27 16 0.729282
27 17 0.615362
27 18 0.856234
27 19 0.664279
27 20 0.796769
27 21 0.716855
27 22 0.424885
27 23 0.700942
27 25 0.712276
27 26 0.439664
27 27 0.544994
27 28 0.715732
27 30 0.734552
27 31 0.476487
27 32 0.85807
27 33 0.448653
27 34 0.599748
27 35 0.516109
27 36 0.563167
27 37 0.445596
27 38 0.644513
27 39 0.424957
27 40 0.765174
27 41 0.672768
27 42 0.467066
27 43 0.773289
27 44 0.81278
27 45 0.406498
27 46 0.651588
27 47 0.434525
27 48 0.741638
27 49 0.745542
27 50 0.610806
27 51 0.534383
27 52 0.745346
27 53 0.574906
27 54 0.670858
27 55 0.692765
27 56 0.659314
27 57 0.490164
27 58 0.445447
27 59 0.408429
27 60 0.759495
27 61 0.69367
27 62 0.583425
27 63 0.832752
27 64 0.424046
27 65 0.564592
27 66 0.709606
27 67 0.417282
27 68 0.781028
27 69 0.577686
27 70 0.799666
27 71 0.723082
27 72 0.428399
27 73 0.676733
27 74 0.499882
27 75 0.785143
27 76 0.545161
27 77 0.435662
27 78 0.751548
27 79 0.73802
27 80 0.727251
27 81 0.503689
27 82 0.580463
27 83 0.474882
27 84 0.653672
27 85 0.743696
27 86 0.425319
27 87 0.49227
27 88 0.720212
27 89 0.756961
27 90 0.737653
27 91 0.562082
27 92 0.566329
27 93 0.676306
27 94 0.560329
27 95 0.774817
27 96 0.487241
27 97 0.509456
27 98 0.533659
27 99 0.693964
28 0 0.62556
28 1 0.88641
28 2 0.438918
28 3 0.519855
28 4 0.746926
28 5 0.491374
28 6 0.73576
28 8 0.426498
28 10 0.529309
28 11 0.685172
28 12 0.556494
28 13 0.412704
28 14 0.594486
28 15 0.50877
28 16 0.702736
28 17 0.530591
28 18 0.82545
28 19 0.512248
28 20 0.618804
28 21 0.682339
28 22 0.613222
28 23 0.705472
28 24 0.443357
28 25 0.486826
28 26 0.753566
28 27 0.527014
28 28 0.754471
28 29 0.751535
28 30 0.734513
28 31 0.467064
28 32 0.541118
28 33 0.428659
28 34 0.575385
28 35 0.546338
28 36 0.55703
28 37 0.580115
28 38 0.486256
28 39 0.718059
28 40 0.685296
28 41 0.670942
28 42 0.633583
28 43 0.457971
28 44 0.79274
28 45 0.654436
28 46 0.813386
28 47 0.781347
28 48 0.461152
28 49 0.586361
28 50 0.407196
28 52 0.769737
28 53 0.714721
28 54 0.496966
28 55 0.531398
28 56 0.612033
28 59 0.578427
28 60 0.781284
28 61 0.6864
28 62 0.78983
28 64 0.62695
28 65 0.724396
28 66 0.425079
28 67 0.654815
28 68 0.431445
28 69 0.729387
28 70 0.732878
28 71 0.724053
28 72 0.51421
28 73 0.66621
28 74 0.70094
28 76 0.633049
28 77 0.576376
28 78 0.762625
28 79 0.728716
28 80 0.728574
28 81 0.749733
28 82 0.696149
28 83 0.706589
28 84 0.591966
28 85 0.782814
28 86 0.762152
28 87 0.404394
28 88 0.676203
28 89 0.665122
28 90 0.439606
28 91 0.415029
28 92 0.726057
28 93 0.414845
28 94 0.476186
28 95 0.42436
28 96 0.671129
28 97 0.624053
28 98 0.510911
28 99 0.404816
29 1 0.406176
29 2 0.64076
29 3 0.516097
29 4 0.471409
29 5 0.749541
29 6 0.431186
29 7 0.489936
29 8 0.493619
29 9 0.622495
29 10 0.470455
29 11 0.484854
29 12 0.539453
29 13 0.757542
29 14 0.680772
29 15 0.491108
29 16 0.541868
29 17 0.443762
29 18 0.456034
29 19 0.467664
29 20 0.596824
29 21 0.772683
29 22 0.822021
29 23 0.441064
29 24 0.551475
29 25 0.53136
29 26 0.739231
29 27 0.507523
29 28 0.738106
29 29 0.441408
29 30 0.423233
29 31 0.406478
29 32 0.452934
29 33 0.750309
29 34 0.487707
29 35 0.492374
29 36 0.518906
29 37 0.691333
29 38 0.638149
29 39 0.448353
29 40 0.481794
29 41 0.439432
29 42 0.740863
29 43 0.731104
29 44 0.841993
29 46 0.605167
29 47 0.600241
29 48 0.546368
29 49 0.564602
29 50 0.489559
29 51 0.743109
29 52 0.696849
29 53 0.717201
29 54 0.437876
29 55 0.446403
29 56 0.451604
29 57 0.791638
29 58 0.7369
29 59 0.698208
29 60 0.412139
29 61 0.702885
29 62 0.574432
29 63 0.519417
29 64 0.639719
29 65 0.839076
29 66 0.700927
29 67 0.714225
29 68 0.58414
29 69 0.550048
29 70 0.717591
29 71 0.690793
29 72 0.667274
29 73 0.661672
29 74 0.580189
29 75 0.713512
29 76 0.753751
29 77 0.721083
29 78 0.521784
29 79 0.722535
29 80 0.444003
29 81 0.738473
29 82 0.449259
29 83 0.6907
29 84 0.405608
29 85 0.718057
29 86 0.439549
29 87 0.699328
29 88 0.420933
29 89 0.517551
29 90 0.416302
29 91 0.459314
29 92 0.555192
29 93 0.454429
29 94 0.831841
29 95 0.796025
29 96 0.469511
29 97 0.493774
29 98 0.409788
29 99 0.684036
30 0 0.487568
30 1 0.485745
30 2 0.732841
30 3 0.774238
30 4 0.797818
30 5 0.704978
30 6 0.547266
30 7 0.460202
30 8 0.654592
30 9 0.603649
30 11 0.545561
30 13 0.719133
30 14 0.701796
30 15 0.752626
30 17 0.502153
30 18 0.557957
30 19 0.615794
30 20 0.853305
30 21 0.77592
30 22 0.622164
30 23 0.62712
30 25 0.516442
30 26 0.517432
30 27 0.622792
30 28 0.763119
30 29 0.729167
30 30 0.723255
30 31 0.490732
30 32 0.559175
30 34 0.754968
30 35 0.74115
30 36 0.509876
30 37 0.746123
30 38 0.411275
30 39 0.697292
30 40 0.643773
30 41 0.533155
30 42 0.742928
30 43 0.830014
30 44 0.862334
30 46 0.571348
30 47 0.421725
30 48 0.708888
30 49 0.685455
30 50 0.770016
30 51 0.412241
30 52 0.471169
30 53 0.477164
30 54 0.430077
30 55 0.660104
30 56 0.584246
30 57 0.587104
30 58 0.563442
30 59 0.424245
30 60 0.523049
30 61 0.442581
30 62 0.680208
30 63 0.503818
30 64 0.655104
30 65 0.547399
30 66 0.555362
30 67 0.723022
30 68 0.761505
30 69 0.698054
30 70 0.418768
30 71 0.705966
30 72 0.726338
30 74 0.559763
30 75 0.807997
30 76 0.463537
30 77 0.765906
30 78 0.496897
30 79 0.713356
30 80 0.642113
30 82 0.425274
30 83 0.741043
30 84 0.628851
30 85 0.702693
30 86 0.850988
30 87 0.758024
30 88 0.631266
30 89 0.513655
30 90 0.406654
30 91 0.722426
30 92 0.43184
30 93 0.550808
30 94 0.853333
30 95 0.444734
30 96 0.790075
30 97 0.467039
30 98 0.417776
30 99 0.660675
31 0 0.74445
31 1 0.705434
31 2 0.551886
31 3 0.499795
31 4 0.786262
31 5 0.830251
31 6 0.624953
31 7 0.740651
31 8 0.600021
31 10 0.457431
31 11 0.461003
31 12 0.503924
31 13 0.401634
31 14 0.710483
31 15 0.762715
31 16 0.540841
31 17 0.688719
31 18 0.540373
31 20 0.719374
31 21 0.473556
31 22 0.473637
31 23 0.540311
31 24 0.527282
31 25 0.413155
31 26 0.612197
31 27 0.606008
31 28 0.539747
31 29 0.566762
31 30 0.449482
31 31 0.8094
31 32 0.645549
31 33 0.408745
31 34 0.473129
31 35 0.469234
31 36 0.733909
31 37 0.424607
31 38 0.635612
31 39 0.803199
31 40 0.639562
31 41 0.708302
31 42 0.450862
31 43 0.413371
31 44 0.757691
31 45 0.572926
31 46 0.597657
31 47 0.533025
31 48 0.432244
31 49 0.542154
31 50 0.78724
31 51 0.73288
31 52 0.811031
31 54 0.834325
31 55 0.494849
31 56 0.412759
31 57 0.474855
31 58 0.767789
31 59 0.695197
31 60 0.741951
31 61 0.421047
31 63 0.885805
31 64 0.844876
31 65 0.862364
31 66 0.652494
31 67 0.50754
31 68 0.7581
31 69 0.446258
31 70 0.40458
31 71 0.739073
31 72 0.664432
31 73 0.74807
31 74 0.777103
31 75 0.561743
31 77 0.774255
31 78 0.785747
31 79 0.42306
31 80 0.496487
31 82 0.660166
31 83 0.498604
31 84 0.571565
31 85 0.528514
31 86 0.749004
31 87 0.580249
31 88 0.820476
31 89 0.81182
31 90 0.562032
31 91 0.707368
31 92 0.781617
31 93 0.524781
31 94 0.542203
31 95 0.826128
31 96 0.806115
31 97 0.489252
31 98 0.716624
31 99 0.499226
32 0 0.586505
32 1 0.71341
32 2 0.473062
32 3 0.779232
32 4 0.474689
32 5 0.841402
32 6 0.526355
32 7 0.692517
32 8 0.436323
32 9 0.834759
32 10 0.727586
32 11 0.447182
32 12 0.402009
32 13 0.767269
32 14 0.717795
32 15 0.403833
32 16 0.474491
32 18 0.53337
32 19 0.611804
32 21 0.574422
32 23 0.737763
32 24 0.719016
32 25 0.623373
32 26 0.50657
32 27 0.469379
32 28 0.694169
32 29 0.531002
32 30 0.509451
32 33 0.703224
32 34 0.526192
32 35 0.407083
32 36 0.503013
32 37 0.548878
32 38 0.444351
32 39 0.440865
32 40 0.4459
32 41 0.513701
32 43 0.445088
32 44 0.722781
32 45 0.661832
32 46 0.439488
32 47 0.453277
32 48 0.765413
32 49 0.41758
32 50 0.639426
32 51 0.776084
32 52 0.469693
32 53 0.420013
32 55 0.403971
32 56 0.475505
32 57 0.576015
32 58 0.669487
32 59 0.546659
32 60 0.506735
32 61 0.637925
32 62 0.552295
32 63 0.41933
32 64 0.658872
32 65 0.411457
32 66 0.767465
32 67 0.422622
32 68 0.431745
32 69 0.530765
32 70 0.668209
32 71 0.66773
32 72 0.505
32 73 0.654235
32 74 0.793593
32 75 0.513638
32 76 0.794016
32 77 0.554532
32 78 0.689189
32 79 0.694623
32 80 0.760704
32 81 0.720501
32 82 0.505934
32 83 0.670814
32 84 0.81381
32 85 0.789579
32 86 0.591474
32 87 0.432403
32 88 0.834998
32 89 0.821477
32 90 0.542816
32 91 0.516397
32 92 0.68278
32 93 0.502257
32 94 0.52115
32 95 0.550111
32 96 0.414256
32 97 0.66095
32 98 0.934211
32 99 0.640364
33 0 0.4
33 1 0.738076
33 2 0.712781
33 3 0.787213
33 4 0.49683
33 5 0.412861
33 6 0.609214
33 7 0.77429
33 8 0.469088
33 9 0.421099
33 10 0.576845
33 11 0.428843
33 12 0.85045
33 13 0.66396
33 14 0.700201
33 15 0.460764
33 16 0.536956
33 17 0.476899
33 18 0.445845
33 19 0.607749
33 20 0.856131
33 22 0.714407
33 23 0.622059
33 24 0.422523
33 25 0.827395
33 26 0.484177
33 27 0.464348
33 28 0.446972
33 29 0.77852
33 30 0.493784
33 31 0.706847
33 32 0.657854
33 33 0.801244
33 34 0.79363
33 35 0.741055
33 36 0.645344
33 37 0.657183
33 38 0.704379
33 39 0.836826
33 40 0.629579
33 41 0.489843
33 42 0.593815
33 43 0.406269
33 44 0.531609
33 45 0.84783
33 46 0.420202
33 47 0.51825
33 49 0.838801
33 51 0.509688
33 52 0.83634
33 54 0.855919
33 55 0.471836
33 56 0.768734
33 57 0.771495
33 58 0.538516
33 59 0.755385
33 60 0.466476
33 61 0.63328
33 62 0.473926
33 63 0.894092
33 64 0.858251
33 65 0.741688
33 67 0.614228
33 68 0.694854
33 69 0.789853
33 70 0.406232
33 71 0.446023
33 72 0.747206
33 73 0.776613
33 74 0.810015
33 75 0.832403
33 76 0.419507
33 77 0.687831
33 78 0.680122
33 79 0.456361
33 80 0.773888
33 81 0.809214
33 82 0.773075
33 83 0.669507
33 84 0.610429
33 85 0.434644
33 86 0.696033
33 87 0.429045
33 88 0.513457
33 89 0.505272
33 90 0.459787
33 91 0.849358
33 92 0.636113
33 93 0.443223
33 94 0.720946
33 96 0.669961
33 97 0.439392
33 98 0.726605
33 99 0.798283
34 0 0.470586
34 1 0.750425
34 2 0.454656
34 3 0.477621
34 4 0.685965
34 5 0.587698
34 6 0.521224
34 8 0.833659
34 9 0.579269
34 10 0.625984
34 11 0.41349
34 12 0.433601
34 14 0.730536
34 15 0.56576
34 16 0.701079
34 17 0.673997
34 18 0.832424
34 19 0.441297
34 20 0.865569
34 21 0.803698
34 22 0.494125
34 23 0.761724
34 24 0.499378
34 25 0.592732
34 26 0.42481
34 27 0.782081
34 28 0.446145
34 29 0.669424
34 30 0.802128
34 31 0.64231
34 32 0.671095
34 33 0.816607
34 34 0.796737
34 35 0.467662
34 36 0.493255
34 37 0.512613
34 38 0.437154
34 39 0.841655
34 40 0.829369
34 41 0.472633
34 42 0.571511
34 43 0.852928
34 44 0.521814
34 45 0.436847
34 46 0.868981
34 47 0.515828
34 48 0.693046
34 50 0.807432
34 51 0.720181
34 53 0.696323
34 54 0.862186
34 55 0.732287
34 56 0.541376
34 57 0.544126
34 58 0.481477
34 59 0.761831
34 60 0.476805
34 61 0.736511
34 63 0.726714
34 64 0.665142
34 65 0.538101
34 66 0.625549
34 68 0.673045
34 69 0.694621
34 70 0.643764
34 71 0.64135
34 72 0.645283
34 74 0.476235
34 75 0.701355
34 76 0.834967
34 77 0.541464
34 79 0.671131
34 80 0.487872
34 81 0.488018
34 82 0.495596
34 83 0.446431
34 84 0.416027
34 85 0.815293
34 86 0.912874
34 87 0.658365
34 89 0.463696
34 92 0.624446
34 95 0.5437
34 96 0.646088
34 97 0.48889
34 98 0.732425
35 0 0.786263
35 1 0.483928
35 2 0.878882
35 3 0.40694
35 5 0.440215
35 7 0.474068
35 9 0.706173
35 10 0.608593
35 12 0.882728
35 13 0.80579
35 14 0.751182
35 15 0.559944
35 16 0.692432
35 17 0.599208
35 18 0.773699
35 19 0.776471
35 20 0.705309
35 21 0.457836
35 22 0.51396
35 23 0.7733
35 25 0.470253
35 26 0.822405
35 27 0.448146
35 28 0.676259
35 29 0.663125
35 30 0.823616
35 32 0.461314
35 33 0.839727
35 34 0.671901
35 36 0.631658
35 37 0.623804
35 38 0.424876
35 39 0.683691
35 40 0.433405
35 41 0.783272
35 42 0.546666
35 43 0.511207
35 44 0.508887
35 45 0.892675
35 46 0.889587
35 47 0.691489
35 48 0.456078
35 49 0.524571
35 50 0.818903
35 51 0.701242
35 52 0.654537
35 53 0.485637
35 54 0.476608
35 55 0.615411
35 56 0.400164
35 57 0.404875
35 58 0.717398
35 59 0.773666
35 60 0.727644
35 61 0.507433
35 62 0.82364
35 63 0.726953
35 64 0.438269
35 65 0.463089
35 66 0.503239
35 67 0.500612
35 68 0.857772
35 72 0.502716
35 73 0.784381
35 74 0.670718
35 76 0.614275
35 77 0.418726
35 78 0.58604
35 79 0.652475
35 80 0.468814
35 81 0.487815
35 82 0.79445
35 83 0.43453
35 84 0.59639
35 85 0.836661
35 86 0.675267
35 88 0.856695
35 91 0.869837
35 92 0.842347
35 93 0.850408
35 94 0.425669
35 95 0.858844
35 96 0.834142
35 97 0.721147
35 98 0.756289
35 99 0.819043
36 0 0.792824
36 1 0.905448
36 2 0.69849
36 3 0.406865
36 4 0.461151
36 5 0.587221
36 6 0.50421
36 7 0.425131
36 8 0.459392
36 9 0.554481
36 10 0.454836
36 11 0.65903
36 12 0.69325
36 13 0.814842
36 14 0.657121
36 15 0.5884
36 16 0.763159
36 17 0.647329
36 18 0.868905
36 19 0.799002
36 20 0.444698
36 21 0.433439
36 22 0.685181
36 23 0.431644
36 24 0.40589
36 25 0.571832
36 26 0.697935
36 27 0.596188
36 28 0.653628
36 30 0.646997
36 31 0.436998
36 33 0.660201
36 34 0.640695
36 35 0.696686
36 36 0.476732
36 37 0.484028
36 38 0.40932
36 39 0.431489
36 40 0.545447
36 41 0.798013
36 42 0.762308
36 43 0.510697
36 44 0.477407
36 45 0.673662
36 46 0.683239
36 48 0.528481
36 49 0.865929
36 50 0.837306
36 51 0.79427
36 52 0.840949
36 53 0.644001
36 55 0.77985
36 56 0.537899
36 57 0.860579
36 58 0.788411
36 59 0.684356
36 60 0.443551
36 61 0.753752
36 62 0.452008
36 63 0.745759
36 64 0.688695
36 66 0.480641
36 67 0.474574
36 69 0.799232
36 70 0.852063
36 71 0.769249
36 72 0.598895
36 74 0.415076
36 75 0.673661
36 76 0.515758
36 77 0.650258
36 78 0.822669
36 79 0.6132
36 81 0.646571
36 82 0.795703
36 83 0.822324
36 84 0.880888
36 85 0.843586
36 86 0.925612
36 87 0.648639
36 88 0.627181
36 89 0.847318
36 90 0.797853
36 92 0.424912
36 93 0.430247
36 94 0.886781
36 95 0.873996
36 96 0.83424
36 97 0.611643
36 98 0.777804
36 99 0.479754
37 0 0.794011
37 1 0.924703
37 2 0.417211
37 3 0.806113
37 4 0.520426
37 5 0.551015
37 6 0.802321
37 8 0.876924
37 9 0.43845
37 11 0.647733
37 12 0.697243
37 13 0.646121
37 14 0.637224
37 15 0.466277
37 16 0.675657
37 17 0.820784
37 18 0.757291
37 19 0.432683
37 20 0.555535
37 21 0.673925
37 22 0.56769
37 23 0.609628
37 24 0.522415
37 25 0.426553
37 26 0.678373
37 27 0.801498
37 28 0.829278
37 29 0.791766
37 30 0.403004
37 31 0.598787
37 32 0.876611
37 33 0.658467
37 35 0.788531
37 36 0.608828
37 37 0.542259
37 38 0.586447
37 39 0.659306
37 41 0.631532
37 42 0.537838
37 43 0.66704
37 44 0.457677
37 45 0.917002
37 46 0.792669
37 47 0.681112
37 48 0.794873
37 50 0.646998
37 54 0.715219
37 55 0.794527
37 56 0.431155
37 57 0.873249
37 58 0.697542
37 59 0.666337
37 60 0.423926
37 62 0.528963
37 64 0.889385
37 66 0.834557
37 67 0.76815
37 68 0.54316
37 69 0.819532
37 70 0.495166
37 71 0.62563
37 72 0.753315
37 73 0.800195
37 74 0.665849
37 75 0.653309
37 76 0.857601
37 77 0.827171
37 78 0.677635
37 79 0.804314
37 80 0.468781
37 81 0.611701
37 82 0.530793
37 83 0.629159
37 84 0.894746
37 85 0.505594
37 86 0.933695
37 87 0.53447
37 88 0.878619
37 89 0.87027
37 90 0.819771
37 92 0.602237
37 93 0.472063
37 94 0.893677
37 95 0.525115
37 96 0.500094
37 98 0.661794
37 99 0.850044
38 0 0.812413
38 1 0.759347
38 2 0.694647
38 3 0.822394
38 4 0.514099
38 5 0.884199
38 7 0.453773
38 8 0.901176
38 9 0.775234
38 10 0.528044
38 11 0.611347
38 12 0.698434
38 13 0.627343
38 14 0.633873
38 15 0.862313
38 16 0.670288
38 17 0.844166
38 18 0.751005
38 19 0.54453
38 20 0.424401
38 22 0.535551
38 23 0.480507
38 25 0.861917
38 26 0.672763
38 27 0.49116
38 28 0.479513
38 29 0.510569
38 31 0.854386
38 32 0.784045
38 34 0.83926
38 35 0.534832
38 36 0.79949
38 37 0.737784
38 38 0.775318
38 39 0.643578
38 41 0.805361
38 42 0.771674
38 43 0.653404
38 44 0.435881
38 45 0.939963
38 47 0.669649
38 48 0.655317
38 49 0.401207
38 51 0.662999
38 53 0.599499
38 56 0.781636
38 57 0.650571
38 58 0.808463
38 59 0.812103
38 60 0.705597
38 61 0.482929
38 63 0.761339
38 64 0.488494
38 65 0.751048
38 66 0.608345
38 69 0.675011
38 70 0.642794
38 71 0.607321
38 72 0.489143
38 73 0.809936
38 74 0.472444
38 75 0.630211
38 76 0.493344
38 77 0.834022
38 78 0.665266
38 79 0.609375
38 80 0.816514
38 81 0.58824
38 82 0.80576
38 83 0.836392
38 84 0.901316
38 85 0.863288
38 86 0.574052
38 87 0.525963
38 89 0.445245
38 90 0.530933
38 91 0.883988
38 94 0.910104
38 95 0.668484
38 96 0.635384
38 97 0.742461
38 98 0.578296
38 99 0.634894
39 1 0.945399
39 2 0.683008
39 3 0.699275
39 4 0.504966
39 6 0.590114
39 7 0.62602
39 8 0.907345
39 10 0.799128
39 11 0.605232
39 13 0.849749
39 14 0.408034
39 15 0.866022
39 16 0.800154
39 18 0.728517
39 19 0.822523
39 20 0.686031
39 21 0.666422
39 22 0.523316
39 23 0.822752
39 24 0.864395
39 25 0.868904
39 27 0.584957
39 28 0.625984
39 29 0.432607
39 30 0.473754
39 31 0.570265
39 32 0.521491
39 33 0.862477
39 34 0.615891
39 35 0.684625
39 36 0.586669
39 39 0.898443
39 40 0.426657
39 41 0.616482
39 42 0.429065
39 43 0.427116
39 45 0.825386
39 46 0.489509
39 47 0.865002
39 48 0.638396
39 49 0.63714
39 50 0.738469
39 51 0.641233
39 53 0.75779
39 56 0.530912
39 58 0.675294
39 59 0.485258
39 60 0.646887
39 61 0.429877
39 62 0.832797
39 63 0.905751
39 65 0.867715
39 67 0.495096
39 68 0.649647
39 69 0.5218
39 70 0.443298
39 71 0.78244
39 72 0.796914
39 73 0.621512
39 75 0.872627
39 76 0.586716
39 77 0.635961
39 78 0.661938
39 79 0.49759
39 80 0.600625
39 81 0.899088
39 82 0.527956
39 83 0.85541
39 86 0.647127
39 87 0.646455
39 88 0.50198
39 89 0.886069
39 90 0.519358
39 91 0.661665
39 92 0.573913
39 93 0.469968
39 94 0.709059
39 95 0.478695
39 97 0.417891
39 98 0.854246
39 99 0.421691
40 0 0.597954
40 1 0.948533
40 3 0.469682
40 5 0.895192
40 6 0.826902
40 7 0.838301
40 8 0.576402
40 9 0.769839
40 10 0.520618
40 12 0.714984
40 13 0.437133
40 15 0.645473
40 16 0.516423
40 18 0.42842
40 19 0.836834
40 20 0.892323
40 21 0.840168
40 22 0.77869
40 23 0.824014
40 26 0.838526
40 30 0.8587
40 31 0.876787
40 32 0.723608
40 33 0.641499
40 34 0.855667
40 36 0.820194
40 37 0.800359
40 38 0.5854
40 39 0.900562
40 40 0.895247
40 41 0.83369
40 42 0.778283
40 43 0.47893
40 44 0.416055
40 45 0.812726
40 46 0.578152
40 47 0.488671
40 48 0.631628
40 49 0.899785
40 50 0.602292
40 51 0.804831
40 52 0.550694
40 53 0.664504
40 54 0.695124
40 55 0.466156
40 57 0.645673
40 58 0.846229
40 61 0.479262
40 62 0.655564
40 63 0.708723
40 66 0.86598
40 67 0.778551
40 69 0.830732
40 70 0.587738
40 71 0.79456
40 72 0.812973
40 73 0.828883
40 74 0.64239
40 76 0.920621
40 79 0.810825
40 80 0.838889
40 81 0.478979
40 82 0.834916
40 83 0.871291
40 84 0.525739
40 85 0.653689
40 88 0.597564
40 89 0.629086
40 90 0.502289
40 91 0.642434
40 92 0.910632
40 93 0.82911
40 94 0.472311
40 95 0.654995
40 96 0.612802
40 97 0.488473
40 98 0.676949
40 99 0.897246
41 1 0.783042
41 2 0.905329
41 3 0.837935
41 4 0.433914
41 5 0.90688
41 6 0.431171
41 8 0.540168
41 9 0.645348
41 10 0.812535
41 11 0.786796
41 14 0.790202
41 15 0.646329
41 17 0.582531
41 18 0.412167
41 19 0.520172
41 20 0.895367
41 21 0.849373
41 23 0.598003
41 25 0.879969
41 26 0.861103
41 28 0.839114
41 29 0.826652
41 31 0.567745
41 32 0.713935
41 33 0.886582
41 34 0.509063
41 36 0.84437
41 39 0.636298
41 41 0.847832
41 42 0.7824
41 44 0.943206
41 45 0.635982
41 46 0.814427
41 47 0.888491
41 48 0.621123
41 49 0.916725
41 50 0.55367
41 52 0.533473
41 53 0.57361
41 54 0.460318
41 55 0.592188
41 56 0.418403
41 58 0.86092
41 59 0.450467
41 60 0.818597
41 64 0.596637
41 65 0.70703
41 67 0.477913
41 68 0.517721
41 71 0.814881
41 72 0.416631
41 73 0.567209
41 74 0.842607
41 76 0.93664
41 77 0.46671
41 78 0.87547
41 79 0.497166
41 81 0.912198
41 82 0.855466
41 85 0.633066
41 86 0.972477
41 87 0.804969
41 88 0.499892
41 90 0.596585
41 92 0.912293
41 94 0.509883
41 95 0.431768
41 96 0.852989
41 99 0.914973
42 0 0.820619
42 1 0.610612
42 3 0.858012
42 4 0.639999
42 5 0.927047
42 6 0.853497
42 7 0.61805
42 8 0.643081
42 10 0.446849
42 12 0.522655
42 14 0.798438
42 16 0.81993
42 18 0.719168
42 19 0.51731
42 20 0.675611
42 21 0.858931
42 22 0.793904
42 23 0.592205
42 27 0.826467
42 28 0.602679
42 29 0.477132
42 30 0.625319
42 31 0.431804
42 33 0.887186
42 34 0.601254
42 35 0.809553
42 36 0.84449
42 39 0.939264
42 41 0.86169
42 42 0.440501
42 43 0.905262
42 46 0.820142
42 47 0.651525
42 48 0.835068
42 49 0.628365
42 50 0.509805
42 51 0.828507
42 52 0.877942
42 54 0.787206
42 56 0.829426
42 57 0.895711
42 59 0.821786
42 60 0.822717
42 61 0.773931
42 63 0.540757
42 64 0.725873
42 66 0.453675
42 69 0.853446
42 70 0.878649
42 71 0.831962
42 72 0.829025
42 73 0.851305
42 74 0.622833
42 75 0.600785
42 76 0.93731
42 77 0.459155
42 78 0.492592
42 79 0.481958
42 81 0.92223
42 84 0.924084
42 85 0.623816
42 86 0.99622
42 87 0.520677
42 89 0.48543
42 90 0.581368
42 91 0.624975
42 92 0.529719
42 93 0.564251
42 94 0.93525
42 95 0.416211
42 96 0.868307
42 97 0.789382
42 99 0.923228
43 0 0.836435
43 1 0.861634
43 4 0.928479
43 7 0.859283
43 8 0.417242
43 9 0.717242
43 10 0.587751
43 11 0.789887
43 12 0.633425
43 13 0.59709
43 14 0.81849
43 15 0.714406
43 17 0.863466
43 19 0.870756
43 23 0.835135
43 25 0.88438
43 28 0.857364
43 29 0.843751
43 30 0.598257
43 31 0.929608
43 34 0.500931
43 35 0.66754
43 36 0.564515
43 37 0.595632
43 38 0.557851
43 39 0.956974
43 40 0.915079
43 42 0.52688
43 43 0.642113
43 46 0.602167
43 48 0.848684
43 49 0.504189
43 51 0.623092
43 52 0.895448
43 56 0.843876
43 57 0.900106
43 58 0.875661
43 59 0.606639
43 60 0.626305
43 61 0.624337
43 62 0.866649
43 63 0.795513
43 64 0.81582
43 66 0.530568
43 67 0.597764
43 68 0.511709
43 69 0.858313
43 71 0.567346
43 72 0.829121
43 73 0.546565
43 74 0.855795
43 75 0.606686
43 76 0.40904
43 77 0.886139
43 78 0.572148
43 81 0.561142
43 82 0.866177
43 85 0.902161
43 86 0.646319
43 88 0.933781
43 89 0.615517
43 91 0.92912
43 92 0.425054
43 93 0.487383
43 95 0.806162
43 96 0.881202
43 97 0.5674
43 98 0.504559
43 99 0.595211
44 0 0.855345
44 1 0.46764
44 3 0.864208
44 4 0.95234
44 5 0.530997
44 8 0.611538
44 10 0.813424
44 12 0.576323
44 13 0.564357
44 14 0.519627
44 16 0.569152
44 17 0.63063
44 18 0.685454
44 20 0.671585
44 21 0.624582
44 22 0.631901
44 23 0.850034
44 24 0.705644
44 26 0.651334
44 27 0.845221
44 28 0.587265
44 29 0.845784
44 31 0.933033
44 32 0.700506
44 33 0.63314
44 34 0.895421
44 37 0.734278
44 38 0.819203
44 39 0.958272
44 40 0.934046
44 41 0.616193
44 42 0.521474
44 43 0.925235
44 44 0.489851
44 45 0.741783
44 46 0.844027
44 47 0.620668
44 49 0.920484
44 50 0.503762
44 51 0.61938
44 52 0.509805
44 55 0.586658
44 56 0.851949
44 57 0.623862
44 58 0.900545
44 59 0.430206
44 60 0.851208
44 61 0.606862
44 62 0.450432
44 64 0.7484
44 65 0.667865
44 66 0.729697
44 67 0.827595
44 68 0.605738
44 69 0.871379
44 70 0.878698
44 71 0.430755
44 72 0.850769
44 73 0.881542
44 74 0.866896
44 75 0.687634
44 77 0.610511
44 80 0.578018
44 81 0.432861
44 82 0.615539
44 83 0.542935
44 84 0.776158
44 85 0.608881
44 86 1.00817
44 89 0.922184
44 90 0.870093
44 91 0.951825
44 93 0.663631
44 94 0.938381
44 95 0.773262
44 96 0.602364
44 99 0.473585
45 0 0.586697
45 1 0.807006
45 2 0.907604
45 3 0.876119
45 4 0.707486
45 6 0.856908
45 7 0.59742
45 8 0.817585
45 9 0.784879
45 10 0.816487
45 11 0.814221
45 12 0.463206
45 13 0.880186
45 15 0.722645
45 16 0.857813
45 17 0.565067
45 18 0.64541
45 19 0.892297
45 20 0.660355
45 24 0.696906
45 27 0.848276
45 28 0.900098
45 29 0.457722
45 30 0.882595
45 31 0.944495
45 32 0.609397
45 33 0.618849
45 35 0.829248
45 36 0.563764
45 38 0.553716
45 43 0.470133
45 45 0.597575
45 46 0.845115
45 47 0.892141
45 54 0.762682
45 55 0.570104
45 58 0.914955
45 60 0.596383
45 61 0.779624
45 62 0.637565
45 63 0.80785
45 66 0.779207
45 68 0.893381
45 69 0.877182
45 71 0.861042
45 73 0.883286
45 74 0.466659
45 75 0.714542
45 76 0.563878
45 77 0.599532
45 82 0.885876
45 83 0.538091
45 84 0.694134
45 85 0.940506
45 86 1.01897
45 87 0.621634
45 88 0.454224
45 89 0.942092
45 90 0.881399
45 91 0.958638
45 92 0.707832
45 93 0.710548
45 94 0.503648
45 95 0.733089
45 96 0.599196
45 97 0.82011
45 98 0.914614
45 99 0.95273
46 1 0.585305
46 3 0.459162
46 4 0.719268
46 5 0.941464
46 6 0.866861
46 10 0.580603
46 11 0.582784
46 12 0.670499
46 14 0.609786
46 15 0.728447
46 16 0.881055
46 21 0.884671
46 23 0.553175
46 25 0.886675
46 26 0.884765
46 28 0.903338
46 29 0.86714
46 30 0.566813
46 33 0.891471
46 36 0.88565
46 37 0.815417
46 38 0.838195
46 40 0.945377
46 41 0.592203
46 42 0.832282
46 43 0.621954
46 45 0.574406
46 48 0.867905
46 50 0.468826
46 51 0.495297
46 54 0.640662
46 56 0.854452
46 57 0.613927
46 58 0.515852
46 64 0.767608
46 70 0.882195
46 72 0.856662
46 73 0.894107
46 74 0.883945
46 76 0.484999
46 77 0.587694
46 78 0.623752
46 84 0.741681
46 94 0.61437
46 97 0.562771
46 99 0.959507
47 0 0.889254
47 1 0.757079
47 3 0.885852
47 4 0.99429
47 5 0.966442
47 6 0.881887
47 7 0.596009
47 9 0.848226
47 12 0.456952
47 13 0.561261
47 14 0.836453
47 15 0.918652
47 16 0.891816
47 18 0.913558
47 19 0.899227
47 21 0.600822
47 24 0.888458
47 25 0.909106
47 26 0.624121
47 27 0.852391
47 28 0.54495
47 29 0.870954
47 30 0.915051
47 32 0.808093
47 33 0.612692
47 34 0.8989
47 35 0.831589
47 36 0.906738
47 38 0.486298
47 40 0.612
47 41 0.581954
47 42 0.852061
47 48 0.615658
47 50 0.630071
47 51 0.883129
47 52 0.58526
47 56 0.855932
47 59 0.602349
47 60 0.576086
47 61 0.58121
47 63 0.691853
47 64 0.713294
47 65 0.785968
47 66 0.596136
47 68 0.917353
47 69 0.890066
47 71 0.883727
47 73 0.905746
47 74 0.900239
47 75 0.790034
47 77 0.4481
47 78 0.609859
47 79 0.825413
47 80 0.871321
47 84 0.546436
47 86 1.0322
47 87 0.819634
47 88 0.951114
47 89 0.591696
47 91 0.96677
47 92 0.809707
47 93 0.757692
47 99 0.981771
48 3 0.890933
48 5 0.970282
48 7 0.886938
48 9 0.470823
48 11 0.706927
48 13 0.678379
48 14 0.503465
48 16 0.904466
48 18 0.600561
48 19 0.920964
48 20 0.912811
48 21 0.905146
48 23 0.890346
48 24 0.896781
48 25 0.77062
48 26 0.588366
48 27 0.678104
48 28 0.772679
48 29 0.639776
48 30 0.755992
48 31 0.77246
48 33 0.906739
48 34 0.68844
48 35 0.85335
48 39 0.613848
48 40 0.961652
48 41 0.875374
48 42 0.503351
48 44 0.767607
48 47 0.909737
48 48 0.504526
48 49 0.767239
48 56 0.87319
48 57 0.918132
48 59 0.711476
48 61 0.567844
48 62 0.814084
48 63 0.630861
48 65 0.686624
48 69 0.49596
48 70 0.882987
48 72 0.460365
48 73 0.737301
48 76 0.560048
48 77 0.756555
48 78 0.566371
48 79 0.543542
48 80 0.459604
48 81 0.966358
48 82 0.60931
48 83 0.514507
48 86 0.827127
48 87 0.74588
48 89 0.956241
48 90 0.699104
48 91 0.776939
48 94 0.597521
48 95 0.514871
48 96 0.903926
48 97 0.635617
48 99 0.593035
