0 4.924413 52.36143 9157 1.0
1 4.93037 52.36327 8007 1.0
2 4.919898 52.353516 36503 1.0
3 4.924021 52.362156 65844 0.0
4 4.874561 52.366627 15152 1.0
5 4.897285 52.359375 115484 1.0
6 4.889355 52.351192 17118 1.0
7 4.891186 52.351406 17120 1.0
8 4.889355 52.351192 17118 1.0
9 4.895 52.351906 521 1.0
10 4.907973 52.345318 11602 1.0
11 4.890524 52.35679 14369 1.0
12 4.894097 52.35312 68080 0.0
13 4.899227 52.35429 68073 1.0
14 4.900075 52.376286 14127 1.0
15 4.867885 52.36545 15941 1.0
16 4.900264 52.376102 14126 1.0
17 4.900264 52.376102 14126 1.0
18 4.895556 52.37383 13862 1.0
19 4.900656 52.37579 13621 1.0
20 4.897403 52.374832 13540 1.0
21 4.896756 52.373985 36401 0.0
22 4.901086 52.372803 61856 1.0
23 4.919769 52.363983 9192 1.0
24 4.900918 52.372307 122938 1.0
25 4.901086 52.372803 61856 1.0
26 4.899334 52.37221 14156 1.0
27 4.900918 52.372307 122938 1.0
28 4.89951 52.372528 92531 0.0
29 4.899334 52.37221 14156 1.0
30 4.89951 52.372528 92531 0.0
31 4.89951 52.372528 92531 0.0
32 4.901587 52.374058 13217 1.0
33 4.899655 52.372814 14060 1.0
34 4.89674 52.366234 104868 0.885
35 4.896087 52.36572 13867 1.0
36 4.897569 52.365707 124724 1.0
37 4.896087 52.36572 13867 1.0
38 4.911309 52.37038 12980 1.0
39 4.895544 52.36615 13930 1.0
40 4.889413 52.35261 14247 1.0
41 4.888849 52.350697 17128 1.0
42 4.910897 52.366623 68353 1.0
43 4.903046 52.363705 12774 1.0
44 4.910691 52.370186 13001 1.0
45 4.89263 52.35612 311 1.0
46 4.887901 52.36255 14880 1.0
47 4.884187 52.358864 123753 1.0
48 4.853039 52.35479 39837 1.0
49 4.874976 52.35713 16385 1.0
50 4.882324 52.35335 40153 1.0
51 4.874444 52.384403 107703 0.885
52 4.899341 52.367626 128319 1.0
53 4.880533 52.379555 22152 1.0
54 4.856544 52.3508 39582 1.0
55 4.886416 52.378017 15566 1.0
56 4.888299 52.35231 121697 1.0
57 4.926421 52.366558 49949 1.0
58 4.857852 52.35187 90053 1.0
59 4.888299 52.35231 121697 1.0
60 4.884846 52.368847 15234 1.0
61 4.899052 52.361946 14522 1.0
62 4.895066 52.376198 14044 1.0
63 4.888528 52.37017 551 1.0
64 4.938297 52.391163 5052 1.0
65 4.890824 52.352726 107009 0.0
66 4.925542 52.359882 50826 1.0
67 4.927645 52.355724 8978 1.0
68 4.881311 52.368584 15174 0.0
69 4.925445 52.360157 50832 1.0
70 4.91072 52.363567 12834 1.0
71 4.847595 52.35157 26515 0.0
72 4.888182 52.3722 15342 1.0
73 4.896087 52.36572 13867 1.0
74 4.910926 52.391148 18769 0.0
75 4.89528 52.37235 14206 1.0
76 4.871137 52.366886 15996 1.0
77 4.895884 52.366383 13932 1.0
78 4.883315 52.37831 22633 1.0
79 4.882655 52.3622 45417 1.0
80 4.906395 52.357944 12665 1.0
81 4.882372 52.380417 22591 1.0
82 4.89868 52.36288 14538 1.0
83 4.862691 52.361446 27313 0.0
84 4.875006 52.363438 16485 1.0
85 4.878323 52.36432 16483 1.0
86 4.893602 52.3545 46590 1.0
87 4.89674 52.366234 104868 0.885
88 4.869382 52.3611 56643 1.0
89 4.900445 52.375957 13568 1.0
90 4.88994 52.37449 13924 1.0
91 4.886295 52.375385 15252 0.0
92 4.901072 52.369457 95927 1.0
93 4.893665 52.36955 99157 1.0
94 4.91328 52.39087 18772 1.0
95 4.868477 52.33151 18192 1.0
96 4.912863 52.39175 19244 1.0
97 4.914034 52.390602 18591 1.0
98 4.891013 52.380543 19377 1.0
99 4.891721 52.380333 19378 1.0
100 4.920781 52.36918 38928 0.0
101 4.871639 52.386208 52944 1.0
102 4.883066 52.364445 39967 1.0
103 4.925526 52.3677 61432 1.0
104 4.826819 52.352886 28879 1.0
105 4.92453 52.390564 5713 0.0
106 4.873413 52.362354 45673 1.0
107 4.886416 52.378017 15566 1.0
108 4.851331 52.370117 603 1.0
109 4.84971 52.369873 67710 1.0
110 4.887408 52.38086 22498 0.625
111 4.870631 52.36351 16511 1.0
112 4.888601 52.368843 15398 1.0
113 4.899621 52.37622 14040 1.0
114 4.936091 52.36483 7792 1.0
115 4.857243 52.322254 57004 0.335
116 4.882343 52.37008 15208 1.0
117 4.848992 52.34948 66729 1.0
118 4.867842 52.362114 16230 0.0
119 4.887195 52.352917 111259 1.0
120 4.901524 52.370033 13717 0.0
121 4.882892 52.360836 59179 1.0
122 4.898732 52.370697 13715 0.0
123 4.901605 52.3695 56404 1.0
124 4.884822 52.36245 14892 1.0
125 4.900419 52.373047 14139 1.0
126 4.857592 52.374775 27696 1.0
127 4.877421 52.35599 14783 1.0
128 4.888103 52.360554 14849 0.0
129 4.826704 52.373405 48121 1.0
130 4.893947 52.371307 46927 1.0
131 4.861125 52.37137 67552 1.0
132 4.91252 52.34992 11416 1.0
133 4.899239 52.360977 14601 1.0
134 4.896595 52.3683 13836 1.0
135 4.893671 52.371513 13639 1.0
136 4.896595 52.3683 13836 1.0
137 4.894404 52.372917 83676 1.0
138 4.956294 52.355373 76691 1.0
139 4.940682 52.37654 74236 0.269
140 4.859837 52.3523 26609 1.0
141 4.891603 52.351315 122706 1.0
142 4.883444 52.373936 90589 1.0
143 4.885012 52.362356 14892 0.9
144 4.900582 52.374397 13917 1.0
145 4.901084 52.375095 13553 1.0
146 4.894045 52.36765 13804 0.0
147 4.892882 52.355965 313 1.0
148 4.873498 52.38112 43621 0.0
149 4.90012 52.36618 105034 1.0
150 4.888303 52.382072 22609 1.0
151 4.877177 52.38304 22570 1.0
152 4.85936 52.364075 64085 1.0
153 4.88754 52.38248 22579 1.0
154 4.895579 52.365704 42940 1.0
155 4.852753 52.37965 49959 1.0
156 4.893461 52.37019 47398 1.0
157 4.882416 52.36624 15378 1.0
158 4.895335 52.371666 13688 1.0
159 4.895454 52.37175 13687 1.0
160 4.888959 52.368572 124200 1.0
161 4.893439 52.370087 13477 0.0
162 4.875873 52.372814 16161 1.0
163 4.875985 52.37252 94673 1.0
164 4.870722 52.369118 93803 1.0
165 4.876666 52.374798 15809 1.0
166 4.876461 52.365665 15934 1.0
167 4.853743 52.37053 105677 1.0
168 4.879142 52.367897 15186 1.0
169 4.899336 52.375416 102191 1.0
170 4.950054 52.36197 76859 1.0
171 4.907659 52.37164 13041 0.491
172 4.88272 52.36463 15015 1.0
173 4.88272 52.36463 15015 1.0
174 4.882214 52.364445 73211 1.0
175 4.88238 52.36441 14921 0.0
176 4.883012 52.364418 14907 1.0
177 4.882785 52.36462 39966 1.0
178 4.795663 52.342926 32353 1.0
179 4.883066 52.364445 39967 1.0
180 4.895869 52.35274 14265 1.0
181 4.86942 52.36111 56644 1.0
182 4.885014 52.36441 15408 1.0
183 4.884624 52.363323 14909 1.0
184 4.899226 52.361492 14517 1.0
185 4.884252 52.376686 15525 1.0
186 4.886158 52.362267 14933 1.0
187 4.884125 52.363094 51999 1.0
188 4.886158 52.362267 14933 1.0
189 4.884181 52.363068 14909 0.0
190 4.889604 52.376915 15542 0.0
191 4.886196 52.362217 14934 1.0
192 4.935412 52.374264 44774 1.0
193 4.93788 52.37638 74288 1.0
194 4.88086 52.3753 15250 0.0
195 4.936309 52.373734 44773 1.0
196 4.931719 52.353153 7735 1.0
197 4.882711 52.375713 15251 0.0
198 4.881829 52.373714 15585 1.0
199 4.926715 52.357536 9109 1.0
200 4.890076 52.35973 14479 1.0
201 4.881963 52.37698 15545 0.0
202 4.864458 52.361866 27334 1.0
203 4.864303 52.362404 27375 1.0
204 4.865547 52.360172 92268 1.0
205 4.863635 52.359955 27457 1.0
206 4.943584 52.390076 92143 1.0
207 4.898119 52.36626 13994 1.0
208 4.880152 52.370316 15163 0.0
209 4.90079 52.369583 58974 1.0
210 4.900912 52.374855 13611 1.0
211 4.899882 52.36616 105032 1.0
212 4.900656 52.37579 13621 1.0
213 4.902153 52.376415 13874 1.0
214 4.891194 52.366344 14011 0.0
215 4.890788 52.366573 92963 0.0
216 4.894891 52.365974 13929 1.0
217 4.891194 52.366344 14011 0.0
218 4.897569 52.365707 124724 1.0
219 4.894746 52.365868 13969 0.0
220 4.885371 52.365448 14992 1.0
221 4.890765 52.374806 46866 0.25
222 4.87916 52.37175 15314 1.0
223 4.881442 52.365547 15015 0.0
224 4.901063 52.37523 13615 0.769
225 4.900906 52.375572 13620 1.0
226 4.890728 52.357357 14333 0.0
227 4.897154 52.366253 13944 1.0
228 4.875211 52.384518 22247 1.0
229 4.888137 52.380466 22708 1.0
230 4.896143 52.366295 90999 0.0
231 4.890378 52.372124 38775 1.0
232 4.927324 52.375828 101169 1.0
233 4.896037 52.3663 124710 1.0
234 4.928407 52.36087 72186 1.0
235 4.931494 52.363438 112497 1.0
236 4.925211 52.36223 117350 1.0
237 4.927497 52.362015 7687 1.0
238 4.926982 52.365982 46907 1.0
239 4.917721 52.357807 72220 1.0
240 4.924472 52.35542 8968 1.0
241 4.91812 52.35705 9073 1.0
242 4.925982 52.36527 106248 1.0
243 4.92579 52.359303 9243 1.0
244 4.907395 52.355587 53243 1.0
245 4.911191 52.356316 103793 0.0
246 4.907176 52.356094 12517 0.0
247 4.910611 52.356457 38611 1.0
248 4.85381 52.34742 26654 1.0
249 4.900023 52.363945 14559 1.0
250 4.887044 52.354637 14766 1.0
251 4.893429 52.35502 46587 1.0
252 4.89078 52.356754 14366 1.0
253 4.890463 52.35536 14331 1.0
254 4.893268 52.355427 46585 1.0
255 4.892836 52.35589 46582 0.0
256 4.890589 52.356186 14441 1.0
257 4.890077 52.355175 39493 1.0
258 4.898502 52.357353 14392 0.0
259 4.897705 52.356094 14350 0.0
260 4.894256 52.350494 11822 1.0
261 4.891335 52.352116 14245 1.0
262 4.902356 52.353447 12485 0.0
263 4.889744 52.35065 11815 1.0
264 4.888603 52.355732 14361 1.0
265 4.896827 52.357014 14338 1.0
266 4.899621 52.37622 14040 1.0
267 4.888601 52.368843 15398 1.0
268 4.887771 52.38009 22704 0.0
269 4.917726 52.358116 86868 1.0
270 4.909502 52.367355 124930 1.0
271 4.858657 52.3714 106939 1.0
272 4.896045 52.377865 85933 1.0
273 4.896806 52.378033 85932 1.0
274 4.893653 52.374184 104679 1.0
275 4.892317 52.37651 14025 1.0
276 4.890334 52.372494 38778 1.0
277 4.896271 52.37777 129937 1.0
278 4.888702 52.369244 71230 1.0
279 4.890296 52.37163 13399 1.0
280 4.899663 52.376625 125028 1.0
281 4.888687 52.36907 71231 1.0
282 4.895579 52.365704 42940 1.0
283 4.895579 52.365704 42940 1.0
284 4.895612 52.36498 42939 1.0
285 4.897685 52.365364 124725 1.0
286 4.859395 52.36606 94205 1.0
287 4.889328 52.371674 71225 1.0
288 4.855361 52.35469 39817 1.0
289 4.87637 52.363102 16610 1.0
290 4.882987 52.384624 64800 1.0
291 4.883511 52.369137 110417 0.0
292 4.889541 52.37187 38774 1.0
293 4.884066 52.384346 94592 1.0
294 4.861176 52.363823 27440 1.0
295 4.876464 52.34283 17665 1.0
296 4.895666 52.376095 14042 0.0
297 4.876524 52.369328 39686 0.0
298 4.934752 52.399456 111589 0.0
299 4.87767 52.3739 15578 1.0
300 4.891256 52.35965 69374 0.0
301 4.93052 52.356407 97322 1.0
302 4.891398 52.350567 69791 1.0
303 4.852459 52.352226 27189 1.0
304 4.898253 52.362167 124904 1.0
305 4.898927 52.36225 14474 1.0
306 4.90045 52.372078 13709 1.0
307 4.899226 52.361492 14517 1.0
308 4.901747 52.37679 106195 1.0
309 4.89552 52.37614 14042 1.0
310 4.894045 52.36765 13804 0.0
311 4.893934 52.37414 104678 1.0
312 4.89647 52.37122 13788 1.0
313 4.897019 52.37145 13661 1.0
314 4.897886 52.375156 13555 1.0
315 4.897886 52.375156 13555 1.0
316 4.897375 52.375355 13510 1.0
317 4.897375 52.375355 13510 1.0
318 4.847932 52.372524 27641 1.0
319 4.855939 52.37433 27835 1.0
320 4.852049 52.35939 27088 1.0
321 4.888711 52.367733 37491 1.0
322 4.888989 52.383644 19461 1.0
323 4.931078 52.38546 39877 0.0
324 4.866832 52.353634 16306 0.0
325 4.864425 52.33407 124835 0.233
326 4.891194 52.366344 14011 0.0
327 4.894149 52.37243 13666 1.0
328 4.86141 52.35918 27214 1.0
329 4.90665 52.38477 18489 1.0
330 4.861381 52.35922 27215 1.0
331 4.868485 52.370705 106881 1.0
332 4.920741 52.383446 73690 1.0
333 4.901066 52.375965 14132 1.0
334 4.857334 52.350452 115866 1.0
335 4.955919 52.35462 114532 1.0
336 4.890187 52.372482 38759 1.0
337 4.884624 52.363323 14909 1.0
338 4.920836 52.351624 765 0.0
339 4.882239 52.369537 15176 1.0
340 4.945504 52.34892 46516 1.0
341 4.926062 52.372063 74294 1.0
