0 33 10 6 19 17 14 22 26 11 34 0 30 20 21 25 45 40 4 32 15 2 18 49 28 24 23 7 27 54 65 16 31 3 13 51 35 36 37 38 47 53 8 42 43 44
1 29 18 13 44 35 15 16 20 22 30 26 27 46 2 3 42 5 6 41 8 38 34 12 33 17 32 47 31 25 28 24 50 19 14 11 51 36 37 55 39 40 7 4 43 59 45 23
2 37 28 34 32 16 17 23 22 9 31 14 15 18 21 29 26 1 53 3 39 38 36 33 13 19 20 30 24 27 25 0 12 54 58 8 35 7 61 5 4 66 41 51 49 45
3 36 35 27 25 0 46 2 40 34 31 29 28 10 12 13 22 18 17 24 21 15 23 11 52 4 39 55 19 20 51 14 26 9 8 30 32 33 6 54 37 38 41 42 48 44 45 65 47
4 21 27 36 41 17 32 29 33 23 22 49 39 38 13 37 15 16 9 18 19 20 8 42 5 4 34 45 46 28 1 24 31 30 26 25 62 0 64 12 11 69 74 6 43 44 3 2 47
5 22 33 23 35 28 25 15 13 44 37 12 36 34 17 5 10 11 1 6 18 30 29 3 24 54 66 48 27 21 20 51 31 32 2 16 14 57 9 38 47 40 41 42 46 0
6 21 41 12 16 18 29 23 27 36 34 32 30 19 22 25 50 39 33 7 31 9 10 13 14 15 17 26 24 28 61 11 8 6 5 51 0 3 37 47 2 40 46 42 45
7 23 11 36 38 30 21 26 35 15 16 29 0 42 2 3 45 39 7 8 47 10 13 32 19 24 25 22 53 51 20 18 31 17 33 48 14 12 71 6 5 40 73 1 43
8 25 43 28 9 32 41 5 36 7 33 12 29 16 22 44 42 40 10 31 30 17 18 20 27 26 51 23 21 19 15 14 58 60 61 34 49 6 37 38 39 4 63 2 1 0 45
9 33 20 37 26 48 14 16 19 22 24 36 8 34 30 15 29 1 54 4 35 41 12 17 21 23 25 55 27 43 18 45 11 32 47 9 7 52 2 38 40
10 20 27 42 5 36 13 14 17 31 29 2 40 38 15 28 24 26 0 46 43 9 35 11 34 33 23 50 22 21 19 51 18 32 16 49 10 8 45 7 39 6 41 4 44
11 18 34 33 17 32 31 29 27 20 9 30 21 22 46 39 38 3 37 36 12 14 28 26 23 50 25 19 16 67 57 55 10 8 51 49 48 5 0 2 45 43 41
12 32 26 47 34 45 22 42 44 10 31 29 28 24 43 40 4 38 37 36 9 12 46 17 20 27 23 25 50 19 18 16 14 13 33 11 35 49 6 5 3 57 1 21
13 28 31 4 20 14 40 24 21 7 11 10 9 12 48 47 15 16 17 38 19 5 53 37 33 43 25 44 27 59 29 30 52 32 23 51 35 36 22 18 39 13 8 6 57 1 45
14 20 39 27 22 16 15 13 48 8 44 0 26 12 25 19 18 17 46 52 24 11 28 29 36 37 38 56 14 59 49 60 54 57 30 31 32 33 34 35 10 47 41 42 43 9 62
15 32 11 37 33 27 26 19 16 21 29 28 17 12 14 0 10 18 8 45 22 23 25 46 4 30 34 35 36 40 41 43 15 9 13 24 47 5 31 3 54 65 38 39
16 13 17 25 32 21 22 40 33 31 29 14 26 23 0 44 38 37 35 34 9 28 15 16 18 19 24 20 27 12 11 79 10 8 74 58 55 36 4 3 39 2 54 42 51 50 45 46 47 48 49
17 29 24 22 33 9 30 14 28 25 20 41 45 35 16 27 21 44 36 5 34 31 13 0 23 19 52 26 17 15 12 11 53 51 8 7 6 4 37 38 63 2 64 43
18 41 40 9 11 13 33 20 22 29 8 19 32 31 30 39 3 4 38 48 37 10 35 45 15 16 18 44 24 42 26 28 27 50 17 34 47 36 7 53 63 1 21
19 14 24 53 37 34 11 17 18 19 21 28 29 60 49 42 4 41 6 38 8 33 13 32 16 20 22 30 25 26 27 50 0 59 12 10 35 36 9 7 39 40 56 3 43 54 45 1 47 48 2 52
20 23 22 38 36 26 21 20 37 29 28 25 8 24 13 15 44 16 17 19 11 27 31 35 3 1 39 42 45 18 51 49 10 53 54 55 56 4 30 48 33 34 2 40 41 0
21 16 36 35 31 53 15 20 22 24 0 32 13 18 26 44 2 47 72 39 37 10 12 28 19 21 27 25 23 17 29 30 11 9 51 34 8 54 6 48 56 40 41 42 3 1 46
22 27 20 24 39 38 35 34 11 31 15 2 37 30 28 18 44 5 36 33 10 17 19 25 23 51 50 26 52 14 29 13 53 42 9 8 7 54 56 57 58 40
23 14 22 36 24 18 20 29 38 13 16 17 25 0 46 2 3 42 41 37 33 31 30 12 15 19 26 50 27 28 21 11 10 32 72 34 35 54 7 48 39 40 1 4 43 44
24 26 36 33 9 28 21 34 24 37 31 29 12 13 19 20 22 0 53 45 44 32 16 17 18 23 25 64 55 52 51 50 10 8 7 6 48 47 4 2 39
25 31 37 16 35 18 28 30 29 19 20 21 26 22 36 4 34 6 32 52 10 12 13 14 17 23 27 25 48 0 15 11 9 7 33 54 57 2 76 38 39 47 41 46 43
26 34 17 22 27 12 13 33 32 19 21 30 24 26 50 54 48 3 4 5 47 44 38 9 37 36 16 31 29 28 0 23 20 61 15 14 35 11 10 59 53 40 41 49 46 7
27 17 16 14 35 33 32 22 21 38 29 28 27 8 11 0 20 9 23 26 51 30 31 2 36 39 15 12 10 18 19 13 48 47 52 5 4 54 34 37 55 45 44 42
28 25 6 26 34 33 22 0 38 16 19 20 23 47 44 42 4 39 8 9 36 35 12 15 32 18 31 24 27 29 28 30 56 51 14 50 11 48 37 7 5 46 41 3 43 2 45
29 21 39 29 22 4 42 23 38 32 31 10 45 12 19 18 17 25 15 14 49 11 26 48 30 51 34 35 5 50 13 3 61 24 16 28 66 58 33 47 37 7 6 46 41 43 44
30 37 29 14 20 31 39 13 33 18 19 32 24 26 43 42 2 3 46 5 53 49 36 11 12 16 17 23 30 27 28 25 22 48 15 34 35 10 8 47 6 40 71 1 50 45
31 29 42 36 21 24 28 27 23 8 30 18 19 26 2 3 41 39 6 37 9 34 12 13 54 33 17 20 22 53 83 16 31 49 15 11 48 10 57 38 5 40 4 1 43 44 45
32 23 25 15 29 16 35 21 18 13 39 30 28 11 45 14 9 8 20 22 24 31 33 34 47 17 44 7 53 5 26 27 4 61 2 41 72 40 37 38 50
33 31 28 26 27 8 13 22 23 4 9 12 15 16 20 25 0 47 45 44 40 37 36 10 32 14 17 18 29 24 21 50 49 11 33 34 35 7 6 48 39 5 41 42 46
34 24 22 17 21 31 29 6 11 12 41 43 32 28 27 16 15 42 19 20 8 4 35 36 39 13 18 14 48 47 9 44 26 7 53 30 60 33 34 2 38 40 1 61
35 32 10 16 34 31 29 27 0 38 11 12 28 18 20 23 43 39 36 33 30 14 19 21 22 24 25 50 17 15 75 71 65 7 58 55 48 47 37 3 45 1 42
36 24 25 6 26 36 34 32 9 13 30 15 29 28 23 27 39 37 35 33 45 31 11 12 16 17 18 43 20 42 21 14 10 46 47 51 67 2 1 38 0 40 41
37 19 31 27 11 37 36 34 32 4 28 23 22 18 13 14 43 17 12 10 8 25 26 6 29 56 3 33 35 1 50 16 20 15 9 49 53 30 59 38 46 40 44 21
38 19 36 30 35 34 32 28 22 12 13 16 9 15 47 14 17 40 24 27 29 4 31 45 37 43 10 51 46 7 21 6 23 44 26 59 3 33 76 1 38 0
39 27 36 22 32 29 12 11 0 16 17 25 48 9 10 41 5 13 38 37 35 30 28 21 23 24 7 8 57 49 3 19 31 2 33 34 18 60 15 14 39 40 51 42 43 44
40 17 39 35 23 32 11 29 25 36 10 15 22 47 33 31 30 9 12 28 16 26 19 20 24 0 21 58 27 14 13 59 7 63 5 34 4 3 56 49 2 40 48 1 43 44 46
41 22 25 21 29 16 24 34 33 32 30 51 19 14 0 44 15 46 20 23 47 26 27 28 5 37 39 11 17 18 13 9 48 4 31 3 2 54 35 36 38 40 41 42
42 39 14 24 42 31 27 26 17 20 11 48 23 44 43 37 35 34 33 10 28 18 19 25 0 22 21 16 13 12 29 30 51 47 52 7 6 36 5 38 4 40 41 53 54 61 46
43 33 31 39 32 28 45 40 7 36 35 14 16 20 23 49 46 43 6 38 37 10 11 18 21 29 24 25 26 27 22 30 19 75 59 34 56 54 9 8 52 4 50 42 3 44 0 1
44 26 24 40 38 37 36 16 14 20 9 35 34 33 13 44 15 48 17 18 19 22 5 25 53 28 31 32 12 8 7 23 27 29 30 11 10 55 2 56 41 65
45 27 24 25 23 34 8 10 15 0 31 6 21 17 12 16 50 18 19 3 28 46 45 32 36 41 13 11 20 59 22 7 49 4 26 44 33 1 35 37 38 39 40
46 25 33 32 6 8 24 39 16 20 22 2 30 40 53 36 31 43 29 12 13 27 26 21 23 54 18 17 15 28 41 42 44 45 4 34 35 52 37 19
47 30 27 32 40 13 19 22 24 20 34 33 31 11 29 17 38 2 37 35 14 15 16 18 28 44 23 42 41 0 12 10 45 8 48 6 5 4 52 55 39
48 24 31 0 35 18 23 28 48 9 12 13 36 16 29 59 47 4 5 6 7 41 40 39 38 34 30 25 26 27 52 21 20 32 51 19 17 15 37 14 11 10 50 42 43 3 46
49 38 18 32 23 20 11 17 14 54 43 35 31 29 28 26 16 21 13 19 22 24 27 7 6 30 39 42 51 10 15 9 48 8 5 4 33 44 3 36 52 53 40 41
50 28 24 6 18 42 44 29 46 23 22 9 11 17 21 12 10 19 47 52 25 27 32 37 50 40 41 14 15 16 13 49 7 4 57 2 30 31 66 34 35 36 39
51 21 18 19 30 6 12 24 46 11 33 15 17 20 26 27 0 51 44 43 39 7 38 9 35 34 31 22 29 50 57 23 16 32 1 13 10 36 47 4 5 40 42
52 17 25 9 20 32 30 41 2 40 8 44 16 19 24 21 4 5 6 7 47 12 13 35 15 49 51 26 29 28 27 22 31 0 33 18 52 36 11 10 43 3 1 42
53 32 26 23 11 30 13 16 41 35 27 25 21 19 18 12 14 40 17 54 7 5 28 29 34 36 20 38 52 15 8 22 24 55 57 59 51 2 49 79 39 50
54 20 15 30 29 10 49 41 35 5 28 7 23 21 11 19 14 17 18 13 8 24 25 27 55 37 50 40 0 46 16 12 9 67 65 62 4 57 31 33 34 2 53 51 1 42 45
55 32 5 16 20 29 7 40 10 33 31 19 21 22 25 28 56 1 49 45 44 41 35 11 12 13 18 30 24 26 27 23 17 67 14 34 57 36 37 0 53 8 6 50 2 4
56 35 21 31 41 37 17 20 29 32 18 25 23 39 36 51 34 8 9 10 11 12 30 16 19 28 24 26 27 0 22 15 14 13 33 7 48 59 75 38 2 47 1 42 43 44 46
57 35 31 27 25 23 13 14 21 34 32 30 7 9 20 18 16 15 19 11 0 10 8 6 46 29 5 33 38 44 40 17 12 22 24 26 48 60 2 61 36 37 43 42
58 17 18 27 26 34 12 19 3 33 30 16 20 21 25 46 0 39 37 35 6 32 10 29 15 24 22 14 51 45 11 9 31 8 52 5 53 36 55 38 56 40 41 44 43
59 24 27 6 30 41 39 32 7 9 13 14 15 17 44 28 23 1 37 36 8 47 11 12 31 18 29 43 26 22 61 19 16 5 33 34 35 4 3 38 48 42 21
60 29 25 10 37 36 33 34 3 32 6 30 23 50 13 47 45 16 43 39 19 20 21 38 0 24 1 35 27 31 8 56 28 5 51 2 26 49 11 14 18 44 41 42 17
61 31 21 39 30 25 19 15 38 40 35 24 23 9 44 14 16 17 43 20 10 47 6 26 28 48 4 32 33 12 45 42 7 27 29 34 49 36 55 1 0
62 24 3 11 36 33 44 25 21 16 19 37 32 29 27 13 17 15 0 23 26 8 30 45 40 52 14 18 20 12 22 10 9 28 7 43 48 35 59 39
63 32 21 22 16 7 42 8 30 18 19 2 23 29 25 48 40 38 10 11 36 35 14 15 34 20 5 26 47 27 53 17 31 1 33 3 13 51 45 52 39 4 43 55
64 27 24 35 13 18 23 22 3 38 12 15 16 26 42 41 47 6 36 34 32 11 30 17 19 29 28 25 77 21 20 49 31 10 33 9 63 7 37 5 4 46 2 68 43 44
65 26 20 32 21 35 14 17 19 22 8 34 18 23 30 27 38 41 3 4 44 6 48 11 33 13 15 16 24 28 29 25 31 50 47 9 7 53 58 62 39
66 17 14 26 28 43 42 4 36 35 12 15 30 25 23 47 5 38 7 8 11 13 66 34 19 20 21 31 29 27 64 0 22 32 62 18 10 9 37 6 60 40 3 2 67 44 45
67 27 32 26 25 23 22 36 41 39 35 31 17 12 13 14 15 19 20 21 66 24 28 4 33 50 43 0 16 11 18 9 8 60 6 29 30 54 3 44 37 1 40
68 28 19 32 18 12 17 43 1 41 37 5 29 23 22 14 15 16 13 20 21 24 26 27 6 30 31 33 34 39 44 11 54 57 59 25 7 4 35 47 3 45 68 0
69 24 26 31 16 19 48 39 4 6 32 8 11 29 14 27 52 38 34 30 13 15 17 18 28 22 23 25 50 20 64 59 9 0 33 5 51 36 37 3 2 40 47 42 43 44 45
70 31 33 30 21 39 14 22 37 10 13 18 19 24 25 40 3 4 38 52 8 34 12 32 17 29 28 26 27 23 0 20 16 15 11 48 46 36 6 54 66 1 44 42
71 12 13 23 24 44 33 20 25 9 11 19 0 1 49 4 43 38 7 8 37 34 16 32 18 21 29 50 27 28 22 30 31 17 15 14 58 36 51 6 39 40 41 42 5 47 45
72 16 41 27 23 19 50 48 38 35 32 28 26 25 10 24 13 15 18 20 0 11 9 8 49 29 31 34 4 36 54 52 21 12 6 30 46 33 37 3 39 40 2 42 43 44
73 24 16 23 22 15 13 11 0 17 14 6 10 43 41 9 4 39 8 32 19 29 28 27 26 25 7 62 2 21 20 54 31 18 33 51 35 49 37 38 61 40 5 42 12 44 45 46 47 48
74 22 36 19 45 38 34 11 27 20 23 30 14 29 26 25 42 40 37 35 9 10 13 28 18 21 24 0 46 47 49 12 31 32 33 8 51 6 5 4 53 57 41 62 43 44
75 16 22 21 0 19 15 24 32 31 23 20 18 17 12 44 9 26 29 34 49 36 37 38 45 42 43 13 57 11 10 8 1 3 7 14 25 27 53 30 6 5 33 39 47 4
76 43 33 30 22 24 46 5 38 36 27 0 53 52 48 45 39 35 14 15 16 28 18 20 21 23 26 25 19 17 29 13 60 32 12 34 11 10 37 9 8 40 41 42 57 54 6 2 50 3
77 35 27 26 23 42 41 47 34 32 28 9 19 12 16 14 15 45 44 54 11 20 21 39 46 36 33 6 8 29 7 30 31 49 25 5 4 24 37 38 22 48 2 55 43 17 13 59
78 22 23 15 42 30 29 24 20 0 43 35 25 48 9 16 17 8 2 32 33 47 37 38 39 46 14 52 18 19 6 12 53 54 11 51 27 28 75 31 10 36 41 1 26
79 4 31 3 16 20 33 24 23 42 41 39 12 19 1 48 6 7 9 38 36 14 15 35 18 34 22 32 26 30 29 28 27 25 0 21 53 13 37 11 10 40 8 66 52 49 68 47
80 21 24 29 20 23 48 37 35 34 12 31 18 19 26 25 44 2 60 49 51 39 10 30 15 16 17 0 27 28 22 14 58 32 33 11 9 54 8 38 7 40 6 5 3 65 47
81 14 44 17 19 22 23 40 35 34 27 50 1 2 3 43 6 8 9 38 11 37 13 15 36 18 20 21 32 28 29 0 62 26 33 25 24 16 12 52 39 7 41 42 48 4
82 16 30 29 18 34 32 24 0 39 37 27 21 14 13 50 44 48 1 10 4 31 25 22 23 51 9 26 7 28 6 12 53 19 33 3 35 36 49 38 59 40 41 11 43 72 45
83 21 25 35 34 27 19 17 16 31 3 15 44 28 45 48 10 37 8 22 7 33 6 32 23 29 5 26 4 12 24 30 68 11 20 1 18 36 54 38 39 40 49 13 50
84 29 34 26 23 0 8 25 21 47 40 31 28 13 24 45 35 33 30 27 14 15 18 19 22 20 17 16 62 11 10 9 7 32 57 5 4 36 37 38 55 50 1 42 46 44
85 23 25 11 33 17 18 3 37 7 31 13 14 19 20 21 44 42 41 40 8 9 12 30 29 22 27 26 24 28 60 15 56 32 6 34 35 36 50 38 49 45 2 0 43
86 9 27 22 29 17 18 19 23 38 32 11 43 39 4 35 33 7 8 12 13 31 28 20 21 24 25 26 50 47 15 30 14 10 6 34 48 36 37 3 57 45 41 42 68 44
87 12 28 5 33 13 17 32 26 27 42 38 37 54 14 16 31 22 23 39 36 45 34 9 11 15 20 29 25 47 48 30 19 51 10 8 7 61 3 2 67 0 41
88 29 18 45 3 25 49 41 39 7 9 33 21 23 26 40 5 36 30 12 14 28 16 17 27 20 22 24 19 15 13 60 31 32 56 52 35 8 37 51 6 4 2 50 43 0 47
89 18 21 38 23 34 13 42 33 30 29 10 14 15 25 19 43 40 47 8 11 28 26 20 22 24 17 48 27 12 9 7 31 32 51 5 4 36 37 3 39 52 45 1 0 44
90 30 29 28 26 14 33 18 9 40 39 38 0 12 32 31 20 51 19 21 23 59 11 42 41 10 7 48 45 49 22 44 15 4 27 3 56 6 13 36 37 25
91 28 21 29 5 12 6 32 14 27 18 19 26 0 53 42 40 39 7 31 10 30 15 20 25 50 23 66 17 61 13 11 9 55 33 54 35 52 48 38 47 3 45 44 43
92 36 43 14 30 17 22 24 42 9 15 21 29 27 45 39 4 37 34 33 10 11 32 13 18 19 20 28 52 25 50 16 31 12 8 7 35 6 67 49 3 40 41 2 1 47 23
93 25 28 19 36 33 13 29 43 42 39 37 32 31 14 30 16 0 49 44 10 12 17 18 22 27 50 26 23 21 20 15 54 9 8 51 35 1 6 47 45 40 2 4
94 20 35 4 40 28 22 41 32 31 45 13 14 27 16 39 48 46 33 8 17 18 19 26 23 24 25 21 15 12 29 30 10 9 7 44 5 36 37 38 2 52 65 42
95 42 28 41 5 30 17 39 16 48 37 34 32 13 15 23 22 55 40 38 14 18 24 21 20 19 25 0 27 54 29 52 31 10 50 9 35 36 49 7 1 4 3 45 43 44
96 32 25 23 14 29 27 37 6 10 26 17 18 40 44 38 49 34 33 45 28 16 19 20 24 22 21 15 13 12 11 30 31 9 7 48 35 36 52 53 56 0 41 42 43
97 39 5 33 30 25 40 34 8 31 29 20 27 22 23 43 36 49 48 46 11 13 14 15 18 28 24 26 45 19 17 16 12 32 55 4 35 3 2 38 1 65 42
98 29 30 2 25 21 19 6 12 43 24 28 27 7 40 38 37 36 35 34 15 33 31 18 3 20 22 23 26 65 5 70 17 32 51 14 13 11 56 9 39 57 45 50
99 28 39 16 44 36 13 31 24 0 9 22 23 48 2 43 6 38 8 10 12 32 30 29 20 27 25 26 21 19 18 59 15 14 33 58 35 54 37 50 49 40 41 42 4 3 45 46 47
