23 10.86788 59.95192 213449 0.768 49
30 10.715305 59.94895 37122 1.0 75
4 10.7156725 59.929195 113586 0.739 50
41 10.847566 59.94405 137151 0.306 43
48 10.781618 59.94548 160730 0.807 23
44 10.780764 59.90729 282673 0.576 36
10 10.763578 59.933994 148476 0.122 46
12 10.813415 59.89729 310226 0.484 35
2 10.71734 59.92938 114018 0.638 25
3 10.784649 59.881794 297371 0.462 22
16 10.704116 59.942337 219721 0.59 43
31 10.812558 59.94142 251822 0.507 42
11 10.764768 59.935173 148511 0.542 55
39 10.725411 59.909527 259392 0.49 80
6 10.749136 59.91199 260358 1.0 1
36 10.752169 59.914307 112295 0.27 49
32 10.736398 59.912766 246528 0.206 65
28 10.722002 59.90822 117724 0.24 28
29 10.7545185 59.937805 279836 0.05 73
37 10.749189 59.911037 209920 0.494 43
5 10.738157 59.912987 138233 0.361 31
22 10.716448 59.92894 113985 0.886 31
7 10.867263 59.951477 289875 0.302 27
21 10.748673 59.914265 11859 0.382 61
45 10.779106 59.908253 162421 0.896 52
24 10.727746 59.9133 4542 0.267 39
20 10.72836 59.91073 98231 0.606 29
50 10.781734 59.945408 160730 0.964 85
34 10.844913 59.924953 69117 0.452 62
46 10.78146 59.945374 160730 0.563 55
27 10.926628 59.960854 229649 1.0 66
47 10.7814245 59.945457 160730 0.525 76
38 10.752001 59.91137 329721 0.614 25
9 10.748558 59.9143 245811 1.0 49
13 10.765495 59.949497 50757 0.531 64
18 10.819253 59.907528 263727 0.5 54
33 10.703974 59.942383 219721 0.142 25
17 10.81928 59.907597 263613 0.0 20
49 10.7817 59.945488 160730 0.927 31
15 10.867413 59.95087 115752 0.956 56
43 10.878567 59.951492 40833 0.816 53
35 10.740147 59.913597 3195 0.273 40
19 10.732002 59.913006 315039 0.249 32
1 10.799907 59.861332 244646 0.599 5
42 10.725864 59.91239 156606 0.59 38
26 10.845398 59.88295 159256 0.903 27
14 10.781618 59.94548 160730 0.807 72
40 10.758951 59.90842 300332 0.848 10
8 10.867219 59.951412 289875 0.191 61
25 10.677006 59.921955 269582 0.674 100
