66 10.73437 59.91461 233778 1.0 58
3 10.738834 59.915237 276646 1.0 65
99 10.734913 59.914124 233832 1.0 89
30 10.766946 59.91042 56342 1.0 29
17 10.743425 59.91464 290436 0.0 60
79 10.734731 59.914143 233822 1.0 48
65 10.734093 59.91469 233776 1.0 32
94 10.733509 59.91448 233432 1.0 34
5 10.747761 59.913895 234130 0.0 56
83 10.733635 59.914364 233428 1.0 66
72 10.733934 59.91472 233774 1.0 51
107 10.734812 59.914146 233826 1.0 83
85 10.733726 59.914314 233426 1.0 100
84 10.733726 59.914314 233426 1.0 62
14 10.708998 59.91726 307336 1.0 23
86 10.733726 59.914314 233426 1.0 13
93 10.734093 59.91469 233776 1.0 43
88 10.733726 59.914314 233426 1.0 15
1 10.709921 59.918793 16060 1.0 72
62 10.726157 59.911068 257226 1.0 41
29 10.708657 59.92656 97476 0.0 44
6 10.728309 59.9136 195696 0.0 37
80 10.734652 59.914074 233820 1.0 83
109 10.735033 59.91423 233834 1.0 96
69 10.733477 59.914505 233434 1.0 1
63 10.726389 59.91108 51392 1.0 19
98 10.734965 59.914253 233836 1.0 59
71 10.733934 59.91472 233774 1.0 24
73 10.734435 59.9141 233418 1.0 25
18 10.739497 59.914314 276332 1.0 77
74 10.734435 59.9141 233418 1.0 89
108 10.734984 59.91427 233838 1.0 30
76 10.734172 59.91417 233420 1.0 52
67 10.73437 59.91461 233778 1.0 70
77 10.73437 59.91461 233778 1.0 44
0 10.71076 59.929806 98736 1.0 26
87 10.733726 59.914314 233426 1.0 33
92 10.734172 59.91417 233420 1.0 27
78 10.734792 59.914127 233824 1.0 46
20 10.729359 59.913467 195698 1.0 52
7 10.732827 59.913597 289104 1.0 47
15 10.76572 59.936047 296260 1.0 59
16 10.724871 59.910107 98406 1.0 90
68 10.734619 59.914524 233780 1.0 40
106 10.735007 59.91431 233842 1.0 59
104 10.734946 59.914326 233844 1.0 44
57 10.726157 59.911068 257226 1.0 24
97 10.734966 59.914272 233840 1.0 19
13 10.712859 59.93289 3276 1.0 45
58 10.726599 59.91105 257224 1.0 62
