0 28 31 81 47 58 25 1 38 17 61 4 15 88 33 39 51 64 42 
1 1 17 38 39 51 64 88 15 81 47 58 31 4 
2 39 85 4 58 93 17 88 1 65 51 
3 37 1 39 4 15 25 88 58 
4 37 42 88 61 81 15 85 47 
5 47 51 88 15 17 
6 65 85 39 38 81 1 51 4 
7 85 31 47 15 61 17 4 33 51 81 
8 31 4 64 81 85 38 61 51 88 1 
9 15 4 88 37 39 17 38 85 64 47 81 1 65 
10 15 47 85 17 81 65 31 4 1 88 93 
11 65 17 50 85 1 81 15 4 51 
12 88 47 17 15 31 81 93 23 85 
13 15 17 47 64 65 93 39 81 4 
14 17 15 31 38 33 
15 33 39 17 15 1 51 81 85 47 61 50 65 93 31 80 
16 33 42 47 61 85 51 39 4 1 17 81 
17 31 81 64 80 15 47 88 17 
18 15 25 51 38 47 4 64 
19 1 17 25 
20 93 15 61 31 65 17 37 51 64 85 1 81 
21 47 28 1 81 64 15 39 80 85 31 33 38 4 65 
22 1 93 4 47 31 81 
23 64 37 15 88 51 25 4 31 47 
24 25 51 85 31 23 4 38 1 58 
25 65 17 88 1 39 58 
26 1 4 38 85 81 17 31 65 93 
27 1 15 31 81 93 25 85 23 38 4 
28 47 93 4 85 1 65 15 23 39 25 
29 23 47 17 88 93 15 51 4 1 64 31 81 
30 42 1 50 85 25 4 81 93 88 
31 33 81 17 47 51 15 64 25 38 
32 39 42 31 81 93 15 25 4 1 
33 1 15 93 17 61 81 25 31 33 
34 81 1 47 64 17 31 
35 64 17 23 31 88 1 47 4 81 33 58 65 
36 4 1 81 38 65 93 31 64 
37 1 65 23 64 61 81 25 85 51 4 15 
38 31 88 4 15 64 65 85 93 
39 47 15 81 17 38 85 1 61 93 
40 1 85 38 47 61 64 81 4 65 
41 23 51 17 58 1 81 15 31 85 39 93 25 
42 1 17 81 64 4 85 47 
43 17 31 85 4 65 15 25 50 
44 88 81 38 65 4 50 17 93 33 
45 33 93 15 81 17 25 38 61 1 47 65 4 31 
46 15 47 93 1 39 31 65 81 58 80 4 
47 17 31 39 64 1 25 33 93 65 81 4 23 85 
48 64 4 42 58 65 81 93 38 17 25 1 
49 65 50 4 81 17 61 42 58 1 93 
50 1 85 65 50 4 17 23 31 51 64 
51 1 4 31 38 51 81 47 65 85 
52 25 61 81 15 1 31 85 17 4 47 38 51 
53 17 31 4 38 51 81 1 85 
54 4 88 15 58 47 23 85 1 38 31 
55 15 47 65 81 58 25 85 93 
56 1 31 47 38 58 64 65 81 93 17 51 25 39 
57 47 58 64 93 65 25 88 23 4 39 33 38 81 85 
58 1 51 93 31 58 80 81 4 
59 1 47 15 37 64 85 81 33 93 25 
60 1 15 4 31 65 17 81 23 
61 17 38 93 64 88 23 80 25 31 85 4 47 42 
62 1 15 23 42 58 65 17 85 61 38 81 4 64 
63 25 38 15 64 88 1 23 39 85 47 93 
64 1 15 39 17 33 85 93 65 81 
65 15 65 85 4 93 51 38 42 1 88 47 
66 23 51 1 17 65 31 85 4 33 
67 47 81 31 17 65 93 15 51 64 
68 33 42 4 39 81 93 31 58 64 85 25 
69 65 31 1 17 61 85 4 93 
70 65 31 85 15 88 25 1 93 81 50 64 
71 1 81 4 88 38 15 25 58 64 42 23 85 65 
72 1 64 17 65 31 47 4 81 85 
73 31 61 85 51 15 25 81 23 38 65 4 64 17 
74 85 17 50 81 47 65 25 15 4 31 
75 1 15 64 42 4 81 65 31 
76 15 25 50 1 93 65 81 4 23 38 
77 81 85 31 47 64 25 17 
78 31 1 51 81 33 93 65 85 17 25 61 64 
79 81 25 51 85 47 65 4 
80 31 85 93 15 81 1 25 64 
81 81 25 39 51 64 42 85 47 65 93 28 
82 33 39 47 17 61 23 65 
83 51 4 31 64 81 25 65 17 85 38 
84 15 47 17 38 85 81 
85 42 81 4 15 85 1 28 39 51 93 
86 1 4 64 65 25 15 85 81 23 
87 15 47 4 58 1 81 51 80 17 64 85 
88 42 31 81 51 88 38 80 4 23 25 15 
89 15 47 80 81 25 85 1 31 33 65 17 93 
90 23 38 81 15 4 17 51 1 85 25 33 39 
91 1 81 4 85 33 47 65 80 58 61 
92 1 85 31 81 17 39 51 58 4 25 
93 58 65 15 64 47 93 31 4 1 81 
94 15 81 39 85 33 47 65 4 1 31 51 
95 4 81 15 17 23 1 93 
96 15 17 47 50 31 85 33 64 
97 4 81 15 38 33 64 23 17 65 85 
98 64 88 17 93 81 1 4 65 58 
99 1 51 85 25 64 58 31 61 81 93 
100 25 23 31 64 47 39 85 51 93 17 65 
101 88 25 81 85 1 31 38 15 65 
102 37 61 85 15 81 1 93 31 58 
103 4 47 15 31 58 93 17 65 85 1 88 64 81 
104 81 51 38 25 31 4 
105 33 38 61 47 1 4 17 23 25 15 51 
106 1 65 64 81 23 47 93 85 4 31 
107 38 81 4 85 33 65 31 17 64 
108 31 65 1 93 17 4 15 25 
109 15 39 47 85 81 93 17 65 31 
110 85 93 51 25 65 17 81 23 
111 64 42 51 47 85 81 1 65 17 93 4 
112 1 61 17 65 50 51 33 37 4 38 
113 61 4 17 65 93 25 38 81 88 47 39 80 15 
114 4 50 81 85 39 47 61 23 65 93 15 
115 85 47 93 64 15 17 1 4 65 
116 51 4 23 50 25 65 81 17 47 93 
117 33 42 47 4 65 61 81 15 17 23 85 1 
118 1 61 15 64 93 4 85 65 
119 1 4 15 17 31 64 38 
120 51 58 15 65 25 4 17 1 85 93 47 37 39 
121 1 4 81 88 25 33 50 31 
122 1 47 81 15 17 39 38 65 58 
123 58 61 47 17 4 81 15 1 33 65 
124 1 4 47 15 61 65 85 88 93 23 64 
125 85 1 65 17 58 38 47 4 
126 42 39 17 85 23 61 64 88 15 4 1 
127 1 65 58 85 64 15 23 50 4 
128 15 64 31 38 4 85 47 
129 81 17 47 1 65 15 51 64 4 25 31 85 37 
130 42 15 31 65 37 17 88 33 64 
131 1 23 38 65 25 17 33 61 81 85 47 88 42 37 31 
132 51 25 1 88 38 17 39 65 47 4 
133 15 4 85 1 38 81 31 23 39 
134 88 58 28 15 23 25 81 42 85 47 64 
135 81 15 
136 31 65 1 64 81 17 4 
137 25 33 15 31 1 81 51 17 65 
138 47 39 58 42 85 23 17 4 81 
139 31 33 81 85 17 64 4 88 25 1 51 23 
140 25 38 81 15 1 61 17 65 64 31 
141 39 25 61 4 85 31 47 1 23 17 
142 38 88 65 81 39 25 93 17 4 
143 4 47 93 15 38 85 17 31 33 23 64 50 
144 4 25 81 17 85 47 88 31 61 93 50 1 
145 50 81 25 85 17 31 38 65 4 64 93 
146 1 93 65 31 47 15 25 64 17 33 
147 38 61 58 47 4 85 15 17 31 33 
148 4 85 25 51 17 23 61 31 81 42 
149 15 65 93 47 61 64 
150 38 39 50 42 47 64 65 
151 38 47 17 28 42 65 15 4 50 81 85 64 
152 25 1 15 81 42 47 65 85 93 64 
153 1 17 65 4 15 47 88 31 85 
154 65 81 47 39 85 50 93 4 38 1 31 17 
155 65 25 17 61 15 4 58 1 39 64 
156 47 23 38 1 31 81 85 15 4 93 65 
157 17 61 1 25 64 15 39 38 31 81 4 65 
158 1 23 25 47 65 85 4 
159 1 4 47 31 64 15 23 58 81 85 93 
160 85 47 1 15 23 93 
161 33 50 85 65 15 39 17 31 42 88 25 51 1 64 
162 4 64 65 47 
163 85 4 33 42 93 1 17 31 88 65 
164 50 81 15 64 47 38 1 51 85 
165 17 4 39 81 65 38 85 61 31 47 
166 85 37 80 93 88 15 33 17 4 
167 47 61 81 65 17 51 
168 51 65 25 42 15 17 39 
169 15 61 4 17 65 38 93 81 1 
170 42 61 39 93 50 15 81 88 85 4 65 17 47 
171 51 93 15 85 25 81 23 58 
172 65 81 61 4 15 85 93 47 31 
173 33 38 1 64 81 15 
174 1 47 65 81 37 17 64 4 31 85 
175 47 17 51 38 4 85 15 31 81 
176 1 38 81 85 17 23 4 15 
177 1 81 4 93 17 15 85 
178 15 31 93 65 81 1 64 39 85 
179 50 33 38 25 4 93 47 85 65 42 
180 31 61 4 17 25 65 23 47 88 38 
181 4 65 58 93 51 31 39 33 81 
182 31 25 33 17 47 15 51 65 1 81 85 
183 15 17 4 93 23 31 25 81 85 42 
184 1 31 4 81 65 64 85 15 38 51 17 
185 1 17 81 4 65 88 39 85 
186 1 65 4 17 85 38 25 47 93 
187 15 65 93 17 81 85 31 4 33 38 42 
188 17 25 47 23 31 81 15 1 88 4 65 
189 93 39 15 50 38 64 17 61 4 47 
190 17 61 64 81 39 15 31 50 38 25 1 47 4 
191 1 15 42 58 81 85 38 4 17 51 80 88 39 47 65 61 33 
192 28 17 81 88 4 33 64 85 93 1 23 
193 65 17 37 51 81 4 85 
194 1 4 25 80 17 58 65 15 85 81 23 31 37 
195 31 47 88 65 61 4 
196 81 25 65 85 31 1 51 23 38 39 80 
197 65 93 39 17 31 25 4 85 
198 23 81 47 64 65 85 93 15 25 31 4 
199 4 15 81 38 85 28 31 47 33 61 65 17 25 
200 64 81 23 85 15 58 65 37 17 61 1 
201 15 37 42 85 23 81 33 58 39 47 
202 17 39 1 42 4 93 65 85 23 81 
203 4 31 93 65 1 33 61 17 25 
204 25 65 81 4 1 47 58 17 33 
205 1 93 15 17 38 64 25 42 31 65 4 81 
206 51 85 23 25 81 31 39 65 15 58 4 
207 1 15 33 50 81 64 88 4 39 65 
208 47 93 17 81 85 64 4 61 31 15 1 65 38 
209 1 4 85 38 39 33 65 15 47 23 31 51 25 81 
210 4 31 93 64 85 1 81 39 65 
211 1 31 38 85 15 17 80 47 65 88 
212 81 31 39 15 64 47 17 25 65 
213 15 81 23 85 4 1 31 17 47 65 
214 38 4 47 31 17 81 15 1 25 
215 1 58 93 65 81 33 15 4 64 25 31 17 61 
216 1 31 47 81 85 15 58 17 4 
217 1 15 31 64 85 65 81 88 38 
218 25 64 88 93 47 17 61 65 1 4 
219 81 65 1 64 15 39 58 85 17 
220 65 15 23 93 31 81 4 64 
221 31 42 93 25 47 15 38 61 33 4 64 85 65 
222 47 58 17 51 65 31 4 
223 80 4 65 81 93 47 
224 58 93 4 25 64 85 81 17 65 
225 58 39 4 17 42 65 88 15 25 64 85 38 47 
226 51 81 4 85 65 37 15 33 
227 1 51 38 85 23 65 15 47 81 88 17 31 
228 17 15 25 61 47 4 64 85 51 
229 1 47 85 4 15 51 61 81 65 25 31 64 93 
230 81 47 1 25 33 4 
231 51 25 85 50 61 15 23 81 4 
232 47 65 88 1 85 17 80 31 42 
233 51 17 81 15 85 64 39 33 65 93 25 4 
234 23 4 33 25 15 50 85 65 1 81 93 
235 81 4 25 85 88 15 31 61 65 
236 1 15 33 47 38 17 85 31 
237 38 17 25 4 51 85 65 88 15 
238 1 65 4 15 47 81 88 
239 38 65 31 28 25 4 47 
240 47 25 85 38 17 64 31 4 1 81 65 
241 58 65 88 93 15 17 81 1 31 23 
242 65 81 93 64 39 47 15 
243 31 42 17 1 64 65 61 81 93 4 58 38 
244 31 4 47 85 93 15 38 25 
245 15 65 25 31 4 17 81 
246 17 39 61 4 33 81 88 1 85 38 15 65 
247 1 17 28 47 65 39 15 85 64 
248 15 25 64 39 81 1 65 42 4 17 33 
249 1 25 65 88 38 4 31 47 81 
250 17 1 4 51 23 25 33 65 
251 85 25 38 1 65 31 88 15 4 47 51 81 23 50 
252 88 39 81 93 64 15 4 85 17 25 65 
253 31 33 39 23 47 65 25 81 4 17 37 
254 4 17 1 23 64 65 39 88 47 81 15 61 93 
255 4 31 51 93 17 65 
256 28 4 39 65 23 81 1 
257 15 58 88 33 39 65 85 31 28 4 17 23 25 1 
258 1 39 51 85 38 15 17 81 
259 1 64 81 93 17 38 4 15 
260 1 15 85 17 81 65 47 64 28 
261 39 17 15 38 65 
262 65 39 47 93 31 38 1 81 50 88 4 15 23 
263 65 81 88 15 47 23 31 85 17 1 4 
264 37 15 65 25 38 85 81 4 58 17 
265 1 28 65 4 25 64 93 85 15 31 47 23 61 81 
266 23 85 65 64 1 4 31 81 
267 38 15 47 81 85 51 17 31 58 1 65 23 
268 15 17 81 33 4 23 93 65 88 42 
269 4 15 38 65 25 58 
270 1 31 33 80 61 65 15 25 51 
271 1 15 4 31 38 65 64 81 
272 4 38 58 37 65 1 81 47 
273 65 15 25 17 38 47 1 81 
274 65 85 15 25 61 58 17 81 88 64 
275 31 1 93 25 64 4 58 17 50 88 
276 1 4 80 81 31 15 58 17 65 
277 37 39 58 17 65 33 4 93 15 1 
278 15 25 38 4 1 37 65 17 85 
279 17 38 47 61 65 42 15 1 88 
280 1 31 15 25 50 81 51 47 17 65 61 85 
281 1 93 31 15 65 88 85 81 
282 25 85 23 39 17 61 47 1 93 15 58 4 65 
283 1 17 65 85 31 15 33 47 4 37 38 
284 81 15 65 85 1 88 
285 81 85 31 88 65 38 61 1 
286 93 65 88 15 38 81 4 31 64 
287 15 4 23 51 65 17 47 42 93 31 
288 1 50 65 81 4 
289 81 23 15 1 39 4 
290 1 31 64 93 25 61 33 17 
291 81 17 88 47 38 1 28 4 65 85 
292 1 17 65 15 38 93 58 64 85 4 47 81 
293 23 81 42 1 61 85 93 15 17 31 33 
294 25 4 47 65 31 61 
295 1 17 4 31 33 65 38 47 
296 17 33 47 85 31 42 58 81 88 1 4 93 
297 47 85 17 65 4 88 1 33 15 61 
298 93 88 15 38 85 33 64 65 81 39 50 17 
299 1 15 61 31 38 39 88 4 25 
300 88 81 64 65 15 50 17 47 93 85 
301 17 61 23 65 4 85 64 42 81 
302 1 47 38 4 81 88 64 
303 31 47 15 38 88 93 50 81 4 17 
304 31 47 64 17 88 39 81 25 4 65 85 
305 1 31 15 23 81 61 65 85 64 
306 58 39 64 93 1 85 31 50 
307 65 88 23 93 25 39 81 85 47 
308 42 25 85 61 64 4 81 93 38 65 
309 25 39 93 51 4 65 23 80 15 1 17 38 42 58 61 47 
310 25 31 81 15 47 65 1 64 
311 1 15 81 25 88 65 85 33 
312 4 17 58 65 1 31 50 25 47 23 64 81 
313 81 42 31 85 65 17 1 58 15 4 
314 65 15 31 61 85 4 93 
315 31 65 15 47 85 58 64 42 1 81 33 
316 4 65 23 61 50 33 81 47 17 1 38 
317 28 17 38 23 47 85 
318 1 39 58 85 15 47 42 
319 4 23 31 47 25 85 65 33 15 1 
320 80 47 64 38 61 1 15 17 81 33 65 23 93 
321 31 42 17 1 85 81 23 61 25 47 
322 88 93 31 81 65 64 15 28 39 
323 51 23 81 88 4 61 93 17 50 25 85 
324 31 1 65 88 81 15 93 17 25 4 
325 1 64 15 81 93 65 47 85 31 
326 1 15 47 93 25 88 65 39 17 31 23 61 81 
327 1 50 85 23 93 4 65 47 58 17 25 
328 51 85 61 64 38 47 15 23 65 4 93 17 1 
329 85 80 81 88 15 4 47 1 65 33 39 
330 1 47 4 80 25 93 23 31 81 85 
331 17 33 37 81 4 28 1 85 51 65 93 23 38 88 
332 31 50 4 80 65 81 
333 58 28 38 17 39 47 61 1 
334 15 93 81 47 58 28 65 64 17 4 
335 58 85 65 81 93 25 33 38 17 47 4 31 37 88 
336 81 51 17 65 85 93 15 1 
337 64 15 17 31 81 47 93 1 58 
338 88 31 51 65 28 1 33 17 47 81 23 
339 1 25 81 23 31 15 65 85 
340 17 93 81 85 51 65 4 1 
341 64 85 93 58 15 88 23 65 4 42 17 81 61 
342 1 85 15 33 42 81 37 93 
343 42 51 4 15 31 65 88 17 1 
344 25 17 15 4 42 64 85 1 23 
345 47 4 31 81 15 17 39 1 65 64 
346 1 65 33 15 31 
347 4 1 58 51 31 33 81 25 61 15 17 
348 51 17 38 1 15 64 81 47 4 23 
349 17 15 23 85 61 58 80 42 81 39 64 93 
350 85 1 4 15 25 81 47 93 33 88 
351 25 81 31 47 88 85 1 39 65 4 
352 93 15 61 17 38 81 4 64 85 
353 25 23 65 64 1 31 17 33 85 4 81 
354 42 93 81 15 39 4 
355 25 37 65 47 64 1 31 
356 15 61 51 85 65 50 1 64 23 25 
357 25 65 47 61 85 15 38 4 93 1 28 81 
358 85 17 58 61 23 33 65 88 38 4 81 1 
359 1 85 4 65 17 
360 15 31 38 4 64 17 33 47 25 88 
361 15 25 23 61 85 39 64 17 31 37 93 47 1 
362 80 93 47 17 42 65 
363 51 4 25 47 81 15 17 65 33 42 38 
364 1 17 93 15 58 64 33 23 81 25 61 
365 42 61 31 17 4 23 38 25 81 85 39 
366 25 31 65 4 33 
367 17 65 1 39 81 88 15 85 
368 31 51 61 4 81 17 39 85 
369 38 39 64 15 47 93 31 58 65 
370 31 85 25 4 15 64 39 65 81 
371 4 85 1 33 93 38 47 81 23 58 65 
372 1 33 81 15 47 85 4 
373 1 50 33 38 31 23 25 85 39 81 
374 85 65 1 15 25 33 37 17 
375 1 15 4 47 85 33 65 81 88 39 51 31 
376 25 47 65 58 15 31 85 1 39 4 61 
377 1 17 38 31 81 42 88 4 64 47 
378 1 47 4 81 23 25 15 93 
379 39 17 51 64 4 65 88 
380 4 17 31 51 65 85 1 81 
381 15 23 61 38 81 85 1 65 
382 1 17 38 85 81 58 80 
383 58 38 61 17 31 65 1 23 39 47 
384 15 65 25 17 39 47 81 42 1 
385 38 47 1 58 39 65 17 25 50 15 81 
386 33 15 38 28 1 51 85 17 81 61 
387 4 15 47 23 25 28 61 65 
388 64 85 4 81 25 47 31 17 23 65 
389 47 17 61 50 33 81 64 
390 33 1 17 39 15 4 64 81 65 
391 81 58 65 17 31 33 39 47 85 
392 17 38 1 39 88 51 81 93 31 15 58 
393 1 17 15 39 4 25 31 85 65 47 
394 50 23 15 17 1 64 65 25 42 61 81 39 
395 23 47 85 1 4 61 88 
396 1 15 31 47 88 61 38 25 17 4 65 42 81 
397 61 85 39 50 64 88 93 51 58 47 81 1 23 65 
398 81 23 47 15 33 93 4 64 85 
399 1 15 47 17 81 38 51 65 31 33 42 88 50 58 39 
400 4 61 81 47 15 64 31 85 
401 17 4 15 65 81 93 31 25 51 1 80 
402 65 81 42 64 
403 15 38 17 1 47 33 25 58 65 85 
404 51 15 37 58 64 81 93 39 65 47 33 85 17 
405 4 38 17 23 1 85 65 93 47 80 
406 39 85 15 88 47 81 4 17 
407 64 85 23 15 4 93 25 58 38 81 1 
408 38 81 17 1 47 61 64 31 88 
409 4 33 47 61 65 64 81 1 93 
410 17 1 28 85 58 23 25 81 93 38 
411 65 17 23 85 1 42 81 39 4 
412 4 17 31 38 88 47 81 15 80 23 42 
413 33 61 64 15 65 4 31 1 17 47 
414 1 33 65 38 23 93 4 47 
415 25 39 4 17 15 85 47 93 
416 58 31 39 64 81 
417 85 93 15 38 50 33 88 61 17 81 47 4 1 
418 1 4 64 25 31 85 15 17 58 88 81 
419 47 1 93 17 15 38 64 4 
420 81 17 64 65 1 93 38 85 
421 47 93 17 15 85 1 37 
422 65 81 17 31 38 42 88 93 1 4 15 85 64 
423 4 81 15 58 64 65 23 42 47 
424 23 93 15 25 81 64 47 58 
425 65 50 88 61 31 1 25 33 
426 4 25 61 81 15 47 64 85 58 65 51 39 93 
427 1 17 85 47 81 64 65 88 31 23 15 33 
428 17 47 15 38 93 81 85 65 64 23 
429 1 33 85 17 88 64 47 23 15 25 
430 64 81 1 31 85 17 25 47 93 15 65 4 33 38 88 
431 1 4 15 58 61 47 65 64 51 81 31 
432 58 65 31 4 81 39 47 85 
433 17 47 25 15 65 81 85 31 
434 65 85 23 31 38 64 15 4 81 33 
435 37 25 85 4 65 42 15 17 1 
436 33 42 93 85 17 23 25 1 15 
437 51 31 64 47 1 81 38 25 61 88 
438 1 47 85 88 4 65 33 17 81 
439 15 64 47 93 81 17 23 85 61 65 1 
440 81 47 51 25 33 4 64 85 38 
441 37 25 47 15 1 61 85 17 51 23 31 64 65 81 93 
442 31 81 85 1 37 47 38 93 17 4 65 
443 85 15 25 81 65 33 4 47 64 
444 1 17 81 65 85 4 31 58 93 
445 25 88 81 47 50 31 85 1 4 17 
446 65 15 38 39 47 88 81 85 1 23 58 93 
447 58 47 17 85 4 1 31 65 50 81 15 93 
448 1 23 38 17 81 31 42 65 47 
449 81 85 47 15 17 38 31 39 1 
450 17 38 31 65 81 
451 4 51 47 37 58 93 1 28 64 
452 88 31 93 85 17 65 39 81 
453 1 4 33 64 85 47 31 61 37 
454 17 58 1 64 93 4 85 
455 1 85 81 15 23 25 93 88 4 17 65 
456 31 25 1 4 39 81 65 28 50 
457 85 50 1 93 15 64 23 4 
458 1 23 85 64 15 81 39 93 17 51 
459 37 4 38 17 81 39 93 15 85 
460 1 80 17 38 81 15 85 
461 1 17 31 81 50 15 42 93 4 85 
462 65 31 38 85 17 15 33 81 47 
463 33 4 47 81 17 1 15 
464 38 4 85 25 47 50 15 
465 88 65 42 81 17 
466 1 17 85 81 15 61 4 
467 17 85 38 61 65 80 81 15 31 39 
468 33 51 4 38 17 47 23 64 81 1 85 
469 1 31 81 15 47 51 65 
470 17 42 65 47 93 58 88 
471 17 47 85 4 23 81 15 39 
472 85 17 39 65 15 
473 4 81 17 64 15 23 85 1 65 31 
474 51 25 1 85 31 17 4 47 81 38 
475 31 51 1 15 85 47 17 
476 58 85 38 65 64 17 25 88 31 4 
477 4 85 51 31 47 81 15 37 23 1 
478 31 58 39 4 17 38 47 85 88 15 1 
479 81 93 15 25 4 51 61 64 58 1 88 65 85 17 
480 88 47 51 1 25 39 37 38 65 4 
481 4 15 38 81 39 65 58 88 1 
482 4 64 47 81 15 37 25 1 65 39 33 
483 65 15 17 80 31 47 81 93 51 64 1 85 
484 31 1 51 58 25 65 17 81 
485 47 65 81 4 
486 1 4 61 93 17 25 39 81 85 47 
487 1 64 93 17 31 39 51 81 65 88 85 
488 81 1 47 15 25 31 
489 65 1 42 85 81 31 39 17 
490 1 17 85 15 64 25 38 81 28 31 
491 1 15 31 42 80 81 
492 4 1 17 85 51 80 15 58 
493 23 65 81 38 64 88 85 4 25 39 
494 61 65 80 81 17 31 25 23 1 85 38 88 64 
495 15 81 25 33 4 
496 1 39 25 4 15 17 31 42 65 85 
497 15 58 65 47 50 38 93 1 51 17 28 85 37 39 
498 33 93 65 51 25 15 58 81 1 31 88 47 61 
499 1 25 85 65 47 81 88 50 15 23 42 51 
500 88 4 85 33 17 65 1 
501 65 15 47 81 85 17 38 1 31 58 
502 81 4 1 64 61 23 
503 4 42 37 39 33 31 1 25 85 
504 1 38 25 47 65 93 17 23 81 4 
505 64 39 38 65 4 47 17 81 85 15 25 
506 81 65 1 64 47 28 
507 31 1 4 65 25 88 17 47 85 93 
508 15 65 31 17 33 1 
509 93 58 38 85 81 39 47 65 
510 15 42 65 64 17 47 31 38 25 1 93 85 
511 47 4 15 64 81 88 
512 17 58 4 65 15 23 25 85 1 81 
513 58 80 38 23 65 4 93 17 
514 51 85 25 17 28 37 15 88 1 81 31 61 4 
515 31 65 25 33 37 4 15 17 81 
516 38 15 47 31 81 85 4 25 42 1 
517 93 38 15 51 25 47 65 1 17 81 4 
518 15 51 85 25 1 93 23 38 81 64 65 
519 81 47 64 1 51 85 4 93 15 23 
520 31 38 51 25 47 15 81 61 1 4 58 17 33 65 93 
521 65 4 17 39 15 81 85 80 
522 85 17 38 42 1 47 58 31 93 
523 1 38 65 47 58 25 17 28 
524 65 23 61 47 85 93 31 
525 51 47 4 31 85 25 28 61 33 15 65 88 
526 4 17 31 38 58 25 88 51 81 15 65 85 
527 1 28 23 17 33 4 38 51 65 31 15 47 61 
528 47 15 88 65 33 39 85 17 51 64 
529 93 1 15 65 47 17 31 81 85 25 
530 51 4 23 1 93 31 58 15 64 
531 4 33 42 64 65 85 61 1 39 93 15 17 50 51 81 
532 47 81 1 61 85 65 31 
533 1 15 50 58 61 65 85 
534 61 65 33 4 15 93 17 23 31 88 25 
535 1 4 64 65 37 33 85 15 81 
536 47 81 17 33 25 31 1 4 85 88 
537 65 17 25 15 47 85 93 58 38 1 
538 15 4 17 23 65 47 
539 1 85 88 15 39 47 31 33 42 65 50 
540 1 4 28 93 81 25 15 47 85 
541 47 65 81 15 4 33 61 1 85 58 
542 33 81 15 42 58 17 85 23 
543 38 42 15 58 17 65 85 1 39 
544 47 85 25 17 65 4 93 
545 17 93 58 64 47 85 42 61 
546 25 47 80 1 31 65 85 93 
547 4 38 1 61 39 81 17 88 23 47 65 
548 58 15 64 65 42 85 17 31 47 88 23 81 
549 1 51 47 61 31 88 17 50 65 93 23 
550 1 4 31 25 47 15 81 85 17 
551 25 81 65 17 42 58 4 15 
552 1 33 58 4 85 65 17 31 23 61 
553 47 65 15 51 1 31 33 4 81 61 
554 85 39 15 25 64 81 1 47 61 
555 65 47 1 85 15 33 61 64 80 
556 85 15 4 1 31 25 42 81 51 58 
557 1 39 65 47 17 51 31 38 61 4 81 85 
558 1 15 81 47 85 93 38 4 17 65 
559 58 1 15 38 23 81 85 
560 15 47 64 17 31 51 81 93 38 65 85 1 
561 1 4 61 25 81 65 93 47 31 39 
562 31 42 64 4 17 81 85 
563 31 88 50 4 47 23 38 64 65 
564 47 88 15 23 17 85 61 65 81 93 80 
565 39 25 31 85 15 65 50 1 58 
566 50 64 65 17 23 47 
567 38 81 85 42 65 88 15 4 
568 25 65 64 1 4 81 85 15 
569 38 85 4 33 1 81 93 25 39 15 64 
570 65 4 47 85 15 58 
571 15 31 23 47 85 17 64 65 
572 25 81 39 85 31 17 4 65 1 
573 1 23 31 47 65 51 80 81 85 61 15 4 
574 1 93 61 37 64 15 38 17 65 47 58 
575 17 31 65 93 38 85 88 47 51 
576 51 17 81 47 15 
577 4 38 39 37 1 15 47 50 81 
578 1 4 38 47 88 93 15 64 65 31 50 
579 65 23 28 25 38 15 1 85 4 81 
580 1 42 47 81 65 17 61 
581 65 39 4 64 93 15 88 85 
582 64 25 1 61 17 58 81 65 38 88 39 15 85 93 
583 81 15 65 1 38 39 51 88 93 17 47 64 23 
584 64 93 85 4 37 38 31 1 39 65 
585 38 81 85 25 37 1 15 4 47 23 17 65 93 61 
586 4 39 1 50 58 80 81 31 37 93 61 42 17 23 65 
587 38 15 17 65 85 47 51 1 64 
588 28 15 17 85 47 1 42 4 58 61 
589 1 38 64 85 33 15 42 65 25 47 58 17 
590 4 81 17 85 25 88 47 
591 88 93 17 85 15 31 47 81 4 1 
592 1 64 15 65 88 31 33 47 85 
593 1 17 37 65 38 85 93 47 31 
594 51 33 81 47 4 17 38 65 42 1 
595 61 17 93 1 81 4 38 65 23 51 85 88 47 15 
596 17 42 31 47 65 81 85 1 
597 33 61 38 4 47 1 93 23 25 65 51 81 85 
598 25 4 1 58 81 47 85 39 61 15 
599 65 1 93 58 15 38 17 51 25 80 81 85 47 61 50 4 
600 38 1 17 93 85 47 31 65 50 
601 17 39 31 88 15 81 25 58 4 64 65 42 
602 1 47 23 51 81 42 38 64 
603 4 64 65 1 93 
604 93 17 85 31 4 33 15 58 64 65 
605 33 47 85 31 1 39 42 80 81 88 38 58 61 65 
606 4 38 88 65 17 31 15 
607 81 88 93 33 31 47 38 23 25 
608 65 88 85 15 17 31 4 47 81 64 80 
609 81 37 65 31 4 38 88 93 
610 15 33 85 31 17 81 4 
611 65 61 1 4 25 38 17 58 
612 85 15 81 1 47 4 17 31 
613 1 4 81 28 85 
614 61 15 81 93 25 51 64 31 65 23 39 85 
615 93 15 58 81 61 65 64 17 23 25 80 
616 15 42 61 64 23 85 65 51 1 47 
617 4 31 65 15 85 17 1 88 50 
618 1 65 17 47 85 93 15 81 51 4 88 
619 58 15 65 47 38 1 37 17 51 
620 1 85 64 25 31 4 47 93 88 15 81 
621 1 23 50 61 17 85 15 65 47 33 
622 1 81 93 65 38 39 4 17 64 31 
623 93 15 31 47 51 88 23 17 28 
624 65 33 64 81 85 88 17 31 51 
625 31 33 1 38 42 81 
626 1 15 85 38 65 88 17 81 58 4 64 31 
627 1 31 64 65 85 39 61 33 
628 17 31 4 65 47 85 50 1 81 93 23 
629 17 23 65 58 81 15 61 39 47 4 
630 65 15 88 33 31 85 23 81 
631 64 38 47 58 81 17 39 25 1 
632 31 15 23 85 1 64 58 17 51 88 
633 33 23 61 50 65 51 64 15 4 25 58 93 
634 1 33 38 81 42 64 88 15 47 4 
635 38 58 17 31 81 93 1 4 
636 1 33 65 85 61 31 15 81 47 
637 39 4 23 25 85 50 17 47 81 1 15 
638 1 33 50 17 88 4 25 
639 37 50 4 81 1 61 23 85 
640 88 1 47 4 17 37 81 15 25 85 
641 1 15 85 93 17 65 58 33 38 64 47 81 
642 1 85 93 47 81 25 61 4 
643 17 39 51 31 93 50 65 
644 93 23 31 58 65 15 4 47 50 85 28 17 
645 4 58 85 1 17 23 93 37 47 38 65 
646 65 93 64 81 15 85 31 4 23 25 80 
647 38 85 4 61 15 65 93 47 
648 47 23 85 58 1 81 93 
649 23 25 58 4 17 38 85 64 31 65 93 
650 23 25 47 17 4 93 85 42 39 81 
651 15 38 58 85 47 64 25 39 65 81 31 
652 38 65 88 80 1 
653 17 85 31 4 93 15 38 81 1 51 80 
654 17 31 38 93 39 47 61 81 
655 47 23 85 25 15 
656 65 1 85 23 93 31 81 17 33 39 47 
657 1 81 4 93 65 64 
658 38 17 15 25 64 4 47 85 
659 1 31 65 25 81 17 88 15 58 93 
660 1 65 64 47 15 50 
661 1 85 23 65 33 64 58 81 38 93 28 31 17 
662 33 4 17 58 88 25 64 65 81 93 
663 1 4 37 38 85 65 31 15 93 
664 1 38 47 88 81 17 25 61 
665 25 39 42 65 15 31 38 58 85 64 1 4 81 
666 37 81 23 31 51 17 64 4 47 65 85 
667 31 4 33 85 64 17 81 93 
668 81 25 58 65 85 17 31 23 33 
669 93 15 88 58 1 38 64 81 25 85 
670 64 81 39 15 47 85 93 37 33 17 25 4 65 1 
671 31 4 81 23 1 25 64 15 
672 1 85 47 4 25 64 38 
673 39 33 23 64 15 17 93 42 85 25 65 
674 1 47 15 25 65 38 58 23 85 
675 58 85 93 23 61 51 4 15 65 33 38 
676 1 93 15 65 61 64 51 28 4 
677 93 4 15 42 31 23 65 85 38 81 
678 47 64 65 15 1 85 
679 1 47 17 93 42 88 4 23 51 
680 42 15 65 88 25 31 17 38 33 
681 25 42 93 81 17 85 37 1 80 
682 47 17 65 39 64 85 80 4 25 
683 93 17 47 1 31 50 85 
684 4 23 81 65 85 15 47 33 39 1 
685 85 17 51 64 25 31 33 47 
686 17 38 28 31 33 4 64 81 42 65 
687 15 25 31 17 39 64 81 23 50 
688 25 4 17 51 88 65 
689 1 37 47 81 65 25 61 88 38 39 4 93 85 15 
690 88 81 17 23 85 93 1 15 4 64 
691 31 65 17 42 47 85 15 25 
692 51 31 80 15 65 4 93 47 
693 1 93 15 64 85 25 65 4 
694 88 31 51 65 85 23 33 4 61 
695 1 93 38 64 65 61 25 4 15 33 
696 64 65 23 61 31 37 50 25 
697 17 51 64 65 80 28 50 85 23 81 1 
698 47 61 17 31 65 81 85 4 15 
699 1 15 4 81 50 65 
700 50 31 64 15 17 33 61 88 51 38 39 1 
701 1 65 88 25 31 23 47 17 15 61 85 4 
702 1 15 4 17 31 50 64 
703 58 85 25 64 42 47 61 65 81 38 
704 1 64 85 17 47 
705 1 38 85 31 4 33 39 50 88 
706 25 38 47 65 85 61 64 88 51 81 
707 1 51 31 39 81 47 15 25 61 85 
708 85 17 93 61 64 23 31 1 47 51 4 
709 47 25 64 58 23 17 93 39 81 15 
710 1 64 65 33 31 23 17 15 4 81 85 39 
711 1 47 17 88 15 4 61 64 39 38 85 
712 1 31 47 81 15 61 65 38 42 25 39 4 
713 1 33 65 85 31 17 23 15 47 81 
714 1 17 39 4 51 25 15 33 
715 15 31 4 93 42 58 47 81 38 25 
716 33 85 25 61 4 81 65 
717 23 15 31 81 4 65 1 33 
718 15 1 25 47 17 23 81 31 33 39 64 
719 93 65 88 23 15 64 17 4 25 31 61 
720 1 42 93 65 85 81 17 31 64 
721 81 17 39 88 85 33 64 65 4 47 37 
722 1 93 15 37 81 33 
723 23 47 65 33 15 4 25 31 
724 81 65 31 47 25 64 38 
725 47 61 39 15 17 88 65 85 50 4 
726 1 47 58 17 80 85 64 15 
727 1 23 58 25 33 38 15 85 
728 1 81 47 42 25 65 64 17 4 
729 81 85 47 17 33 88 
730 1 25 64 47 65 81 15 4 
731 88 4 15 17 64 47 38 58 31 33 65 1 25 85 
732 1 51 4 47 33 39 58 65 
733 1 31 38 4 65 17 23 47 58 
734 33 15 65 1 88 85 17 61 81 50 
735 1 85 47 4 65 38 17 23 25 31 81 
736 1 64 65 25 39 85 4 61 15 31 47 
737 65 4 25 47 31 85 
738 65 93 58 64 61 4 15 
739 65 47 58 81 15 23 25 31 4 
740 1 38 65 85 17 64 81 23 51 4 93 
741 42 58 64 51 4 93 25 65 47 85 
742 85 88 51 37 38 81 31 4 
743 61 15 85 31 39 
744 65 25 81 1 47 88 15 31 50 23 4 
745 65 85 17 38 25 23 15 
746 1 47 31 42 64 85 
747 85 64 80 17 47 81 
748 15 93 4 33 39 65 61 81 25 64 37 
749 51 93 58 64 23 31 4 38 17 80 65 85 50 
750 1 51 93 47 50 61 38 15 4 81 
751 25 39 23 4 17 85 93 
752 38 93 64 47 31 4 25 37 
753 93 23 81 51 31 47 15 
754 38 58 4 23 31 65 81 17 88 
755 1 4 23 15 61 25 65 17 85 31 
756 1 38 88 31 39 47 81 
757 93 31 39 1 
758 23 42 65 93 38 17 81 50 
759 47 65 17 38 31 61 85 
760 4 38 64 81 88 25 15 85 65 
761 23 64 81 37 38 88 1 31 4 15 33 47 25 17 65 
762 1 17 23 15 85 65 47 
763 15 88 51 85 38 61 65 
764 1 38 81 15 64 58 65 
765 1 4 25 31 47 58 65 15 81 17 88 
766 39 42 81 85 31 47 4 15 17 65 33 93 1 
767 1 15 64 33 65 93 39 81 17 88 38 85 
768 85 39 15 1 33 81 23 31 
769 39 81 64 85 88 31 4 
770 61 47 25 39 85 31 15 1 
771 1 85 15 81 17 25 65 
772 1 64 47 17 88 65 
773 47 81 15 4 50 64 31 1 85 23 17 65 61 
774 17 31 15 38 1 51 65 
775 25 31 37 65 4 47 15 58 17 23 64 
776 1 4 38 15 51 64 58 65 
777 4 1 50 47 28 81 23 51 80 
778 65 47 4 17 15 51 
779 1 23 93 25 4 65 17 38 58 31 85 37 47 15 81 
780 1 23 93 65 15 31 47 51 85 88 38 64 4 17 61 
781 1 31 81 93 42 39 4 47 61 38 85 17 64 
782 65 61 81 58 85 23 25 64 1 4 
783 85 38 47 17 64 65 81 61 15 
784 50 85 65 88 64 38 93 1 58 
785 88 17 58 65 33 23 31 
786 1 4 31 51 38 61 15 47 17 42 58 33 81 
787 1 4 58 81 31 17 61 15 
788 1 25 51 47 93 17 81 65 15 
789 88 47 4 42 81 31 23 
790 1 23 31 33 38 39 42 47 64 93 65 15 81 85 
791 85 93 23 81 37 1 15 28 
792 65 23 81 85 25 47 
793 1 23 81 4 47 31 93 
794 23 85 51 47 65 81 64 88 
795 61 23 85 51 
796 17 23 38 64 15 1 25 47 4 65 
797 1 25 15 33 85 31 47 81 
798 1 47 93 38 61 4 31 33 17 
799 93 39 33 47 15 58 65 25 28 85 
800 85 58 42 47 81 65 
801 15 33 85 31 61 58 42 65 47 4 
802 65 38 88 39 17 47 25 64 
803 65 31 38 15 25 17 28 93 88 
804 93 47 64 81 15 51 65 17 85 
805 38 85 17 31 81 23 15 58 93 
806 65 15 31 23 38 47 85 88 
807 1 23 37 65 17 80 81 33 28 25 88 4 
808 1 58 51 38 33 81 47 64 23 61 
809 1 4 50 65 81 15 58 93 37 85 
810 38 17 47 93 4 51 85 81 15 31 
811 23 93 31 65 85 88 17 15 61 47 4 
812 58 31 17 25 4 85 15 65 
813 1 33 38 65 42 64 47 17 85 15 61 81 
814 64 65 93 15 58 4 80 17 85 
815 4 25 15 50 23 33 51 58 85 38 39 42 81 65 
816 85 38 47 23 33 1 93 4 
817 1 81 28 17 31 85 15 33 23 58 93 
818 85 64 1 47 4 
819 61 93 51 1 23 17 47 81 58 85 
820 1 39 88 4 93 17 23 25 
821 1 88 25 85 38 17 47 64 65 
822 4 50 85 38 93 
823 15 64 93 51 33 4 47 17 38 
824 1 4 39 58 61 64 17 65 47 88 38 
825 65 4 61 64 38 15 81 
826 88 81 85 93 17 23 61 31 50 
827 15 17 25 85 81 31 65 4 
828 1 50 58 93 65 17 81 4 15 23 42 
829 17 85 31 81 47 15 1 4 88 
830 1 4 39 85 47 17 25 64 15 38 65 
831 1 15 58 33 4 88 51 47 65 
832 47 85 15 38 
833 31 47 85 4 51 15 
834 47 39 15 64 65 81 23 25 17 4 31 93 85 
835 1 38 58 65 64 25 51 17 15 81 
836 33 85 23 17 39 50 47 38 
837 1 23 65 64 85 93 4 17 61 
838 85 4 65 15 93 17 
839 58 4 39 47 38 61 81 65 37 88 17 64 
840 1 81 88 51 61 31 93 17 47 25 
841 81 85 1 4 17 58 64 33 15 
842 85 4 17 38 1 58 81 93 
843 1 81 58 31 85 15 17 42 4 
844 1 64 47 50 4 81 17 31 51 23 65 85 
845 31 17 47 1 38 4 23 42 
846 42 93 31 25 58 88 23 38 
847 38 37 1 42 81 33 85 93 15 31 4 65 
848 64 65 28 47 38 23 93 
849 1 39 81 93 15 65 31 51 
850 33 50 85 64 17 42 61 31 1 38 65 
851 85 17 25 64 15 28 39 81 
852 1 81 17 25 64 47 85 65 58 
853 64 37 17 65 93 61 38 85 
854 85 4 31 51 17 33 64 1 15 39 
855 85 1 4 81 15 17 33 50 65 47 
856 51 15 33 37 65 64 58 
857 17 31 23 4 65 37 51 15 88 61 
858 1 4 33 47 38 17 31 65 61 
859 4 65 58 51 25 81 93 88 85 
860 31 25 38 4 23 37 65 93 
861 15 81 80 33 65 23 37 17 31 47 
862 25 81 15 37 88 23 17 85 47 38 
863 61 47 33 17 81 50 15 4 65 31 
864 1 81 93 25 61 85 47 17 65 4 80 
865 1 17 23 65 93 31 81 85 58 4 
866 17 65 31 47 4 33 81 85 15 
867 85 65 4 28 47 17 31 38 
868 15 81 17 38 33 47 61 37 64 58 4 25 85 
869 4 33 93 25 47 42 38 39 58 15 31 85 81 
870 81 93 17 23 33 51 47 15 25 1 
871 1 38 61 17 85 23 80 65 31 42 
872 17 88 4 61 64 65 93 47 85 23 81 
873 1 81 37 64 15 47 25 38 61 85 65 
874 25 1 4 88 47 64 85 81 93 
875 1 31 93 17 81 65 88 38 39 4 
876 85 4 38 31 51 23 
877 47 4 17 25 81 31 15 85 
878 1 23 64 81 47 39 61 93 15 
879 1 25 31 81 50 88 15 23 47 85 
880 61 64 15 17 65 81 50 93 1 
881 47 64 93 15 23 33 51 4 25 88 
882 17 85 65 15 47 93 4 
883 17 15 31 4 38 85 51 81 
884 1 23 15 85 81 31 47 
885 88 51 15 1 38 65 31 25 
886 25 4 47 31 1 58 85 
887 1 17 23 81 15 93 65 85 31 38 47 
888 15 1 17 38 37 4 61 
889 1 4 17 23 42 38 
890 31 81 23 4 65 1 64 15 
891 23 88 93 4 1 47 17 51 31 33 
892 1 65 61 4 15 64 81 85 31 47 
893 47 31 15 1 85 39 51 
894 4 81 93 38 58 31 1 15 47 64 65 51 85 
895 31 64 38 65 80 93 4 42 
896 39 15 23 93 25 65 1 38 4 85 
897 4 23 81 85 25 15 65 
898 15 25 38 33 61 
899 1 64 80 31 81 47 
900 1 58 39 65 85 64 81 23 
901 1 47 23 25 31 15 85 17 38 
902 25 42 64 31 81 51 4 
903 65 47 61 33 37 58 
904 38 39 31 65 93 15 51 17 58 85 80 
905 15 28 38 88 64 65 31 
906 17 65 15 85 25 31 47 
907 25 39 15 38 4 58 47 93 17 
908 81 85 15 39 38 64 93 31 4 
909 23 65 31 47 93 17 15 39 
910 81 15 85 23 50 37 17 64 51 
911 4 65 28 47 81 39 
912 1 81 47 93 38 65 23 17 4 
913 1 85 15 38 28 47 58 81 17 
914 1 47 65 51 37 81 42 
915 37 58 4 25 39 65 17 31 38 93 15 81 64 85 
916 1 85 47 64 25 39 93 15 
917 31 15 58 1 33 64 88 39 65 81 
918 1 25 42 64 81 85 23 39 33 
919 1 38 64 61 25 47 31 
920 1 17 25 85 61 38 15 65 81 
921 15 4 33 23 85 42 47 17 81 
922 1 81 85 39 31 64 58 17 
923 23 50 61 80 31 15 17 38 47 64 81 
924 1 17 64 47 65 23 25 4 33 85 
925 93 31 47 28 1 4 
926 1 38 42 81 51 64 15 23 4 39 33 
927 1 47 38 65 4 15 64 23 85 81 
928 50 31 51 88 39 25 1 93 15 
929 25 88 15 1 47 17 51 85 
930 15 39 81 38 51 47 61 31 
931 85 17 81 38 1 4 15 
932 25 58 85 17 4 15 81 
933 15 81 4 80 23 47 65 
934 81 15 28 88 64 38 
935 1 81 37 42 31 38 15 61 25 
936 25 15 81 93 39 58 31 23 38 4 
937 4 15 58 25 39 65 17 38 93 47 85 
938 1 15 65 39 42 47 4 85 
939 1 33 47 85 15 31 50 93 
940 1 42 93 23 4 25 51 39 81 
941 85 1 38 47 81 15 
942 17 38 39 4 51 93 65 1 58 47 81 
943 64 81 38 31 47 17 1 
944 1 33 42 85 17 38 47 81 4 65 80 
945 31 17 23 4 64 33 
946 1 47 81 39 93 85 17 
947 17 38 39 23 25 4 31 47 61 
948 1 4 31 81 85 15 38 64 
949 17 93 37 25 31 15 85 65 4 81 
950 47 64 85 88 31 4 15 61 81 
951 65 51 93 15 33 37 1 47 4 
952 81 85 51 37 4 58 15 47 1 65 
953 47 61 4 39 88 65 23 33 
954 15 85 17 64 80 4 38 65 42 28 
955 15 1 58 25 85 93 42 
956 25 64 31 37 65 17 39 
957 33 1 85 39 15 81 47 64 37 4 65 31 38 
958 88 15 23 4 33 81 31 38 
959 47 81 4 39 23 25 85 15 
960 1 4 39 65 85 17 47 31 
961 17 15 31 81 23 1 88 4 47 65 
962 31 47 38 4 15 85 39 65 
963 1 39 4 65 58 85 
964 4 17 47 39 42 93 51 85 88 23 81 
965 1 64 81 88 4 15 85 65 
966 61 1 81 51 
967 1 65 38 93 50 58 39 47 61 31 33 4 
968 17 85 31 25 81 1 15 
969 4 17 31 65 47 81 1 15 58 61 
970 39 85 31 51 65 81 1 
971 1 17 38 47 15 65 
972 25 42 88 65 23 47 4 17 38 85 31 81 
973 1 31 64 4 15 88 39 85 65 
974 1 58 15 25 37 85 17 4 31 65 
975 50 15 1 81 88 25 4 23 
976 1 42 51 15 17 47 81 58 65 
977 4 33 93 39 38 61 81 85 23 
978 15 31 81 64 42 17 23 
979 31 58 81 51 47 4 65 17 15 39 61 
980 31 4 85 1 15 33 17 58 25 80 47 
981 1 61 93 38 4 31 33 
982 1 58 17 61 93 65 39 33 38 4 
983 81 31 17 33 39 85 65 
984 25 17 15 47 38 64 
985 85 51 31 93 81 47 
986 61 15 51 81 25 85 
987 1 28 38 25 65 15 58 81 85 4 80 23 31 
988 38 31 47 4 61 15 
989 1 33 4 58 65 15 17 80 31 
990 1 85 51 47 81 64 17 4 
991 31 88 85 51 65 
992 15 93 37 88 23 
993 1 50 81 47 58 85 61 31 88 51 
994 1 15 85 39 64 58 
995 81 85 47 1 17 33 64 4 31 65 93 23 61 88 
996 1 39 81 33 85 31 65 
997 85 17 33 4 42 93 15 65 38 47 61 
998 81 25 33 64 17 23 
999 25 88 31 47 15 1 17 39 58 64 81 
