32 10.736398 59.912766 246528 0.206 71
44 10.780764 59.90729 282673 0.576 15
15 10.867413 59.95087 115752 0.956 12
12 10.813415 59.89729 310226 0.484 57
9 10.748558 59.9143 245811 1.0 39
16 10.704116 59.942337 219721 0.59 45
11 10.764768 59.935173 148511 0.542 2
33 10.703974 59.942383 219721 0.142 9
46 10.78146 59.945374 160730 0.563 54
13 10.765495 59.949497 50757 0.531 53
8 10.867219 59.951412 289875 0.191 6
26 10.845398 59.88295 159256 0.903 57
28 10.722002 59.90822 117724 0.24 60
31 10.812558 59.94142 251822 0.507 59
41 10.847566 59.94405 137151 0.306 52
14 10.781618 59.94548 160730 0.807 72
20 10.72836 59.91073 98231 0.606 8
17 10.81928 59.907597 263613 0.0 8
24 10.727746 59.9133 4542 0.267 57
27 10.926628 59.960854 229649 1.0 51
47 10.7814245 59.945457 160730 0.525 50
37 10.749189 59.911037 209920 0.494 55
36 10.752169 59.914307 112295 0.27 61
18 10.819253 59.907528 263727 0.5 37
22 10.716448 59.92894 113985 0.886 66
