80 10.705449 59.942627 219661 1.0 98
11 10.675137 59.951317 305987 0.377 23
72 10.843731 59.922684 241228 0.296 5
78 10.843282 59.883244 268349 0.556 98
47 10.800829 59.916603 273099 0.18 56
16 10.684491 59.93768 34559 0.767 95
57 10.777976 59.93252 270063 1.0 92
63 10.810868 59.91152 4582 0.545 83
1 10.711601 59.920135 8160 0.155 74
5 10.749913 59.928543 154175 0.572 52
17 10.819679 59.87934 321755 0.78 53
67 10.750799 59.949764 262895 0.367 35
65 10.843213 59.883156 268349 0.761 64
24 10.81071 59.875343 26311 0.673 91
61 10.851198 59.927536 188191 0.542 84
4 10.791515 59.91078 282708 0.0 53
49 10.75105 59.92082 154164 0.47 75
23 10.814699 59.8978 75261 1.0 72
8 10.809289 59.942017 124257 0.687 86
81 10.805536 59.89454 32526 0.835 73
22 10.834783 59.850113 31126 0.227 34
51 10.839756 59.893288 266562 0.295 78
36 10.641824 59.96222 54605 0.241 76
82 10.810578 59.92747 66502 0.119 90
64 10.806563 59.871395 190635 0.213 23
