73 10.776092 59.91444 58460 1.0 26
68 10.684556 59.920002 96186 1.0 54
89 10.881937 59.932846 142194 1.0 87
91 10.732213 59.92769 19866 1.0 3
34 10.773843 59.946835 160890 0.0 24
23 10.757106 59.922375 295622 0.942 99
82 10.676427 59.927216 210002 1.0 57
19 10.79389 59.939552 142696 1.0 37
26 10.728309 59.9136 195696 0.0 57
59 10.776933 59.926056 320270 1.0 32
0 10.811063 59.87346 65922 0.0 42
60 10.75713 59.923462 295636 1.0 91
36 10.845581 59.882484 318512 1.0 60
77 10.720776 59.940033 14222 1.0 68
79 10.708912 59.915173 322952 1.0 60
75 10.757106 59.922375 295622 0.942 75
3 10.755496 59.93846 2642 1.0 54
66 10.73788 59.92113 245080 1.0 79
38 10.847761 59.943806 274300 1.0 18
87 10.79389 59.939552 142696 1.0 71
44 10.761621 59.93429 239338 1.0 94
25 10.728478 59.940502 3796 1.0 86
30 10.676427 59.927216 210002 1.0 41
39 10.732213 59.92769 19866 1.0 6
11 10.708912 59.915173 322952 1.0 7
