13 10.761304 59.925606 225814 1.0 13
60 10.727531 59.921112 221646 1.0 19
14 10.773388 59.912853 7338 1.0 41
50 10.7405 59.91809 306632 1.0 73
18 10.783757 59.907532 81393 0.369 61
72 10.750322 59.916332 290754 1.0 9
23 10.727181 59.909706 44766 1.0 3
46 10.749587 59.914623 23736 1.0 77
113 10.758399 59.923176 151316 1.0 22
79 10.72885 59.913303 195704 1.0 45
30 10.722809 59.941746 14250 1.0 50
91 10.740468 59.90999 8284 1.0 79
22 10.727439 59.91094 196474 1.0 70
65 10.730688 59.925728 267660 1.0 84
6 10.756601 59.91366 217742 1.0 80
10 10.743802 59.912144 107252 1.0 10
35 10.715753 59.928814 227576 1.0 46
43 10.754212 59.917557 308456 0.0 94
67 10.76689 59.928837 297318 1.0 76
117 10.755211 59.91954 1251 0.822 24
1 10.759188 59.92197 295152 1.0 47
80 10.734674 59.913185 289144 1.0 32
49 10.74944 59.916718 1552 1.0 3
101 10.757277 59.92008 295486 1.0 53
15 10.757226 59.919636 295472 0.0 79
