0 11 12 21 4 47 32 37 10 6 25 30 18 17 35 29 38 5 46 36 19 42 1 
1 11 25 17 4 32 30 37 18 10 6 29 42 1 38 19 46 35 
2 11 6 4 10 25 18 35 38 29 19 46 1 
3 25 10 6 4 49 12 41 18 35 19 46 38 
4 47 21 30 10 32 25 12 4 17 6 35 19 42 
5 25 17 49 30 37 32 12 10 41 29 42 36 35 
6 11 18 49 41 25 10 12 7 35 29 46 38 
7 17 12 47 18 19 5 35 42 38 
8 11 32 6 37 49 41 30 12 29 38 5 35 
9 11 25 12 41 47 37 4 5 38 36 19 46 
10 11 18 17 49 7 21 12 10 5 36 29 38 
11 11 47 4 32 41 17 12 5 36 29 
12 21 41 32 25 37 30 6 46 1 5 42 38 
13 11 12 32 30 37 18 49 10 7 5 35 36 46 29 
14 11 47 18 10 30 5 35 36 19 38 1 
15 12 32 37 4 47 18 41 49 7 5 46 36 19 35 
16 11 25 12 30 37 6 18 7 32 17 41 36 46 5 35 29 38 
17 21 30 47 32 12 49 10 37 17 6 4 36 5 46 38 
18 11 47 30 18 41 7 25 21 12 37 17 35 29 
19 25 32 30 10 6 21 37 12 36 42 38 19 35 1 
20 32 37 47 21 30 12 6 18 49 10 19 1 38 5 46 
21 11 49 47 18 4 21 30 37 12 29 19 38 
22 12 41 32 21 30 37 49 10 6 4 46 1 36 29 42 38 
23 11 32 37 4 47 25 30 6 36 46 35 29 1 38 19 
24 49 4 37 17 6 32 12 18 10 38 36 19 1 
25 11 12 32 21 49 37 10 47 25 30 41 4 35 29 46 1 
26 25 37 18 10 7 47 21 30 17 6 4 19 38 5 29 35 1 
27 18 17 32 30 10 6 21 37 4 5 38 19 29 1 
28 11 47 30 37 32 18 17 10 4 12 41 36 29 1 38 19 46 42 
29 25 12 37 7 47 21 10 6 4 35 
30 21 10 6 47 37 49 7 25 30 4 46 29 38 1 19 
31 11 25 47 32 18 10 6 41 30 49 12 4 38 5 46 
32 32 21 30 37 10 41 7 4 12 25 49 38 35 19 42 1 
33 21 37 7 18 41 12 25 6 29 38 1 
34 11 25 17 10 6 37 18 49 30 47 12 4 1 38 36 19 35 29 46 
35 11 25 21 17 6 47 37 12 49 4 18 35 29 
36 7 4 32 21 18 10 17 49 6 25 19 42 1 36 
37 49 4 7 32 21 30 12 1 36 29 42 19 38 
38 25 37 6 4 30 17 10 12 47 41 46 1 19 38 42 
39 11 25 12 32 18 17 47 30 10 5 36 19 46 1 35 38 
40 11 25 21 4 47 18 17 49 10 37 6 35 1 29 42 
41 11 21 49 6 7 47 12 19 46 35 42 36 5 29 38 
42 11 25 32 41 18 10 6 4 7 49 19 5 46 1 
43 25 21 4 6 32 37 18 41 1 42 19 29 
44 11 25 10 6 21 37 17 49 47 18 12 7 4 46 5 35 29 1 38 
45 25 30 18 21 4 47 49 7 46 29 42 38 
46 47 37 49 18 4 21 12 10 5 38 19 36 1 
47 17 10 30 37 49 21 41 29 36 35 1 42 
48 25 49 41 47 17 10 12 4 32 21 6 5 42 46 29 19 35 
49 11 32 18 25 37 41 7 4 17 49 19 38 42 1 
50 47 21 18 25 10 6 4 12 17 49 41 7 46 1 29 5 38 
51 11 30 17 10 47 21 18 49 41 4 5 1 38 19 29 
52 18 25 32 49 6 47 17 41 4 7 19 36 46 29 
53 25 12 18 4 21 49 10 32 37 17 19 46 1 38 
54 25 47 21 37 17 32 7 5 35 29 38 19 42 
55 11 25 32 21 30 47 12 18 17 6 36 19 35 1 29 42 
56 11 21 10 6 41 17 4 5 36 38 19 29 42 1 
57 37 10 21 18 47 32 49 6 36 35 29 5 
58 37 18 49 10 6 32 21 30 4 47 25 17 41 7 36 38 35 19 42 
59 11 12 47 49 10 4 25 32 7 36 29 42 38 1 
60 11 47 21 37 18 49 10 7 25 32 41 4 36 29 46 35 42 38 19 
61 11 25 47 21 18 4 12 37 17 49 41 7 42 19 35 5 46 1 
62 49 10 41 32 18 17 21 37 25 12 38 5 29 1 
63 11 18 10 12 32 21 37 25 4 47 49 7 42 19 35 36 29 
64 7 47 4 25 21 37 18 17 19 29 38 5 46 42 
65 17 49 10 41 32 25 30 18 5 19 46 35 42 
66 11 25 47 21 49 32 12 37 7 30 17 4 46 42 1 38 5 36 
67 11 32 21 6 30 17 25 37 18 49 12 41 19 5 35 29 42 
68 11 21 17 7 32 12 10 6 36 19 46 35 38 42 1 
69 25 18 17 6 41 7 4 30 10 47 32 21 36 5 29 46 1 
70 11 21 6 47 30 7 25 37 17 49 41 19 46 1 38 
71 11 37 4 25 18 17 47 30 12 49 35 42 19 5 46 
72 47 18 7 17 12 25 32 21 6 41 4 5 19 35 38 36 46 
73 11 25 17 12 32 18 49 41 47 37 38 1 29 
74 11 25 12 32 47 18 37 17 49 4 36 42 19 
75 11 47 32 18 25 7 21 37 12 6 19 35 38 
76 11 37 10 6 41 47 32 25 49 18 17 12 19 5 36 42 29 1 
77 32 21 37 17 49 6 4 47 25 30 18 41 5 42 19 1 35 
78 32 49 6 7 47 37 17 10 18 12 36 5 46 29 38 19 35 42 
79 11 12 47 32 21 37 18 25 49 10 41 19 35 38 5 42 
80 11 21 18 12 4 37 17 7 36 19 42 29 1 38 
81 11 25 49 10 41 32 37 18 17 12 6 21 30 4 5 42 36 46 35 29 
82 18 10 12 17 49 41 7 47 32 30 37 19 35 42 1 36 
83 11 25 12 47 32 21 10 41 17 49 4 36 42 38 35 1 19 29 
84 11 21 17 49 10 12 41 32 30 37 18 4 35 38 36 29 
85 11 12 47 30 10 32 21 25 18 41 4 37 17 36 19 29 42 5 
86 11 12 47 18 37 17 10 6 25 21 49 4 19 38 5 
87 11 25 21 37 18 17 6 41 32 5 42 36 35 46 1 
88 11 21 37 47 32 12 18 10 41 7 4 5 46 1 19 29 42 
89 11 25 17 49 7 37 10 41 4 12 32 5 29 1 42 
90 11 47 18 7 25 37 12 6 4 17 49 10 19 38 46 29 
91 11 12 21 18 17 6 41 47 32 37 25 36 19 5 35 
92 47 37 7 18 46 42 19 35 1 38 5 
93 25 32 21 30 49 18 17 6 41 4 12 37 47 35 38 19 42 1 46 
94 32 7 21 12 30 37 6 46 36 35 19 5 
95 11 17 12 30 37 18 32 49 41 36 29 19 46 35 42 1 38 
96 11 12 47 32 30 6 7 18 17 41 37 19 46 1 5 35 
97 11 32 21 30 18 6 25 49 36 19 5 
98 11 12 7 30 6 4 36 5 42 1 19 29 
99 11 12 32 18 6 30 37 17 49 10 47 41 19 46 36 5 1 38 
100 11 21 30 37 49 47 32 12 18 17 6 41 7 4 19 46 1 38 5 42 
101 11 18 10 12 47 32 30 49 6 4 7 19 35 36 1 46 29 
102 11 18 17 10 41 49 12 21 37 25 6 7 35 19 5 46 42 38 
103 11 32 30 37 18 17 6 47 4 21 41 1 5 38 
104 25 32 6 7 10 41 30 49 12 4 36 1 19 
105 11 37 12 30 17 4 21 49 19 5 35 36 1 38 
106 11 49 7 47 21 37 10 12 18 6 41 38 19 5 35 1 
107 11 25 47 49 21 30 17 12 7 4 19 29 38 35 42 1 
108 11 47 37 41 32 12 18 4 1 19 5 29 42 36 
109 11 32 21 4 18 10 30 36 5 35 19 29 1 
110 11 47 32 30 37 49 12 21 18 17 41 29 1 19 42 36 35 38 
111 11 32 21 6 37 10 47 12 17 41 7 19 5 46 35 1 29 42 
112 11 18 30 17 10 6 4 25 29 42 19 46 35 36 
113 11 25 47 6 12 21 17 4 42 5 35 1 36 19 29 
114 11 25 18 6 41 32 12 4 46 29 19 5 42 36 
115 47 37 10 30 17 18 49 35 29 36 19 5 42 
116 47 18 21 49 6 17 46 35 29 19 1 36 
117 32 21 41 4 47 30 49 10 12 19 29 38 5 36 46 
118 11 47 4 25 30 18 17 7 12 32 21 37 46 42 19 29 36 5 38 
119 25 49 37 32 21 12 18 6 7 46 35 42 19 38 
120 6 12 32 21 10 25 37 18 41 7 1 36 42 
121 32 18 12 49 4 29 1 38 5 35 36 
122 11 32 18 17 7 21 10 6 36 29 38 19 42 
123 11 25 12 10 47 6 7 30 41 5 35 1 29 38 
124 11 17 32 49 6 7 37 5 42 38 19 1 
125 11 37 6 12 21 49 10 41 4 36 19 46 1 5 29 
126 32 4 47 21 6 7 17 10 1 46 29 38 
127 47 10 30 6 25 32 12 7 4 19 1 5 35 
128 11 47 10 6 41 37 18 5 29 36 35 42 19 
129 11 21 30 12 17 49 10 6 41 4 5 35 42 36 46 1 
130 11 12 18 41 4 32 30 49 6 21 5 29 1 
131 11 49 41 21 10 12 30 6 7 36 5 1 46 38 
132 21 37 18 17 49 10 30 32 7 36 46 42 5 35 38 
133 11 30 41 37 18 6 10 12 36 42 19 46 1 
134 18 49 6 47 10 7 21 25 12 41 29 38 42 5 46 
135 11 21 4 30 37 10 25 49 5 46 29 19 38 
136 11 37 18 6 4 47 30 25 41 36 46 42 1 38 35 
137 11 7 32 30 10 4 12 21 18 41 5 42 19 1 
138 11 25 21 47 6 41 12 30 37 18 49 7 19 42 1 38 
139 11 12 25 30 41 10 4 47 21 17 19 5 1 46 35 38 
140 11 30 49 47 17 7 21 18 35 1 
141 11 25 12 30 37 49 41 6 32 21 4 19 5 46 42 38 36 
142 11 12 32 37 18 7 30 5 19 46 36 1 
143 11 30 4 32 12 17 49 7 5 29 46 1 19 38 
144 32 10 41 4 47 18 12 7 29 36 19 1 5 35 38 
145 11 47 30 18 6 49 25 21 41 7 36 19 5 35 29 
146 17 7 47 30 18 12 21 6 41 4 19 35 29 46 1 
147 47 7 30 18 10 21 37 41 36 42 35 29 
148 18 25 49 7 10 5 46 36 35 
149 32 18 6 21 30 17 4 47 49 41 5 46 35 29 
150 25 47 21 41 4 17 49 38 35 1 36 29 42 
151 7 47 6 25 21 49 46 19 42 1 36 35 29 
152 11 47 21 18 49 17 10 36 5 29 46 
153 12 18 17 49 4 21 30 10 7 47 32 41 36 29 1 38 46 42 
154 30 32 17 10 6 41 7 4 35 5 29 42 38 
155 25 12 18 7 47 37 35 1 38 5 46 42 
156 11 21 17 37 42 36 19 29 1 38 
157 11 21 30 37 17 4 47 12 49 10 5 36 19 46 35 29 
158 32 18 49 7 25 30 6 38 5 35 36 42 
159 11 12 32 21 47 6 17 36 38 29 35 1 
160 11 47 32 21 37 10 17 12 4 19 35 38 29 46 1 
161 11 25 21 18 4 12 10 6 41 47 32 37 49 29 38 42 1 36 19 35 
162 32 21 37 30 6 7 4 47 25 12 49 10 5 38 
163 11 12 30 18 10 6 17 47 5 1 42 
164 10 25 32 30 6 4 17 41 7 36 46 1 5 35 38 
165 12 21 18 41 4 47 25 30 10 6 42 46 29 
166 11 25 10 6 7 4 30 36 46 29 42 19 5 1 
167 11 18 10 7 21 49 6 5 46 42 38 
168 25 18 49 7 21 37 30 12 6 5 35 29 1 
169 6 41 30 18 49 12 19 42 1 
170 25 49 4 30 18 17 10 32 5 1 36 
171 25 32 21 10 37 6 36 5 19 38 29 
172 21 49 41 30 17 10 6 12 7 5 46 38 36 19 42 1 
173 11 32 37 18 17 7 12 49 6 42 5 35 38 
174 11 37 10 30 17 47 32 21 12 7 36 35 38 29 42 
175 12 30 17 37 49 10 41 19 35 46 5 
176 11 25 12 47 18 10 7 21 30 37 49 46 42 38 
177 11 25 32 21 12 41 4 37 36 5 1 38 
178 11 12 21 30 10 47 25 37 6 7 36 46 1 29 42 
179 47 18 10 21 25 17 6 41 7 36 42 1 19 35 29 38 
180 30 37 6 4 12 18 10 5 29 46 
181 11 18 10 41 30 25 5 42 1 38 36 
182 11 32 37 21 30 47 7 46 35 42 1 
183 11 25 49 10 7 4 47 32 37 30 18 6 41 35 42 
184 11 41 30 37 18 7 32 21 38 36 19 5 29 
185 32 12 47 30 49 25 21 37 18 17 4 5 46 35 1 38 
186 11 49 6 47 21 30 18 37 10 19 36 35 38 5 46 
187 11 30 37 49 10 7 25 17 4 29 1 38 35 36 46 
188 11 30 17 49 41 4 12 21 18 6 5 35 29 1 19 46 
189 47 21 18 6 25 12 49 10 41 4 7 19 46 35 29 42 5 38 
190 11 18 49 32 21 41 47 37 25 10 19 46 42 1 38 5 
191 25 32 18 10 4 30 12 6 41 7 47 36 38 42 1 
192 11 49 7 18 41 47 21 30 12 17 5 42 46 35 36 19 
193 32 21 6 30 17 41 49 46 35 19 
194 11 17 41 21 18 49 47 30 6 35 1 
195 11 4 7 47 49 32 18 10 12 19 5 35 29 42 1 
196 11 25 10 41 47 21 30 49 12 7 17 46 1 36 42 29 38 
197 49 7 4 10 32 21 18 1 38 46 29 36 5 35 
198 21 30 49 6 25 10 47 37 17 12 4 19 46 35 29 42 
199 25 37 10 4 12 18 21 41 36 46 1 
200 11 21 10 47 32 6 36 46 1 38 35 29 
201 18 17 21 30 41 37 25 36 35 5 46 42 1 38 
202 12 21 4 32 30 41 7 47 17 10 46 1 19 5 29 42 38 
203 11 12 47 7 4 18 10 6 37 17 49 41 19 46 29 1 38 
204 11 12 47 30 49 6 7 5 29 19 36 38 
205 11 25 47 37 17 10 7 4 5 29 38 
206 25 49 41 7 47 10 21 37 17 42 5 46 29 35 38 
207 11 12 21 49 6 32 10 4 47 37 41 7 42 1 36 35 38 19 29 
208 11 25 18 17 10 30 49 47 21 6 41 7 19 36 1 
209 11 25 47 18 6 4 32 21 30 37 49 46 38 19 29 42 1 
210 25 18 17 47 10 37 7 38 19 5 46 
211 12 37 18 10 41 17 46 35 1 36 19 5 42 
212 11 12 47 17 10 41 30 18 6 7 19 29 36 35 42 1 
213 25 49 32 10 6 7 36 35 42 29 1 19 
214 11 32 30 49 4 47 18 12 21 37 7 35 38 36 42 1 46 29 
215 11 37 41 30 32 6 7 19 29 
216 11 25 21 30 18 49 7 47 17 6 4 19 5 29 46 1 
217 11 32 37 49 6 18 10 17 7 4 36 19 1 38 35 42 
218 25 18 10 7 30 37 6 4 12 41 5 1 36 29 38 
219 25 12 21 49 6 7 37 10 32 30 17 4 19 35 36 
220 7 47 6 4 18 17 49 5 38 19 35 1 36 
221 7 21 30 18 32 12 37 17 10 6 5 36 46 42 38 
222 32 10 7 18 17 4 47 25 30 38 36 29 1 
223 47 37 7 21 10 30 41 12 35 42 
224 41 7 21 37 18 10 30 25 4 19 38 29 42 
225 25 12 47 37 6 21 18 49 4 5 29 1 38 
226 11 32 21 30 6 12 37 18 49 41 4 7 38 36 46 35 29 5 42 
227 11 6 41 7 4 18 10 5 42 
228 25 32 47 41 7 37 19 36 38 
229 11 17 12 47 10 32 37 49 7 5 35 1 46 42 
230 25 30 18 10 32 21 35 1 38 5 46 42 29 
231 11 10 4 32 47 30 18 5 42 1 46 35 
232 37 17 10 12 49 47 18 36 19 46 38 5 29 42 
233 25 12 30 18 17 21 10 6 41 36 46 29 38 5 35 1 
234 11 49 32 37 17 47 21 18 41 7 1 42 
235 11 25 30 37 41 10 7 21 18 17 6 42 5 1 36 29 
236 32 30 6 7 37 18 17 10 47 21 46 42 36 35 
237 21 37 47 10 41 12 30 18 6 7 29 38 46 42 1 
238 11 37 7 47 30 25 12 21 41 36 5 35 46 42 
239 30 37 49 25 47 10 38 35 
240 11 12 37 17 21 30 10 4 47 25 1 19 
241 25 47 18 17 49 12 10 6 41 7 36 35 1 5 29 38 
242 47 32 30 18 49 25 21 12 37 17 4 7 5 29 38 19 46 42 
243 11 25 12 21 6 30 37 18 4 10 5 35 29 42 38 36 46 1 
244 4 21 18 6 46 42 38 19 1 
245 11 21 6 47 32 7 25 17 49 41 5 46 1 19 35 
246 12 18 49 7 21 47 30 36 46 19 5 35 38 
247 11 47 21 49 4 7 25 18 12 41 17 5 38 19 35 
248 6 7 4 17 32 21 10 25 19 42 36 
249 25 12 47 32 18 41 30 49 10 19 1 5 46 35 42 38 
250 47 30 18 32 21 12 37 17 49 10 6 7 5 46 35 38 19 
251 11 49 41 4 37 10 7 21 30 17 6 42 19 35 1 38 
252 11 47 7 25 17 21 49 6 19 1 46 35 29 
253 37 49 21 6 41 1 36 19 5 
254 25 47 30 6 32 21 12 37 18 4 17 10 1 35 
255 11 17 30 37 10 6 41 12 49 7 4 1 35 38 5 46 
256 11 32 21 17 6 41 30 4 25 18 19 29 46 38 36 5 
257 12 47 21 30 7 4 49 10 5 1 35 36 46 29 
258 25 12 47 37 41 7 49 6 18 4 5 46 1 
259 21 30 49 10 47 25 18 32 19 46 29 1 38 
260 11 47 32 18 7 37 17 41 21 10 6 1 46 42 35 38 
261 11 21 30 49 37 17 47 32 18 10 6 4 36 5 35 38 19 
262 11 21 49 7 47 32 18 10 6 35 29 38 19 46 42 
263 11 37 18 17 7 4 41 46 38 1 
264 11 30 6 41 7 32 18 49 10 12 19 36 5 35 42 
265 47 18 17 41 25 21 6 36 29 19 5 46 38 
266 11 32 17 49 37 10 6 41 4 5 35 29 1 
267 11 25 32 10 4 47 30 49 41 19 46 1 38 36 29 
268 25 12 37 49 6 4 47 41 19 42 1 29 36 46 38 
269 11 18 30 17 6 4 32 37 7 5 46 29 42 1 36 35 19 38 
270 11 25 47 49 10 4 32 6 41 21 12 36 35 46 1 
271 18 6 7 25 47 10 41 42 5 29 46 1 38 
272 11 18 21 30 41 7 32 12 49 10 6 36 46 35 1 42 19 29 38 
273 11 47 30 4 37 18 10 41 49 36 29 35 1 46 
274 11 47 21 17 4 32 37 10 41 7 36 42 1 19 5 29 38 
275 11 37 17 49 10 47 32 30 12 7 46 35 19 
276 47 7 49 30 37 18 17 19 1 5 29 
277 11 17 6 32 30 18 41 4 7 29 36 42 1 38 
278 11 25 6 12 47 30 17 10 41 4 21 37 18 49 19 29 42 35 1 38 
279 11 32 18 10 6 21 7 37 4 36 19 1 46 29 42 
280 11 25 37 18 17 7 21 12 36 35 1 19 29 42 
281 11 6 12 30 18 25 47 37 10 41 36 29 46 38 19 35 
282 25 47 32 30 10 6 4 21 37 49 5 42 35 1 
283 11 21 25 30 4 12 49 41 1 5 42 36 
284 30 37 6 7 21 17 46 29 42 
285 25 32 17 18 49 7 47 21 30 37 10 41 29 5 46 35 1 
286 11 47 17 10 25 21 6 18 49 12 41 7 19 29 42 38 36 46 
287 25 12 32 30 10 41 37 18 17 49 4 36 38 19 
288 11 47 30 17 10 32 37 41 7 12 25 35 42 1 5 29 
289 11 25 12 37 30 18 49 47 36 19 35 29 
290 11 49 6 30 18 41 32 4 42 1 38 36 5 
291 11 25 6 47 37 18 7 35 19 29 38 46 1 
292 41 32 21 25 30 10 7 36 42 46 1 38 
293 12 30 17 6 41 7 32 25 4 47 49 42 5 1 
294 11 47 21 17 10 30 37 18 4 7 36 35 42 19 46 29 1 38 
295 11 4 18 7 25 32 10 36 46 35 1 38 29 
296 25 12 18 41 4 7 47 37 10 36 42 19 29 1 38 
297 47 32 30 6 17 10 4 5 36 42 38 
298 47 30 18 7 37 21 41 29 38 36 5 46 
299 47 49 10 6 4 7 21 46 42 1 29 36 35 
300 25 49 41 32 37 17 10 7 19 46 29 42 1 38 36 
301 11 47 17 49 10 6 30 12 7 35 
302 25 32 12 47 30 17 7 37 18 6 41 4 19 42 5 38 1 
303 25 37 18 41 7 21 49 6 17 36 46 1 5 29 42 
304 11 32 30 18 10 4 47 17 21 7 36 19 42 5 29 1 35 
305 47 25 32 17 10 7 21 37 18 4 5 1 19 42 38 
306 11 25 7 4 37 47 32 17 49 41 36 35 42 1 5 46 38 
307 11 32 4 47 18 17 10 7 21 37 49 46 5 36 29 
308 25 18 30 37 10 47 32 12 4 19 1 36 35 42 
309 25 6 41 21 30 10 36 46 35 42 38 29 1 
310 11 30 18 17 49 6 32 37 4 21 47 7 19 5 35 38 
311 21 18 30 41 37 6 4 5 46 29 
312 11 30 10 7 47 32 4 37 41 12 19 42 1 38 46 
313 25 41 30 6 32 21 37 18 7 5 46 42 36 29 35 
314 17 12 30 37 21 10 6 7 1 46 38 36 29 42 
315 32 18 17 47 21 25 10 4 37 46 42 38 36 19 5 35 
316 11 21 32 30 7 47 25 37 18 4 29 1 38 19 35 42 
317 49 41 7 47 21 30 37 18 10 42 1 38 36 19 46 29 
318 11 49 6 41 17 25 19 29 5 35 1 
319 25 47 49 7 10 41 32 37 6 4 36 29 1 42 46 
320 11 25 17 4 7 10 41 12 19 29 36 42 
321 11 25 32 21 18 47 49 30 6 36 19 5 46 38 
322 11 12 47 17 7 41 36 5 38 35 
323 25 21 17 10 47 18 49 6 7 1 5 19 38 
324 47 32 37 49 7 25 12 6 36 19 46 35 29 
325 25 12 37 4 18 6 7 5 19 29 42 36 
326 11 30 41 7 47 12 25 6 46 35 42 1 5 19 
327 25 12 21 30 18 6 41 36 5 1 19 38 46 
328 25 21 10 30 17 32 4 19 1 46 42 38 
329 11 25 17 10 32 18 7 21 30 37 49 4 46 35 29 38 19 5 
330 25 21 7 32 18 41 17 49 4 35 19 29 38 36 
331 25 47 32 37 49 7 18 10 12 30 4 46 35 36 29 1 5 
332 10 12 32 7 47 21 30 29 42 36 5 38 
333 21 47 12 37 10 46 35 5 38 
334 11 17 49 10 47 30 18 12 25 41 46 36 5 29 1 38 35 42 
335 30 32 21 10 47 25 18 49 4 42 5 35 46 
336 25 17 10 49 12 7 47 30 6 4 19 1 36 38 
337 12 21 17 32 37 49 7 1 38 29 
338 11 32 12 25 21 49 7 4 19 35 38 
339 11 37 10 6 18 17 41 35 36 1 46 38 
340 47 21 49 37 17 6 7 4 30 38 19 35 1 
341 25 30 21 37 17 41 18 6 36 46 35 29 42 5 38 
342 37 18 4 7 30 47 21 12 46 36 19 1 5 29 
343 11 25 6 32 4 47 12 10 41 7 29 42 46 36 19 35 1 
344 25 30 18 17 10 41 4 7 19 1 35 29 38 46 
345 11 47 30 6 41 7 4 37 17 49 42 36 46 29 1 
346 11 32 6 4 47 37 7 1 38 46 
347 49 41 4 18 25 12 21 17 6 7 46 19 29 
348 11 30 12 25 18 17 10 49 6 7 46 29 5 35 42 1 
349 11 25 32 12 37 18 41 4 10 6 7 29 5 1 38 
350 32 18 41 7 47 30 37 25 49 12 4 17 36 29 5 46 35 19 
351 25 30 10 41 4 18 49 12 7 32 35 29 38 42 
352 47 6 18 4 37 17 10 41 1 38 19 5 29 42 
353 12 30 6 32 21 25 41 7 18 49 10 4 36 29 5 1 35 38 
354 32 10 49 6 5 35 19 1 38 36 
355 32 49 6 7 47 21 41 30 25 10 5 29 42 1 46 
356 12 32 30 49 41 6 37 47 4 36 35 29 19 46 1 38 
357 7 32 21 18 49 10 6 41 4 17 5 36 42 38 1 
358 25 47 32 18 17 21 37 7 6 36 19 46 35 29 38 
359 7 10 4 30 37 49 1 42 38 36 46 
360 11 37 10 30 12 49 4 21 29 1 38 36 
361 11 25 32 18 7 4 47 5 1 36 46 42 35 29 
362 25 12 49 47 30 17 41 37 46 29 
363 11 32 41 21 37 10 29 1 36 5 46 38 19 35 
364 18 10 21 41 32 49 4 5 46 36 29 1 35 
365 11 12 18 21 37 17 6 7 4 35 1 29 46 
366 11 47 37 18 17 25 32 41 7 4 21 30 6 29 42 19 46 35 36 5 1 
367 17 49 12 6 41 37 10 46 36 29 42 
368 11 32 21 41 47 12 30 49 6 4 36 42 1 29 38 
369 11 25 37 18 47 32 49 4 21 10 6 7 19 29 1 42 36 
370 11 12 47 21 30 18 10 4 25 37 17 41 49 6 29 42 1 36 5 35 
371 11 32 21 30 37 18 25 12 49 10 41 19 5 1 38 
372 11 10 47 37 18 41 12 21 30 17 25 35 1 46 5 42 38 
373 12 47 18 7 32 21 37 17 41 4 30 10 46 29 36 19 
374 12 47 41 4 32 49 7 36 35 19 1 
375 11 25 47 32 30 7 12 37 18 49 10 41 19 29 1 38 36 5 46 42 
376 11 25 30 12 47 32 17 36 19 46 35 38 29 
377 11 30 6 32 10 41 4 19 35 42 38 29 
378 11 12 21 30 49 47 37 6 41 46 36 5 38 35 
379 25 17 10 32 49 6 7 36 35 29 42 38 
380 25 12 17 21 30 47 49 4 46 29 38 35 1 
381 11 32 18 17 10 47 21 30 25 37 49 6 4 19 29 1 5 35 42 38 
382 11 7 47 6 19 1 36 5 29 38 35 
383 11 25 47 21 17 30 10 6 7 12 32 38 29 1 35 
384 25 32 37 10 7 4 12 18 49 41 36 29 46 42 38 
385 25 12 6 21 49 47 30 18 7 29 38 19 1 
386 11 30 49 32 18 7 47 25 17 10 4 46 29 42 1 38 
387 11 25 7 21 37 10 47 18 5 19 29 1 42 
388 11 18 17 10 41 25 12 4 38 19 46 29 42 1 
389 11 12 32 21 6 47 37 49 7 30 18 41 36 5 29 
390 25 47 32 41 7 4 36 19 5 1 29 42 
391 25 18 4 30 37 17 10 41 12 49 47 46 29 1 42 
392 12 47 17 37 18 10 4 19 36 5 35 
393 11 25 17 47 21 7 4 37 18 41 42 1 38 35 
394 11 12 21 30 37 25 49 10 41 7 42 1 38 5 
395 21 30 18 17 10 6 41 7 49 47 46 35 1 19 42 36 5 29 
396 41 4 30 17 6 7 32 37 10 19 5 46 35 42 1 36 
397 11 21 4 7 25 30 32 37 49 10 12 36 35 5 42 1 38 
398 37 41 7 30 10 4 47 18 17 49 12 46 1 38 42 36 
399 11 25 30 49 41 7 21 37 17 47 6 35 36 46 1 
400 32 21 49 41 7 37 6 4 30 18 46 29 42 1 38 36 5 35 
401 11 25 17 47 21 18 49 10 7 4 46 1 38 36 
402 11 25 6 7 47 49 17 46 42 
403 47 41 32 21 4 7 49 10 6 25 36 19 46 38 42 
404 11 37 17 12 18 4 10 29 36 19 42 38 
405 11 25 37 41 47 6 21 30 10 12 4 46 35 36 19 42 29 
406 11 37 18 49 4 47 21 17 29 42 38 19 5 
407 11 32 30 18 17 6 37 10 41 21 47 42 19 35 38 
408 25 41 7 30 10 4 32 21 18 12 29 42 36 
409 21 49 4 30 37 41 7 12 29 36 38 5 42 1 
410 25 47 32 41 7 30 37 18 6 4 19 35 42 38 5 
411 47 30 17 41 37 12 10 4 19 42 5 35 29 46 1 
412 11 47 6 25 32 18 12 17 4 46 35 1 29 36 
413 25 32 21 30 49 6 4 47 17 10 36 46 35 29 5 1 19 
414 11 25 41 12 32 21 30 37 17 18 7 36 29 42 19 
415 21 18 6 32 25 7 47 30 17 41 5 35 42 1 
416 11 12 32 18 17 4 30 37 10 7 19 29 42 38 5 46 35 
417 12 47 37 7 17 29 36 38 35 
418 25 30 7 17 49 10 4 29 38 36 19 5 46 35 
419 11 25 12 10 7 47 21 37 49 6 36 19 42 
420 47 32 21 30 7 37 17 49 41 46 
421 11 25 47 18 41 7 21 4 30 17 6 29 1 36 5 38 
422 11 25 18 49 4 47 21 37 17 35 36 5 46 42 
423 37 17 10 6 47 32 30 25 41 7 5 29 19 46 42 38 
424 11 47 10 25 21 18 41 49 6 7 19 1 29 42 38 
425 11 17 41 21 30 37 18 49 10 7 5 38 36 19 46 29 1 
426 11 32 25 47 12 30 49 36 46 35 29 42 38 19 
427 11 25 21 37 4 30 18 10 47 6 1 35 29 36 46 42 
428 25 32 21 17 6 30 4 41 36 46 29 19 35 42 38 
429 11 47 30 18 37 4 7 32 10 5 29 42 1 19 46 35 38 
430 11 32 30 47 21 10 25 18 49 5 35 46 29 38 
431 12 18 17 41 7 32 25 10 46 29 35 38 
432 11 32 10 4 30 37 18 12 7 47 25 21 41 29 1 19 42 
433 47 10 4 37 25 6 7 32 30 17 41 5 1 38 19 42 
434 11 25 21 18 37 10 6 41 32 49 36 38 46 
435 21 49 41 4 36 35 38 1 
436 11 25 37 18 47 32 7 21 12 10 4 5 29 
437 11 32 12 41 47 25 17 6 7 19 46 36 5 35 38 
438 11 12 37 18 32 49 4 17 47 7 36 19 46 35 29 38 42 
439 6 12 32 47 30 18 49 7 5 46 1 36 42 
440 25 37 18 10 30 17 6 7 5 19 35 46 29 1 
441 11 25 32 21 6 41 12 42 38 36 29 19 1 
442 25 47 37 6 32 30 17 49 41 4 7 42 38 19 5 36 35 29 1 
443 25 18 17 10 6 7 47 32 41 37 4 36 35 5 46 42 1 19 
444 11 25 32 37 4 21 10 41 17 7 36 5 35 
445 11 18 7 32 21 10 6 12 1 36 19 38 46 
446 12 17 49 7 25 4 37 41 5 19 46 29 42 1 38 35 
447 11 30 49 7 18 12 47 32 41 5 35 29 38 
448 18 17 7 30 12 32 21 37 25 4 5 29 35 42 38 1 
449 37 17 49 6 7 4 18 46 42 35 
450 21 17 49 7 6 30 12 10 4 35 42 29 36 5 1 
451 17 49 4 32 30 12 37 29 42 
452 47 21 18 41 17 4 30 12 49 46 38 5 29 1 
453 25 30 37 17 10 7 5 46 36 19 29 1 
454 11 25 47 30 17 49 41 37 4 18 46 42 5 35 1 38 
455 18 17 32 25 37 46 29 1 5 36 19 42 38 
456 11 25 12 37 18 6 47 32 30 49 41 19 29 38 36 35 1 
457 25 47 32 30 4 10 12 21 17 6 7 36 5 42 19 29 38 
458 25 30 17 12 47 37 10 4 1 36 42 38 46 35 
459 21 47 30 18 6 4 32 10 7 35 29 42 1 38 
460 37 10 6 4 7 21 47 25 41 29 42 1 36 19 38 
461 11 25 32 17 47 6 4 21 36 19 46 35 38 
462 12 30 25 37 10 7 32 17 4 35 1 
463 11 21 6 4 47 37 10 42 19 35 29 38 1 
464 11 25 12 4 32 21 37 41 7 30 18 49 10 36 19 38 29 1 
465 25 37 47 30 18 17 6 41 12 21 7 35 38 5 1 36 
466 11 25 12 32 21 49 7 17 10 41 6 47 4 5 29 38 
467 11 12 30 37 49 7 10 41 21 4 29 36 5 35 38 
468 11 12 32 18 10 7 41 47 21 37 4 1 19 5 42 29 38 
469 25 21 49 30 18 12 36 35 38 46 42 
470 11 25 12 47 37 18 6 17 49 32 41 29 1 38 42 35 
471 11 6 18 49 47 32 12 10 7 4 36 42 38 35 29 
472 18 37 49 6 32 25 10 19 46 42 29 38 
473 11 12 21 41 4 30 18 49 47 37 7 36 35 5 46 29 1 
474 11 12 18 10 6 4 17 47 37 36 5 29 1 46 
475 11 25 21 4 47 32 18 10 6 37 1 35 46 42 
476 11 21 10 6 47 32 30 18 25 49 7 46 29 35 1 42 
477 11 25 21 47 32 17 49 4 37 7 36 46 29 38 5 35 42 
478 12 21 37 4 32 25 49 10 6 41 7 36 29 42 38 19 46 35 
479 10 6 7 12 32 37 49 25 41 4 30 38 46 42 
480 37 18 41 49 12 7 32 17 4 36 19 29 5 35 42 1 
481 11 17 6 12 49 47 21 41 35 36 42 29 
482 25 17 6 47 12 49 10 41 46 38 36 19 1 
483 12 32 30 21 37 10 4 47 38 42 
484 25 30 10 41 47 32 6 37 36 1 19 5 35 29 42 38 
485 32 21 10 4 12 47 30 17 7 35 29 38 
486 47 21 7 32 25 41 4 36 5 35 38 19 29 1 
487 11 25 18 12 21 30 17 49 36 35 29 
488 11 41 18 7 32 21 30 17 10 35 5 46 29 1 38 
489 21 37 47 6 32 25 30 19 5 42 35 38 46 29 
490 25 21 37 47 12 17 10 4 30 7 29 19 5 42 46 1 
491 32 18 41 21 37 6 12 17 49 4 46 1 38 19 
492 11 25 12 47 21 37 41 7 36 42 38 46 29 1 
493 30 12 7 4 47 49 25 5 29 38 42 19 
494 11 41 7 47 32 21 30 37 12 17 6 4 42 38 
495 11 12 47 21 30 17 10 49 6 32 41 46 1 29 36 42 
496 11 25 18 47 12 41 30 37 17 7 5 29 36 46 35 42 38 
497 11 25 12 10 7 49 47 32 18 6 19 29 36 46 35 1 
498 11 25 12 21 18 6 30 49 41 7 4 35 1 36 29 46 38 
499 11 12 47 32 18 17 49 41 30 7 25 6 46 42 1 35 
500 11 17 49 41 7 21 10 47 37 25 46 35 19 42 29 
501 11 47 7 12 32 30 10 4 18 49 41 19 46 38 5 1 
502 25 18 17 41 12 7 32 49 10 4 42 19 5 1 38 36 29 
503 11 25 47 30 49 32 10 37 17 4 19 35 29 1 
504 12 37 6 7 25 10 41 46 42 1 19 36 35 
505 11 21 37 18 41 25 49 10 6 4 47 32 7 19 35 5 29 1 
506 11 25 30 37 32 17 10 47 21 41 38 19 5 1 35 
507 11 30 41 12 21 6 37 18 10 5 46 42 35 1 36 
508 11 7 12 21 18 10 41 4 37 49 32 36 1 19 
509 7 12 47 21 17 10 6 18 4 25 46 29 38 
510 11 25 47 17 7 6 21 37 18 49 35 19 5 46 1 
511 25 32 21 37 41 7 12 49 36 29 19 5 
512 11 12 47 30 17 41 4 37 18 49 6 46 35 5 42 36 19 
513 11 25 12 17 49 41 7 32 21 18 10 36 19 46 35 1 5 
514 37 6 10 12 4 7 46 29 36 42 1 
515 11 12 32 7 47 21 30 37 41 25 4 17 6 5 38 19 1 42 
516 12 32 30 7 4 6 47 21 18 10 19 38 5 46 42 1 36 
517 10 17 6 41 4 7 42 1 35 29 
518 12 47 32 18 4 17 6 21 37 19 46 
519 18 10 7 12 47 49 19 46 42 1 36 5 38 
520 11 25 32 17 49 7 12 41 4 21 18 36 19 38 
521 18 49 21 17 37 6 5 42 29 
522 25 32 21 30 41 12 37 17 49 6 7 38 46 35 29 
523 11 12 32 37 21 10 29 42 38 35 19 
524 47 21 17 41 25 37 18 49 12 6 38 35 42 19 5 1 
525 11 25 47 32 49 41 12 30 46 36 5 35 
526 11 32 6 41 25 21 30 49 7 17 10 4 42 36 35 29 1 
527 11 30 37 17 7 4 21 25 42 38 36 35 29 1 
528 25 21 37 18 41 4 30 49 47 36 35 29 38 46 42 1 
529 17 12 47 32 30 49 4 21 18 6 7 42 29 19 46 
530 12 21 30 37 10 7 4 18 6 41 49 5 29 42 38 
531 11 47 18 49 21 30 17 41 12 36 5 29 38 
532 12 47 32 21 17 4 25 30 18 10 41 6 19 29 5 38 36 35 
533 11 47 10 6 21 7 4 25 32 18 17 5 46 1 19 36 42 
534 11 49 4 21 18 25 17 41 42 1 36 35 38 
535 49 6 47 10 21 4 7 36 46 5 35 42 38 
536 11 12 6 7 4 47 49 10 25 37 18 17 41 46 1 36 42 
537 47 18 6 17 49 7 4 21 30 36 42 1 35 38 
538 25 10 7 47 21 18 6 41 32 30 17 42 46 38 35 29 
539 11 25 47 18 10 4 21 37 6 12 17 29 36 5 38 
540 47 21 37 17 6 4 12 46 35 29 36 42 38 
541 11 12 47 21 6 41 7 25 30 37 42 46 38 5 
542 11 4 47 37 7 21 30 12 17 49 10 6 5 29 38 36 46 42 
543 12 37 49 7 21 30 17 6 41 4 36 35 42 19 46 29 5 
544 32 21 12 47 25 10 4 30 37 17 5 38 36 19 42 
545 11 12 21 37 17 10 30 25 4 36 46 5 29 42 1 
546 12 21 37 6 47 17 10 49 46 35 38 29 1 19 
547 11 21 30 37 18 4 12 41 47 25 17 7 19 35 1 38 29 5 
548 11 12 37 17 7 25 10 6 41 18 36 19 5 42 38 
549 11 25 47 32 30 18 17 10 6 41 29 1 46 35 42 19 
550 11 47 17 49 32 41 7 12 21 30 37 1 19 35 42 38 5 
551 11 37 4 32 25 17 49 10 6 7 35 38 36 29 46 1 
552 30 18 41 21 17 10 1 
553 11 25 47 4 21 17 49 29 42 35 
554 11 18 17 32 49 47 30 25 7 4 46 35 19 38 29 
555 11 25 17 21 32 30 37 6 4 19 42 1 38 
556 11 21 37 17 49 6 7 4 32 18 41 29 35 
557 32 41 4 6 17 12 19 5 35 29 42 36 
558 11 47 7 21 37 10 6 41 32 25 36 29 5 46 42 38 
559 11 12 37 49 41 32 18 47 21 30 10 4 38 36 19 5 35 1 
560 11 30 6 17 49 41 7 4 47 21 37 10 35 29 38 42 1 
561 32 37 49 21 6 18 4 29 5 36 19 
562 11 49 41 7 30 17 6 4 38 36 19 29 
563 11 47 21 18 17 30 49 37 41 19 5 29 1 38 35 42 46 
564 25 37 17 4 30 18 6 10 36 35 29 19 5 46 42 1 
565 11 17 6 7 47 49 12 32 30 18 4 19 46 42 36 5 29 
566 11 30 49 7 32 25 47 37 17 12 38 5 29 35 42 
567 11 18 21 25 10 6 41 7 42 1 36 29 38 
568 11 30 6 7 32 21 49 12 25 10 29 1 
569 11 37 7 32 30 25 49 6 4 19 5 42 1 36 38 
570 11 30 18 6 41 47 7 10 36 5 46 35 42 1 19 
571 25 21 10 6 41 4 17 49 42 19 1 35 
572 11 47 30 37 17 41 4 32 10 25 7 5 1 38 35 46 29 42 
573 25 21 12 37 10 32 18 49 6 7 35 19 1 36 29 42 
574 11 18 17 6 7 21 32 10 12 35 46 29 42 1 
575 11 18 49 4 21 30 17 10 32 37 42 35 1 38 
576 11 25 21 17 49 4 32 30 12 6 19 36 42 1 5 
577 11 25 7 47 30 37 17 12 41 38 5 35 19 29 
578 11 25 47 32 17 41 4 37 6 19 5 46 29 38 42 1 
579 11 25 37 6 12 7 17 10 42 36 46 
580 10 7 21 25 41 37 17 5 46 35 29 19 
581 32 37 49 4 12 21 38 36 46 
582 11 25 32 4 21 6 49 10 7 36 5 46 29 19 38 
583 25 32 37 10 47 21 30 18 4 7 5 46 1 
584 11 21 10 41 49 6 4 30 7 38 46 5 35 1 
585 11 25 37 49 10 41 32 21 18 17 4 19 5 35 42 38 46 1 
586 11 25 47 12 30 32 37 10 6 7 29 42 1 
587 49 47 30 17 41 4 32 21 12 36 19 35 46 1 38 5 29 42 
588 11 12 4 6 41 30 29 46 35 1 38 
589 21 30 18 10 32 12 37 17 41 4 36 35 29 38 1 
590 11 47 18 17 10 4 21 12 41 32 46 
591 25 32 37 17 30 49 6 21 4 5 42 1 36 29 38 35 
592 11 12 21 7 4 30 17 49 37 18 6 41 25 19 38 46 35 29 42 1 
593 12 47 32 18 49 4 17 10 6 5 38 46 1 36 35 42 
594 25 41 32 21 30 17 47 12 19 5 36 42 
595 11 30 10 12 32 25 37 49 41 5 46 29 1 38 42 36 35 
596 11 25 47 32 18 17 6 12 21 19 35 5 46 29 42 
597 30 12 21 6 41 37 4 46 1 38 36 19 5 35 29 42 
598 11 25 18 10 6 7 37 41 47 30 17 36 19 5 46 35 42 
599 47 30 18 32 37 10 6 36 29 38 19 5 46 1 42 
600 47 4 6 12 36 35 5 42 1 38 
601 32 41 37 12 21 18 10 6 7 4 36 46 42 19 5 29 
602 11 6 41 37 7 17 10 25 12 5 29 19 38 
603 11 47 49 6 37 41 25 18 17 12 4 1 46 35 19 5 42 38 
604 25 47 37 21 17 6 41 7 30 12 18 29 19 5 46 42 38 
605 12 21 18 47 17 25 6 4 5 29 42 35 38 
606 11 21 49 25 4 47 37 6 41 36 29 1 19 42 5 
607 25 47 32 21 17 4 30 10 7 37 6 36 38 42 46 29 
608 11 25 32 47 30 17 4 37 10 7 46 29 38 
609 12 10 7 49 41 37 25 19 5 35 
610 18 47 21 30 7 4 25 17 49 41 5 19 42 36 38 
611 11 25 37 17 10 41 4 21 49 47 6 5 35 19 46 29 1 
612 47 37 18 17 10 32 21 12 49 35 1 19 46 42 38 29 
613 11 10 6 7 32 37 18 4 47 21 25 41 12 5 1 36 46 29 19 
614 11 32 49 10 7 25 21 37 6 12 47 41 4 36 5 
615 11 25 47 32 49 4 21 10 36 19 35 1 38 46 5 29 
616 11 47 37 17 21 12 36 19 5 42 38 
617 49 10 18 41 32 30 17 4 35 36 42 1 
618 11 21 7 37 49 10 41 25 18 5 19 46 35 
619 18 47 32 7 21 30 37 25 49 29 42 38 5 
620 18 7 12 32 30 41 25 17 4 19 35 38 
621 32 6 47 37 18 17 10 12 25 21 30 7 19 46 29 42 38 
622 11 21 18 6 17 25 12 46 29 1 38 36 35 42 5 
623 37 18 6 41 47 21 30 4 5 42 36 
624 11 12 6 4 7 1 5 35 38 
625 11 41 4 21 37 10 7 18 35 5 1 
626 32 37 7 18 17 10 47 21 6 42 1 38 19 29 
627 11 25 7 4 32 30 17 47 10 6 5 38 36 19 29 
628 11 12 7 47 17 4 10 36 29 5 42 38 
629 11 47 21 37 4 12 17 6 25 32 10 46 42 38 36 35 1 19 5 
630 11 21 4 30 18 17 19 5 35 36 
631 25 47 37 49 41 21 30 17 29 1 46 35 42 36 19 38 
632 11 17 37 7 32 10 6 46 1 36 42 38 29 
633 11 30 18 49 47 37 17 10 6 4 7 5 35 42 36 29 
634 11 12 49 17 32 37 41 7 46 29 35 42 38 
635 11 17 6 47 10 25 41 4 19 1 5 35 
636 11 32 41 21 37 17 30 18 49 10 12 36 5 1 38 46 35 
637 11 12 21 17 6 41 7 4 32 37 25 5 46 42 1 35 29 
638 11 12 32 18 30 37 21 36 46 42 5 38 
639 11 25 12 41 7 47 32 21 30 49 10 6 36 29 1 19 35 46 38 
640 11 10 12 21 49 30 7 36 19 1 
641 32 21 37 17 4 30 49 41 12 10 36 38 19 
642 11 25 12 32 21 37 17 47 30 6 42 19 46 5 35 38 
643 30 37 41 47 6 7 4 36 5 46 29 42 1 38 
644 11 25 47 30 32 17 18 49 4 7 46 29 35 42 1 
645 11 12 30 49 6 47 25 18 46 29 1 35 19 
646 11 25 6 47 32 21 30 17 7 4 42 38 36 5 19 35 29 
647 11 10 4 47 32 21 30 37 25 6 7 19 35 42 1 
648 11 25 21 30 37 18 7 12 17 4 29 36 35 1 
649 32 41 25 18 12 21 30 37 49 6 38 36 1 35 42 
650 18 25 37 17 6 41 4 7 30 49 10 47 36 5 38 19 35 29 42 1 
651 47 37 10 49 32 21 25 7 19 29 35 38 
652 11 25 30 37 18 41 32 21 49 47 10 36 35 1 46 42 19 5 
653 11 12 37 25 49 41 32 21 30 6 4 7 36 42 46 
654 11 12 32 17 41 21 30 37 49 7 29 1 5 19 46 38 
655 30 37 17 49 41 7 32 21 25 46 36 
656 25 18 10 32 37 41 12 6 7 36 19 35 1 5 29 46 
657 11 25 47 30 17 49 41 21 37 18 5 1 19 42 38 
658 11 32 30 18 10 25 7 47 42 19 29 
659 11 25 21 30 17 6 12 37 10 7 32 4 36 19 35 42 1 
660 11 12 18 4 30 49 25 47 37 17 10 41 46 5 35 29 42 
661 11 32 21 7 17 10 12 47 49 4 36 42 46 38 19 
662 11 25 21 30 37 18 6 12 17 10 41 19 5 46 35 29 38 42 
663 11 12 21 10 4 17 41 7 18 25 5 29 1 46 19 42 
664 11 30 10 7 47 4 25 37 41 1 36 46 35 29 
665 11 49 41 21 18 10 5 29 19 38 
666 11 32 6 4 47 49 12 41 7 21 30 37 18 46 1 38 36 19 
667 12 30 21 10 47 49 19 38 36 29 
668 11 18 4 32 21 25 7 19 42 46 35 1 
669 47 30 37 21 12 18 49 10 41 46 29 1 35 38 
670 11 6 41 18 25 7 19 46 35 29 38 1 
671 11 37 47 25 18 17 41 32 21 49 29 42 1 46 
672 11 25 12 17 6 7 10 41 37 49 4 36 35 42 46 29 38 
673 30 10 21 37 6 41 7 32 12 5 29 35 1 36 19 
674 12 7 47 17 10 32 18 49 6 41 35 19 29 5 46 38 
675 47 18 49 6 4 37 41 32 21 30 36 35 46 38 5 29 
676 32 30 18 6 41 21 12 17 49 25 37 36 46 19 5 38 42 1 
677 11 25 12 47 49 41 32 17 21 37 4 46 35 1 
678 11 25 47 17 4 21 49 10 12 6 7 5 42 1 38 36 19 
679 11 25 47 21 18 6 4 32 17 41 10 7 35 46 1 
680 25 30 49 41 7 32 37 18 12 4 46 1 19 29 5 
681 11 21 32 17 41 25 30 6 36 19 42 38 5 29 1 
682 25 18 49 37 6 41 32 21 12 19 35 42 29 36 38 
683 11 21 30 6 41 25 49 4 17 7 36 5 29 38 19 46 42 
684 11 25 30 10 18 17 6 7 4 47 21 12 19 29 5 
685 47 17 32 21 18 5 29 42 19 35 38 
686 11 18 49 6 21 25 17 12 41 19 5 29 
687 25 12 30 17 6 37 21 49 7 4 36 46 29 42 5 35 
688 18 49 6 32 7 38 46 36 
689 25 41 37 6 12 7 21 1 5 36 35 
690 11 21 17 6 41 4 32 5 38 36 19 35 42 
691 12 25 32 21 49 17 10 6 41 4 46 19 1 
692 47 21 49 6 12 37 17 10 18 7 36 5 46 42 38 
693 12 6 47 49 4 32 30 17 25 19 29 5 1 38 35 
694 11 25 21 10 6 30 17 41 37 7 4 36 46 38 
695 37 7 4 21 42 36 5 1 38 
696 11 25 47 17 30 4 7 36 1 19 46 5 29 
697 11 18 6 41 7 4 32 21 30 10 19 46 29 38 42 
698 11 25 18 21 37 41 47 12 30 17 36 35 38 46 29 42 
699 25 6 12 47 18 49 4 32 30 10 41 5 46 35 29 42 1 36 
700 21 30 7 4 18 49 6 12 32 37 29 38 19 46 36 5 35 42 
701 11 21 12 30 10 4 17 49 41 29 35 42 1 38 
702 37 18 41 7 21 49 6 47 32 25 17 4 38 46 35 
703 11 32 37 41 12 18 49 10 47 17 7 19 35 1 36 5 38 46 29 
704 11 12 17 47 21 37 25 41 32 10 6 29 36 38 42 
705 25 47 32 49 12 18 41 30 37 6 1 5 46 29 35 
706 25 12 41 4 37 49 6 47 17 10 36 35 29 38 
707 11 25 32 30 37 7 18 6 41 12 17 49 47 19 46 35 42 38 36 
708 11 25 4 47 30 18 10 6 7 12 32 21 17 36 5 35 38 
709 11 18 6 37 47 25 17 10 41 4 19 29 1 38 46 35 
710 11 18 49 32 21 17 30 10 41 5 46 35 42 1 38 
711 11 25 6 47 17 49 7 4 32 21 37 12 19 5 29 36 
712 25 10 32 21 30 41 4 47 17 49 46 1 38 36 5 
713 11 17 49 41 6 7 36 5 1 29 42 19 
714 11 25 30 10 41 7 21 17 32 6 29 42 35 1 
715 11 47 21 17 10 7 30 18 4 46 19 42 
716 17 47 21 30 6 41 12 37 25 4 36 5 46 38 35 29 42 
717 11 25 30 12 18 6 49 10 19 46 1 35 38 
718 21 49 6 30 10 25 41 4 36 5 46 42 1 
719 30 49 12 47 21 17 10 7 37 36 29 35 42 
720 17 6 12 47 32 37 41 7 4 21 18 19 35 36 29 42 46 38 
721 11 21 18 17 6 12 49 10 25 30 37 7 29 42 35 
722 37 6 7 18 47 21 12 17 49 19 42 29 38 
723 11 32 37 18 6 4 47 30 12 10 17 46 29 38 35 42 1 36 5 
724 11 37 17 21 25 6 41 38 36 1 5 
725 32 18 10 47 21 6 12 7 19 46 1 29 
726 17 6 41 21 30 37 12 7 36 19 5 46 29 42 38 
727 11 47 37 41 4 25 17 49 21 18 12 36 42 5 38 
728 11 12 47 30 37 10 49 21 18 6 35 38 5 29 19 
729 11 47 21 6 32 12 7 4 30 37 29 42 36 5 19 1 38 
730 25 47 18 17 7 32 30 10 41 21 37 29 5 42 38 36 19 46 
731 11 12 18 6 4 47 21 17 49 41 46 29 42 36 1 38 19 5 
732 11 12 32 25 17 6 21 49 19 42 1 35 29 38 
733 11 37 18 17 41 12 4 21 25 6 36 19 35 46 5 42 
734 11 49 6 7 17 4 25 10 42 29 1 
735 11 37 41 4 25 18 17 6 21 7 12 38 19 5 35 42 29 1 
736 11 32 21 41 30 7 5 46 29 42 1 36 35 
737 25 17 30 37 7 21 10 41 4 38 19 1 35 
738 11 47 32 37 49 10 6 25 21 18 4 19 5 1 29 36 
739 11 30 32 18 17 49 6 1 19 5 46 29 42 
740 11 12 47 18 6 4 32 21 30 37 7 35 42 1 38 
741 11 25 12 6 47 17 4 32 37 49 46 36 19 
742 11 49 7 12 17 25 10 30 6 41 4 35 1 5 29 
743 12 18 49 6 4 37 46 35 42 1 
744 11 32 30 37 12 18 49 10 6 4 19 46 1 29 35 
745 25 7 47 32 6 21 35 42 5 1 
746 11 17 6 41 21 37 18 25 7 36 19 1 38 46 42 
747 11 25 21 49 41 32 30 18 12 10 36 19 42 5 29 1 35 
748 11 47 32 6 4 37 10 49 41 19 46 29 42 38 5 35 1 
749 47 21 17 41 32 37 12 7 25 30 49 6 19 5 38 36 42 35 
750 30 49 10 4 17 41 7 19 38 46 42 35 29 1 
751 11 30 49 12 6 4 21 37 18 10 41 7 5 42 36 1 19 46 
752 11 25 12 32 21 37 17 49 6 7 29 38 1 
753 17 10 41 7 47 49 6 36 19 46 38 35 29 
754 11 32 12 30 49 7 47 25 10 19 35 5 42 
755 25 37 6 47 18 36 19 5 46 
756 11 25 32 7 21 18 10 4 42 38 36 5 35 29 46 
757 25 47 21 30 7 18 17 10 12 6 41 29 42 5 1 19 46 38 
758 11 25 32 30 49 37 6 21 10 36 5 35 1 
759 11 25 4 30 32 21 12 18 49 10 41 46 35 29 38 1 
760 47 30 17 6 32 21 41 12 4 19 36 42 1 
761 11 12 21 25 32 30 7 36 35 1 38 29 42 
762 11 12 47 21 10 41 17 32 30 37 49 36 42 1 38 46 35 
763 11 12 21 10 6 4 17 47 49 41 35 1 46 42 
764 11 25 32 30 21 10 41 47 37 4 1 5 35 42 
765 25 47 6 4 17 32 21 37 49 10 12 5 35 19 46 38 
766 32 10 12 17 25 35 1 19 38 36 46 
767 11 18 32 41 21 30 49 10 4 36 19 5 29 42 38 
768 11 47 21 18 10 49 4 25 30 17 5 46 29 1 
769 11 30 47 18 10 6 32 21 25 37 12 7 46 35 1 38 19 
770 11 32 25 30 10 36 5 42 35 
771 30 7 4 32 21 37 49 10 47 6 5 35 38 19 29 
772 11 21 30 37 10 47 18 12 6 7 19 29 1 38 46 
773 49 4 30 37 17 10 6 25 12 29 46 36 5 35 
774 11 12 47 18 30 49 10 4 7 21 46 1 5 29 38 
775 32 21 30 10 41 7 37 17 4 18 49 29 36 46 
776 11 25 21 32 10 6 7 47 30 41 5 35 19 38 36 29 
777 25 12 21 30 37 18 17 4 47 10 35 5 46 42 1 
778 11 4 18 49 41 7 25 47 32 21 30 12 6 42 1 38 5 19 46 35 
779 25 21 37 10 6 4 47 30 12 49 36 19 38 42 46 
780 11 25 49 6 4 37 10 12 7 21 30 17 35 29 1 38 36 5 42 
781 25 49 10 4 18 6 41 37 17 46 29 1 
782 11 12 17 41 4 37 10 6 35 29 38 19 46 1 36 
783 11 32 47 21 37 49 7 4 18 17 5 36 19 29 42 
784 11 25 12 10 6 41 30 17 32 21 19 5 35 42 1 29 38 
785 21 37 49 30 12 18 10 4 17 6 36 38 5 46 29 1 
786 11 7 21 37 32 30 41 42 5 46 35 29 
787 11 47 49 21 17 25 18 12 6 38 5 29 42 
788 25 37 6 41 7 21 10 47 18 12 5 35 46 42 
789 11 25 49 6 41 4 47 21 17 10 36 38 19 46 35 
790 25 12 21 10 4 47 37 41 7 6 38 29 46 1 
791 11 47 32 30 12 37 21 18 49 41 19 46 42 1 29 38 
792 12 32 21 49 41 25 37 17 7 19 36 42 46 1 38 
793 11 25 37 7 4 47 18 49 6 19 38 36 1 46 42 
794 11 10 6 18 41 7 32 21 37 12 49 25 4 29 1 19 42 46 35 
795 11 12 47 10 6 30 25 4 37 17 36 35 42 19 5 46 29 
796 25 32 21 18 10 47 17 6 7 4 5 42 38 36 
797 11 41 18 6 7 21 37 12 25 1 46 38 5 35 29 
798 11 25 37 4 32 49 7 12 47 17 35 42 46 
799 47 21 4 30 7 17 10 6 5 1 36 19 35 38 42 
800 32 21 30 10 47 12 41 37 18 42 19 5 1 38 36 
801 32 17 12 49 47 36 19 5 35 46 42 38 
802 11 30 37 17 4 18 41 47 36 46 1 38 19 42 5 
803 25 17 49 37 41 7 18 10 19 46 42 29 
804 25 7 21 37 10 17 36 19 5 46 38 
805 11 12 49 4 6 7 32 18 17 5 46 19 35 38 
806 11 30 37 41 47 25 17 21 18 10 12 4 46 36 35 29 38 19 
807 11 6 47 32 21 37 4 5 36 19 35 29 38 
808 21 37 18 10 4 47 32 6 41 7 19 36 46 38 5 1 
809 11 12 21 25 32 18 17 47 30 6 41 36 19 29 46 35 1 38 
810 11 25 21 4 10 6 37 12 5 42 1 36 38 
811 12 10 41 21 47 37 18 25 36 38 19 46 1 42 
812 11 21 18 17 10 7 4 49 19 42 1 38 5 46 
813 11 21 32 37 6 7 35 36 5 
814 11 25 21 18 41 47 37 17 49 7 19 5 46 35 1 38 36 
815 32 37 18 41 21 49 10 6 46 19 5 29 
816 12 37 25 17 41 46 35 29 42 
817 25 47 21 37 18 17 49 7 4 6 32 42 19 35 1 38 
818 30 6 37 18 47 17 4 46 36 19 38 42 
819 11 37 30 18 41 4 6 38 36 5 35 1 
820 11 47 30 41 7 37 49 5 29 42 1 46 38 
821 11 32 49 41 7 25 21 18 17 12 38 1 5 
822 6 7 4 37 18 12 47 30 17 36 19 35 42 38 46 
823 11 6 12 49 25 7 37 17 42 35 36 5 
824 21 17 49 32 30 25 41 47 46 29 19 36 42 1 
825 11 21 12 47 49 18 7 36 35 38 1 19 42 
826 11 25 7 4 30 6 32 21 37 18 10 5 46 38 19 36 35 29 42 
827 11 30 18 49 10 7 47 32 21 37 17 4 1 
828 11 49 6 41 17 35 42 1 5 46 29 
829 11 17 49 10 32 7 35 5 29 46 1 
830 11 37 10 21 7 12 6 4 19 5 46 42 29 1 38 
831 11 32 49 41 30 17 6 47 12 10 4 5 35 
832 47 4 17 12 10 6 5 1 46 29 36 42 
833 11 12 32 37 6 21 4 30 25 41 36 46 38 5 35 1 
834 11 32 30 10 4 7 47 49 41 21 37 17 35 19 1 38 42 
835 11 32 37 10 41 7 4 12 18 47 36 5 29 42 1 38 
836 11 12 17 10 30 7 32 37 18 6 4 5 42 36 19 46 38 
837 47 6 32 21 18 41 4 42 1 19 5 
838 30 41 12 25 37 18 4 47 21 10 6 7 19 29 5 46 1 38 
839 11 30 41 4 37 17 10 47 25 19 46 1 42 38 
840 11 21 37 7 32 47 30 18 49 41 4 36 19 46 1 38 5 35 
841 11 25 47 30 12 32 17 10 4 6 1 19 46 38 
842 11 30 18 10 41 7 32 25 37 17 49 12 4 19 38 36 46 35 
843 21 30 37 10 6 12 5 35 38 36 19 46 42 
844 11 25 21 30 37 10 47 49 41 7 12 17 36 46 42 5 1 35 38 
845 25 21 49 47 6 37 12 4 35 42 5 29 38 
846 11 12 17 41 47 21 30 10 7 6 25 1 38 46 35 19 29 42 
847 12 21 10 4 32 37 18 49 6 30 41 46 35 19 5 
848 12 32 37 49 21 7 4 35 29 42 
849 11 32 21 17 10 6 41 7 37 47 25 36 46 35 19 29 42 1 
850 11 12 32 30 49 17 25 18 36 29 19 46 42 1 38 
851 11 21 4 7 30 17 10 12 37 18 1 35 42 38 5 29 
852 11 12 47 25 21 30 37 18 7 49 6 42 38 5 
853 30 10 47 32 49 6 41 4 21 25 7 5 19 35 42 1 38 36 46 29 
854 11 25 30 17 41 21 49 32 37 19 5 29 1 35 42 38 
855 11 25 30 6 21 18 17 41 36 19 46 29 38 
856 11 25 18 17 10 41 7 4 47 21 30 12 49 37 6 46 38 5 
857 11 25 21 30 10 41 7 47 32 12 18 35 42 5 38 36 46 1 
858 25 41 7 21 30 10 35 42 29 5 
859 25 32 21 30 18 10 49 7 4 35 29 19 
860 11 30 17 32 7 25 49 6 36 42 1 38 19 5 35 
861 7 21 30 47 25 37 18 41 29 1 38 19 35 
862 25 32 6 7 37 18 17 10 47 21 41 4 42 38 35 
863 32 30 18 41 21 25 17 47 49 19 38 35 5 29 1 
864 11 47 32 21 6 12 18 10 4 30 37 25 49 36 38 19 35 29 42 
865 11 47 17 41 4 32 37 18 49 10 36 19 5 35 46 
866 47 32 30 49 10 37 17 12 19 5 35 42 1 36 
867 11 30 41 21 25 37 6 49 10 7 42 38 35 29 36 1 
868 11 25 17 7 47 37 10 30 41 12 4 5 29 42 38 
869 11 21 18 47 37 49 10 25 30 41 36 19 35 29 1 5 46 42 38 
870 11 21 30 32 25 18 17 10 4 5 42 1 46 
871 25 18 10 21 7 30 49 4 42 38 46 29 
872 11 25 12 21 37 18 41 7 30 47 42 29 19 5 
873 4 30 37 18 49 32 10 19 29 36 46 5 
874 11 7 47 30 18 17 49 19 46 35 1 36 
875 11 25 37 18 49 32 7 4 6 46 19 5 1 29 42 
876 11 25 12 17 49 30 4 47 21 41 29 38 36 19 1 
877 30 12 21 25 10 47 49 36 19 29 1 
878 47 32 17 7 21 41 37 10 6 19 46 29 42 36 35 1 38 
879 12 49 10 41 25 6 29 19 
880 11 25 12 47 32 37 10 6 21 30 49 41 17 38 36 46 19 29 
881 25 41 47 30 17 10 18 49 12 5 36 46 19 38 
882 11 25 47 17 32 18 7 37 10 41 35 38 42 19 29 1 
883 12 32 18 49 6 41 47 30 36 46 1 38 19 
884 11 6 21 25 32 18 7 35 42 5 19 29 1 
885 6 41 32 21 30 49 12 4 36 29 1 46 5 
886 11 37 49 47 25 32 41 4 7 19 42 36 38 
887 11 21 37 18 49 4 12 6 41 17 7 38 46 36 5 35 42 
888 41 7 32 21 37 49 4 47 6 36 42 5 46 1 
889 25 32 30 10 41 21 49 6 47 36 46 42 1 38 
890 11 49 4 32 30 17 25 6 46 38 36 19 29 1 
891 12 47 37 6 25 10 30 17 41 42 38 46 29 36 19 5 
892 32 30 6 41 21 25 10 12 4 37 18 49 5 36 35 29 46 1 
893 11 17 49 6 4 32 18 12 41 19 5 29 36 35 1 
894 11 4 30 18 49 21 10 6 7 19 5 46 36 35 38 42 
895 25 30 6 32 21 37 7 17 41 19 5 35 1 
896 11 47 6 41 21 4 7 19 46 35 
897 17 41 12 32 21 37 47 30 18 49 10 25 7 46 29 42 5 38 36 19 35 
898 11 12 47 10 21 17 29 36 42 1 5 46 35 
899 11 30 18 49 10 4 32 21 25 12 41 17 29 38 19 35 
900 11 25 12 30 17 49 41 4 37 6 21 18 7 38 19 42 1 46 
901 11 30 17 41 32 6 47 21 7 29 1 38 
902 11 12 32 30 6 37 41 7 35 19 38 29 
903 11 47 18 6 25 30 17 10 41 5 46 1 42 19 29 
904 11 32 21 30 25 37 17 4 12 18 49 6 7 35 
905 25 41 32 21 17 7 46 35 42 38 5 1 
906 47 10 6 49 41 4 32 21 17 29 46 35 42 1 38 
907 11 25 12 10 32 37 18 17 49 21 47 6 41 7 4 29 1 36 42 19 35 
908 11 25 49 32 37 18 4 21 6 5 46 19 1 35 29 42 
909 37 21 18 6 32 17 49 12 4 5 36 46 1 
910 11 25 37 10 41 47 21 32 49 12 7 36 19 29 1 
911 11 32 30 37 6 41 7 47 21 49 36 38 5 42 
912 32 37 17 49 10 4 30 18 6 41 7 21 12 47 36 5 19 1 29 42 
913 6 7 4 21 17 47 37 25 41 12 29 42 36 35 38 19 
914 25 32 49 7 12 30 6 4 47 21 29 46 42 38 5 
915 11 12 6 41 47 32 21 10 25 7 36 46 35 29 42 38 19 
916 12 18 10 17 49 7 47 32 30 37 41 4 36 42 38 29 
917 11 41 21 18 17 6 47 32 49 10 25 19 35 29 36 46 42 1 
918 11 6 7 21 30 25 17 4 46 5 
919 11 25 47 10 32 37 36 19 1 38 46 
920 21 30 18 17 10 6 47 12 7 19 29 36 42 38 
921 11 32 17 37 18 6 19 35 29 36 46 1 
922 37 41 7 4 21 30 6 47 25 10 29 38 5 46 36 19 1 
923 17 49 12 21 37 25 41 47 32 30 18 19 5 46 42 35 29 1 38 
924 11 12 21 30 6 41 47 32 10 25 49 19 46 35 38 5 
925 30 49 25 10 6 32 29 19 5 
926 11 12 47 32 18 25 37 49 46 1 36 
927 25 12 32 18 10 6 47 30 17 7 5 46 1 36 29 38 19 
928 11 37 18 17 49 32 47 30 25 41 4 36 29 1 46 
929 25 18 17 30 6 32 12 10 7 36 5 42 38 35 29 
930 11 25 17 10 41 4 47 37 5 38 35 
931 11 12 18 41 4 21 30 37 47 49 10 6 36 5 29 35 46 38 
932 11 25 32 7 47 21 37 17 6 30 41 36 5 46 42 29 
933 11 49 41 4 32 37 17 21 30 18 25 7 12 19 5 46 36 35 29 
934 11 47 30 37 49 17 10 4 35 29 38 5 1 46 
935 11 32 18 7 25 21 10 6 4 47 12 17 49 5 1 38 19 35 42 
936 11 47 21 18 10 6 7 25 32 17 37 12 49 4 29 42 1 36 5 46 38 
937 11 49 12 47 25 4 37 18 41 42 38 5 46 35 
938 11 25 21 7 6 32 17 10 19 46 35 36 5 42 1 
939 11 25 18 47 30 10 17 49 42 38 5 46 
940 25 47 37 17 49 7 18 10 19 35 42 36 5 
941 11 32 30 7 10 12 25 21 37 17 6 4 46 38 36 19 35 29 42 
942 11 41 21 18 49 10 6 30 17 1 29 38 36 19 42 
943 32 37 6 41 4 12 17 7 47 35 42 36 19 
944 11 30 41 4 25 37 10 12 18 6 36 19 5 29 46 42 38 
945 32 49 10 4 7 6 12 5 46 1 38 19 35 
946 32 49 41 4 47 25 21 18 30 7 29 42 1 19 
947 11 25 30 37 18 6 49 10 21 41 7 38 46 29 1 
948 11 32 30 17 10 6 7 25 49 47 36 46 19 35 1 
949 37 18 49 32 30 25 12 7 17 10 5 36 46 29 
950 12 7 30 17 46 29 42 1 38 
951 11 25 12 21 17 6 7 18 32 37 4 36 5 38 42 
952 21 6 18 7 32 25 12 17 49 19 46 5 35 38 
953 11 12 37 17 6 32 4 29 36 38 1 
954 21 47 30 18 49 6 4 37 41 7 36 42 1 38 46 
955 12 49 10 7 47 21 37 18 17 32 6 36 19 38 5 46 42 
956 11 25 12 21 7 47 18 6 37 10 41 19 35 1 38 46 42 
957 11 12 30 17 10 47 37 4 21 25 18 19 5 46 1 38 35 29 42 
958 11 25 21 18 7 47 41 5 36 35 42 46 1 
959 11 30 37 49 6 7 4 21 10 41 35 42 36 19 38 
960 11 32 37 7 18 4 12 1 36 19 29 38 
961 11 47 21 17 49 12 30 6 7 18 10 35 29 1 19 38 
962 11 47 4 10 41 21 30 18 49 7 19 35 42 1 29 38 
963 25 47 32 12 21 37 17 49 30 18 41 5 35 38 19 1 
964 11 41 4 21 49 25 17 36 19 1 5 
965 11 12 47 21 10 41 30 49 25 37 17 6 42 46 1 38 
966 41 7 21 49 6 4 47 32 30 12 19 46 1 38 35 
967 11 37 18 10 6 30 49 17 41 36 46 5 
968 12 32 6 7 17 49 5 29 42 36 46 35 38 1 
969 25 30 17 49 6 41 32 12 7 35 29 1 36 19 38 
970 12 47 49 4 37 17 21 30 6 41 7 38 19 42 1 5 29 
971 11 32 21 30 49 6 47 41 4 19 5 46 42 38 
972 11 21 30 17 49 6 41 25 37 32 18 12 10 7 36 19 42 38 46 1 
973 25 47 32 30 18 6 7 37 49 36 29 1 38 
974 12 4 47 49 10 32 21 18 25 19 29 1 36 
975 11 18 47 30 17 10 7 46 42 38 
976 11 32 21 18 47 25 10 6 7 46 5 1 38 19 
977 32 21 10 47 30 4 25 18 41 36 46 35 1 38 
978 47 25 32 6 12 17 10 4 46 29 19 35 36 42 1 
979 11 25 47 21 37 18 12 7 49 10 41 19 5 35 46 1 38 36 
980 32 12 18 6 7 47 21 49 10 5 46 19 35 1 42 
981 11 25 30 4 47 18 41 7 49 10 36 29 42 1 38 19 
982 12 10 41 7 18 49 37 46 42 38 36 19 29 5 
983 12 10 6 4 47 21 18 49 25 30 36 1 46 42 38 5 
984 11 21 17 6 25 30 10 7 12 5 35 29 19 46 42 1 38 
985 11 49 47 32 21 18 4 30 7 19 46 29 38 5 42 1 36 35 
986 11 37 18 17 41 7 21 25 12 49 10 6 36 5 19 42 1 35 29 
987 32 7 18 49 4 47 10 41 25 36 5 35 29 38 19 46 
988 21 49 12 47 30 37 18 25 17 10 4 36 29 1 19 35 
989 11 32 17 49 41 47 37 18 12 10 21 4 35 38 1 36 
990 11 25 12 32 49 21 17 6 30 10 41 36 42 5 46 38 19 35 29 
991 25 30 37 17 6 32 21 38 36 19 
992 32 49 18 47 21 17 25 10 41 4 46 29 42 19 1 5 
993 21 30 18 4 25 49 37 12 10 6 42 46 38 
994 25 49 10 32 7 37 12 36 29 19 46 35 1 38 
995 11 49 6 21 10 4 32 30 38 19 1 5 29 
996 47 37 17 7 12 10 4 36 5 38 46 35 1 
997 11 47 10 17 12 6 41 32 4 36 35 29 1 5 
998 11 32 30 4 10 29 19 35 
999 11 41 32 25 4 47 30 10 12 5 46 35 
