23 10.757106 59.922375 295622 0.942 3
14 10.73788 59.92113 245080 1.0 1
39 10.732213 59.92769 19866 1.0 1
29 10.7434 59.91383 290454 1.0 1
25 10.728478 59.940502 3796 1.0 1
59 10.776933 59.926056 320270 1.0 1
47 10.733251 59.949947 8356 1.0 1
112 10.761621 59.93429 239338 1.0 4
37 10.881937 59.932846 142194 1.0 8
71 10.755496 59.93846 2642 1.0 1
91 10.732213 59.92769 19866 1.0 1
90 10.847761 59.943806 274300 1.0 1
68 10.684556 59.920002 96186 1.0 7
0 10.811063 59.87346 65922 0.0 1
118 10.928955 59.97246 217458 1.0 1
70 10.75884 59.917084 59498 1.0 3
21 10.776092 59.91444 58460 1.0 1
107 10.731608 59.91489 269332 1.0 14
50 10.923923 59.961647 224154 1.0 1
36 10.845581 59.882484 318512 1.0 1
75 10.757106 59.922375 295622 0.942 1
64 10.811063 59.87346 65922 0.0 1
38 10.847761 59.943806 274300 1.0 1
10 10.738068 59.912617 276438 1.0 1
66 10.73788 59.92113 245080 1.0 2
26 10.728309 59.9136 195696 0.0 8
41 10.811356 59.94265 167121 0.222 1
2 10.75884 59.917084 59498 1.0 2
73 10.776092 59.91444 58460 1.0 1
8 10.75713 59.923462 295636 1.0 1
93 10.728478 59.940502 3796 1.0 4
60 10.75713 59.923462 295636 1.0 1
109 10.811356 59.94265 167121 0.222 2
34 10.773843 59.946835 160890 0.0 1
102 10.773843 59.946835 160890 0.0 2
55 10.731608 59.91489 269332 1.0 1
82 10.676427 59.927216 210002 1.0 1
89 10.881937 59.932846 142194 1.0 3
30 10.676427 59.927216 210002 1.0 2
44 10.761621 59.93429 239338 1.0 10
3 10.755496 59.93846 2642 1.0 1
19 10.79389 59.939552 142696 1.0 4
87 10.79389 59.939552 142696 1.0 1
33 10.829897 59.84872 291878 0.0 1
104 10.845581 59.882484 318512 1.0 2
11 10.708912 59.915173 322952 1.0 1
9 10.720776 59.940033 14222 1.0 1
79 10.708912 59.915173 322952 1.0 1
77 10.720776 59.940033 14222 1.0 1
4 10.769026 59.939083 296114 1.0 3
