0 0 0.520523
0 2 0.762658
0 3 0.478145
0 4 0.982646
0 5 0.95967
0 6 0.814325
0 7 0.525891
0 8 0.947156
0 10 0.643229
0 11 0.835413
0 14 0.575479
0 15 0.618943
0 16 0.607048
0 17 0.643891
0 19 0.771369
0 20 0.887233
0 21 0.529664
0 23 0.582258
0 24 0.585695
0 25 0.736785
0 26 0.735215
0 27 0.592398
0 28 0.507888
0 33 0.578208
0 35 0.528856
0 36 0.914026
0 38 0.93467
0 39 0.492882
0 40 0.74879
0 41 0.621964
0 42 0.738079
0 43 0.949023
0 45 0.47897
0 47 0.79273
0 48 0.445432
0 51 0.587104
0 52 0.81273
0 54 0.769505
0 55 0.846951
0 56 0.781399
0 57 0.653121
0 58 0.578327
0 60 0.661641
0 61 0.954449
0 62 0.611974
0 66 0.767079
0 67 0.720328
0 68 0.893871
0 69 0.82496
0 70 0.7804
0 71 0.533904
0 72 0.599187
0 73 0.489263
0 74 0.764311
0 75 0.445201
0 76 0.565283
0 78 0.510257
0 79 0.78845
0 80 0.760859
0 81 0.763113
0 82 0.547053
0 84 0.450506
0 85 0.945386
0 87 0.838133
0 88 1.03602
0 89 1.00408
0 90 0.53615
0 91 0.511876
0 93 0.625524
0 95 0.740501
0 96 0.857718
0 99 0.49499
1 2 0.595143
1 4 0.872778
1 5 0.616077
1 7 0.925708
1 8 0.946922
1 9 0.568553
1 12 0.894289
1 13 0.918798
1 18 0.945557
1 19 0.995631
1 20 0.662557
1 21 1.04927
1 23 0.934159
1 30 0.925364
1 31 0.934356
1 34 0.943916
1 35 1.00179
1 36 0.888326
1 37 0.719583
1 38 0.904306
1 40 0.971584
1 43 0.970782
1 45 0.860404
1 51 0.831491
1 52 0.928977
1 54 0.893922
1 55 0.578967
1 56 0.949354
1 59 0.624775
1 60 0.686393
1 61 0.936207
1 63 0.835351
1 67 0.902219
1 68 0.515664
1 70 0.918901
1 71 0.557026
1 75 0.751714
1 78 0.963968
1 79 0.541919
1 81 0.542758
1 82 0.707397
1 83 0.81171
1 84 0.963098
1 89 0.997308
1 92 0.94575
1 93 0.87336
1 95 0.908067
1 97 0.906252
2 0 0.608391
2 1 0.571855
2 3 0.495753
2 4 1.13146
2 5 0.815191
2 6 0.84776
2 7 0.547484
2 8 0.939168
2 9 0.812232
2 10 0.564165
2 11 0.859534
2 16 0.977993
2 17 0.904068
2 19 1.02374
2 20 0.854389
2 21 0.607397
2 22 0.549009
2 23 0.612197
2 24 0.853218
2 25 0.862619
2 27 0.701308
2 28 1.01957
2 30 0.58415
2 31 0.597115
2 32 0.820901
2 34 0.915223
2 36 0.887785
2 39 0.79974
2 40 0.924213
2 41 0.945842
2 44 0.878399
2 46 0.522582
2 47 0.644626
2 50 0.801347
2 52 0.528294
2 53 0.834576
2 54 0.871285
2 55 0.906016
2 56 0.944325
2 57 0.885866
2 60 0.78254
2 63 0.54444
2 64 0.891573
2 66 0.905319
2 69 0.918324
2 72 0.850347
2 73 0.744207
2 76 1.04072
2 77 1.02074
2 78 0.632489
2 80 0.630772
2 81 0.543633
2 85 0.924159
2 87 0.8128
2 88 0.971744
2 92 0.932008
2 93 0.960282
2 94 0.917269
2 97 0.875541
2 98 0.454665
2 99 0.542248
3 0 0.792824
3 1 0.573369
3 2 0.631489
3 4 1.10921
3 5 0.672039
3 6 0.822567
3 7 0.554466
3 11 0.577619
3 12 0.881925
3 15 0.909646
3 16 0.941511
3 18 0.617771
3 19 0.927394
3 20 0.662268
3 21 1.02836
3 23 0.624121
3 26 0.621746
3 28 0.995212
3 29 0.827983
3 30 0.593291
3 31 0.608781
3 35 0.966969
3 37 0.68794
3 38 0.854654
3 39 0.761602
3 40 0.866558
3 41 0.925124
3 43 0.908992
3 45 0.619213
3 48 0.975331
3 49 0.81953
3 52 0.922559
3 58 0.489127
3 59 0.822398
3 60 0.485302
3 62 0.42584
3 63 0.838898
3 64 0.504907
3 65 0.595035
3 66 0.894542
3 67 0.854114
3 68 0.861557
3 69 0.89374
3 70 0.578528
3 72 0.81808
3 75 0.766933
3 76 1.0791
3 79 0.435751
3 80 0.992661
3 81 0.54934
3 82 0.943609
3 83 0.506394
3 85 0.494918
3 86 0.901139
3 87 0.805479
3 88 0.448462
3 89 0.941824
3 90 0.784362
3 91 0.807265
3 92 0.922754
3 95 0.938797
3 97 0.874182
3 98 0.689732
3 99 0.915477
4 0 0.586697
4 1 0.956199
4 2 0.871815
4 3 0.707398
4 4 0.78547
4 8 0.912717
4 9 0.600026
4 10 0.943194
4 12 0.626293
4 13 0.431918
4 15 0.742671
4 16 0.934538
4 17 0.851
4 18 0.628191
4 19 0.593348
4 20 0.801975
4 23 0.952366
4 24 0.829985
4 25 0.580772
4 26 0.631088
4 27 0.852402
4 28 0.65072
4 29 0.458408
4 31 0.912595
4 32 0.813247
4 33 0.503283
4 34 0.626262
4 37 0.499974
4 38 0.638468
4 40 0.859161
4 41 0.909525
4 42 0.941981
4 43 0.861978
4 45 0.821873
4 46 0.81402
4 47 0.891656
4 48 0.601591
4 49 0.759874
4 50 0.76857
4 51 0.900106
4 52 0.659264
4 54 0.835706
4 55 0.910084
4 59 0.812904
4 61 0.739795
4 63 0.870444
4 64 0.878857
4 65 0.616289
4 66 0.50395
4 67 0.663388
4 68 0.822914
4 69 0.461342
4 70 0.600185
4 71 0.593948
4 72 0.668482
4 73 0.601423
4 74 0.884093
4 75 0.918595
4 77 0.927297
4 79 0.416254
4 81 0.980274
4 82 0.724281
4 83 0.730908
4 84 0.886727
4 86 0.577677
4 88 0.963011
4 89 0.881888
4 90 0.770753
4 92 0.587433
4 93 0.975391
4 94 0.448466
4 95 0.916097
4 97 0.852934
4 99 0.902305
5 1 0.608599
5 2 0.855513
5 4 0.775119
5 5 0.584892
5 6 0.785778
5 7 0.889125
5 8 0.507357
5 10 0.467548
5 11 0.811919
5 12 0.862041
5 13 0.658584
5 15 0.895304
5 17 0.591374
5 22 0.631696
5 26 0.63442
5 27 0.849384
5 28 0.959417
5 29 0.790486
5 30 0.604863
5 31 0.902233
5 32 0.758856
5 33 0.814172
5 39 0.613648
5 40 0.833542
5 41 0.757316
5 42 0.909737
5 44 0.683694
5 47 0.870531
5 48 0.609606
5 49 0.75282
5 51 0.911432
5 52 0.661753
5 53 0.664991
5 54 0.517716
5 55 0.443221
5 57 0.730211
5 58 0.828464
5 59 0.779337
5 60 0.76656
5 63 0.780974
5 64 0.858588
5 66 0.607131
5 68 0.542573
5 69 0.843571
5 71 0.946774
5 73 0.917831
5 74 0.884043
5 75 0.887488
5 76 0.515328
5 77 0.904491
5 80 0.972449
5 83 0.712628
5 84 0.87546
5 87 0.444192
5 88 0.620956
5 89 0.863621
5 91 0.420137
5 94 0.849605
5 95 0.429901
5 97 0.444818
5 98 0.730291
6 0 0.422179
6 1 0.621506
6 3 0.827178
6 4 1.05966
6 5 0.616099
6 6 0.772625
6 7 0.888751
6 8 0.854112
6 10 0.907233
6 12 0.856219
6 13 0.904913
6 17 0.829459
6 19 0.609512
6 21 0.95031
6 24 0.812971
6 25 0.603403
6 28 0.411585
6 29 0.946222
6 30 0.865239
6 31 0.638114
6 33 0.781096
6 34 0.475599
6 36 0.436756
6 37 0.672113
6 38 0.782743
6 42 0.888491
6 43 0.618544
6 45 0.512012
6 46 0.446872
6 47 0.869234
6 48 0.625897
6 49 0.655091
6 50 0.418239
6 51 0.450257
6 52 0.665071
6 55 0.877494
6 57 0.689386
6 58 0.642169
6 59 0.430167
6 60 0.505825
6 61 0.699236
6 64 0.630291
6 65 0.631725
6 66 0.872096
6 67 0.817654
6 68 0.663888
6 69 0.477173
6 70 0.895082
6 71 0.891316
6 72 0.747574
6 73 0.532836
6 74 0.882791
6 75 0.881961
6 76 1.03333
6 77 0.754985
6 78 0.786429
6 79 0.555085
6 80 0.966819
6 81 0.571164
6 82 0.854807
6 83 0.651898
6 85 0.834091
6 86 0.832374
6 88 0.946815
6 90 0.811639
6 91 0.425963
6 92 0.860056
6 93 0.88378
6 96 0.49904
6 98 0.492026
6 99 0.582838
7 0 0.700172
7 1 0.938063
7 2 0.8254
7 6 0.581177
7 7 0.572014
7 8 0.511928
7 9 0.788096
7 10 0.871704
7 13 0.522332
7 17 0.816404
7 18 0.88841
7 19 0.885968
7 22 0.87024
7 23 0.894433
7 24 0.793641
7 25 0.805297
7 26 0.90254
7 28 0.94499
7 29 0.942587
7 32 0.741721
7 33 0.779141
7 34 0.81428
7 35 0.871582
7 38 0.752484
7 39 0.713807
7 40 0.807667
7 42 0.88202
7 43 0.511132
7 44 0.779334
7 45 0.778967
7 48 0.646254
7 49 0.631868
7 50 0.745222
7 51 0.650571
7 52 0.667682
7 53 0.65415
7 54 0.552832
7 55 0.490385
7 56 0.881135
7 57 0.559992
7 59 0.502663
7 61 0.821321
7 62 0.794106
7 63 0.451868
7 64 0.840602
7 65 0.816179
7 66 0.62111
7 68 0.800499
7 71 0.646123
7 73 0.722815
7 75 0.77272
7 77 0.798932
7 79 0.561269
7 80 0.935523
7 81 0.925702
7 82 0.823257
7 83 0.634422
7 84 0.841763
7 85 0.527822
7 86 0.605512
7 87 0.788826
7 88 0.533898
7 89 0.81392
7 90 0.735043
7 91 0.570283
7 92 0.841681
7 94 0.808234
7 95 0.898572
7 96 0.781495
7 98 0.551718
8 0 0.919994
8 1 0.654148
8 2 0.81488
8 3 0.796901
8 4 0.759673
8 6 0.75356
8 7 0.588809
8 9 0.508251
8 10 0.839977
8 11 0.774607
8 13 0.904057
8 14 0.532527
8 15 0.662293
8 16 0.866378
8 17 0.796322
8 18 0.560964
8 19 0.654428
8 20 0.538431
8 21 0.920494
8 22 0.851628
8 24 0.783013
8 27 0.586664
8 28 0.684025
8 30 0.831302
8 31 0.512413
8 32 0.600535
8 33 0.464729
8 34 0.604205
8 37 0.637399
8 39 0.735603
8 43 0.831424
8 44 0.764541
8 45 0.442778
8 46 0.465812
8 47 0.838133
8 49 0.752212
8 52 0.55322
8 53 0.757709
8 54 0.670102
8 55 0.863992
8 56 0.61095
8 57 0.688047
8 58 0.811097
8 59 0.641993
8 60 0.724954
8 62 0.660746
8 63 0.474107
8 65 0.504109
8 66 0.62591
8 67 0.779784
8 69 0.514086
8 70 0.63449
8 71 0.646749
8 72 0.629161
8 73 0.644295
8 74 0.85308
8 75 0.732352
8 76 0.936211
8 77 0.773613
8 78 0.616825
8 79 0.892273
8 80 0.926447
8 81 0.586135
8 83 0.606382
8 84 0.468153
8 85 0.674511
8 86 0.627582
8 87 0.780283
8 88 0.89391
8 89 0.678362
8 92 0.832541
8 93 0.84896
8 94 0.625615
8 97 0.529202
8 99 0.624396
9 2 0.519425
9 3 0.793621
9 4 0.693862
9 5 0.856081
9 6 0.614445
9 8 0.458185
9 9 0.783389
9 10 0.659898
9 11 0.498324
9 12 0.675349
9 13 0.539926
9 14 0.974431
9 15 0.859892
9 16 0.680307
9 17 0.444489
9 18 0.448494
9 19 0.86548
9 21 0.88178
9 22 0.850129
9 24 0.42912
9 25 0.784508
9 26 0.667951
9 27 0.613837
9 28 0.695705
9 31 0.664733
9 32 0.577704
9 33 0.510979
9 34 0.790884
9 36 0.491782
9 37 0.77296
9 38 0.549113
9 39 0.577695
9 40 0.622825
9 41 0.865912
9 43 0.822963
9 44 0.508559
9 48 0.51379
9 49 0.732444
9 50 0.518375
9 51 0.689506
9 52 0.459198
9 54 0.779166
9 56 0.629084
9 57 0.584038
9 58 0.787975
9 59 0.509279
9 61 0.546875
9 62 0.775419
9 64 0.823971
9 65 0.803213
9 66 0.835912
9 67 0.758911
9 69 0.812523
9 71 0.503065
9 72 0.624912
9 73 0.600959
9 74 0.675995
9 75 0.564447
9 76 0.924839
9 77 0.5358
9 78 0.572286
9 79 0.582202
9 80 0.880649
9 81 0.603204
9 82 0.795112
9 84 0.837888
9 85 0.675078
9 86 0.408967
9 87 0.670957
9 88 0.547425
9 89 0.803773
9 90 0.482202
9 91 0.700373
9 92 0.496363
9 93 0.839073
9 94 0.783921
9 95 0.827344
9 96 0.76333
9 98 0.835543
9 99 0.502449
10 0 0.403289
10 3 0.566739
10 5 0.600654
10 6 0.634314
10 7 0.618563
10 8 0.659581
10 10 0.830986
10 11 0.763458
10 12 0.499603
10 13 0.532614
10 14 0.93204
10 15 0.637039
10 16 0.860093
10 18 0.681861
10 19 0.816728
10 20 0.752916
10 21 0.684252
10 22 0.679243
10 23 0.822405
10 24 0.778898
10 25 0.640012
10 26 0.83061
10 27 0.772897
10 29 0.531184
10 30 0.820174
10 31 0.869537
10 33 0.645738
10 35 0.445725
10 36 0.797169
10 37 0.618754
10 38 0.709467
10 39 0.592287
10 40 0.544996
10 42 0.669649
10 43 0.647433
10 44 0.858481
10 45 0.462043
10 47 0.814286
10 48 0.910394
10 49 0.709399
10 50 0.5546
10 51 0.860579
10 52 0.906349
10 54 0.469321
10 55 0.499429
10 56 0.652472
10 57 0.66761
10 58 0.668659
10 60 0.433351
10 61 0.674537
10 62 0.762353
10 63 0.628668
10 64 0.788058
10 66 0.820514
10 70 0.50069
10 72 0.533183
10 73 0.54407
10 74 0.69765
10 75 0.724586
10 76 0.912209
10 78 0.922641
10 79 0.878525
10 80 0.702391
10 82 0.720929
10 83 0.578113
10 84 0.814991
10 86 0.829206
10 87 0.765616
10 89 0.582675
10 90 0.725955
10 91 0.572855
10 92 0.652395
10 93 0.681045
10 94 0.778907
10 95 0.78791
10 96 0.500366
10 99 0.64283
11 0 0.487568
11 1 0.840775
11 3 0.689291
11 4 1.01369
11 5 0.616063
11 6 0.750624
11 7 0.426375
11 9 0.755103
11 10 0.679281
11 12 0.833129
11 13 0.523927
11 14 0.728419
11 15 0.418833
11 16 0.834013
11 17 0.776956
11 18 0.467223
11 19 0.475423
11 20 0.613405
11 21 0.865705
11 22 0.524765
11 23 0.809779
11 25 0.766258
11 26 0.809867
11 27 0.592358
11 28 0.89709
11 29 0.693285
11 30 0.640797
11 31 0.835969
11 32 0.53264
11 33 0.738729
11 34 0.479734
11 35 0.557979
11 36 0.6855
11 37 0.458277
11 39 0.478785
11 40 0.486243
11 41 0.794667
11 42 0.51825
11 43 0.660888
11 44 0.843928
11 45 0.712984
11 47 0.603024
11 48 0.890448
11 49 0.483289
11 50 0.530748
11 51 0.51487
11 52 0.904733
11 53 0.455052
11 54 0.603336
11 55 0.646319
11 56 0.671802
11 57 0.648486
11 58 0.771932
11 59 0.654188
11 60 0.816749
11 62 0.430518
11 63 0.652635
11 64 0.664297
11 65 0.658038
11 66 0.628466
11 67 0.740476
11 68 0.726662
11 69 0.515053
11 70 0.847438
11 71 0.520079
11 72 0.613559
11 73 0.487643
11 74 0.506829
11 75 0.722649
11 76 0.892977
11 77 0.627896
11 78 0.841292
11 79 0.85774
11 80 0.856001
11 81 0.626662
11 82 1.02916
11 83 0.784896
11 84 0.791247
11 85 0.448887
11 86 0.527541
11 87 0.673479
11 89 0.679472
11 90 0.699359
11 91 0.687545
11 92 0.667245
11 96 0.737118
11 97 0.671301
11 98 0.813815
12 1 0.675419
12 2 0.773015
12 3 0.578339
12 4 0.995859
12 5 0.541657
12 6 0.422465
12 7 0.85495
12 8 0.547297
12 9 0.634415
12 11 0.616444
12 12 0.685392
12 13 0.552667
12 14 0.586978
12 15 0.580921
12 16 0.828256
12 17 0.757705
12 19 0.791843
12 21 0.707289
12 23 0.699195
12 24 0.526809
12 25 0.642876
12 26 0.464922
12 27 0.756787
12 28 0.7238
12 29 0.562544
12 30 0.657926
12 31 0.693332
12 33 0.515604
12 34 0.504372
12 35 0.577109
12 36 0.704467
12 37 0.609069
12 38 0.516311
12 39 0.473605
12 40 0.639277
12 42 0.800238
12 44 0.763987
12 45 0.55368
12 46 0.62876
12 47 0.809595
12 48 0.533724
12 50 0.550006
12 51 0.474855
12 52 0.707175
12 53 0.597731
12 54 0.775046
12 55 0.647407
12 56 0.671835
12 57 0.799711
12 58 0.452271
12 59 0.654188
12 61 0.798909
12 62 0.734772
12 64 0.523354
12 66 0.553927
12 67 0.549495
12 68 0.458242
12 70 0.649352
12 71 0.409973
12 72 0.743152
12 73 0.959023
12 74 0.800502
12 75 0.548762
12 76 0.863639
12 77 0.558809
12 78 0.807598
12 79 0.521505
12 80 0.545342
12 81 0.874991
12 82 0.868959
12 83 0.754319
12 85 0.678209
12 86 0.63001
12 87 0.404365
12 88 0.666044
12 89 0.797076
12 90 0.560223
12 91 0.424787
12 92 0.830797
12 93 0.697564
12 94 0.755318
12 96 0.717067
12 97 0.818231
12 98 0.497732
12 99 0.648577
13 0 0.794011
13 1 0.439726
13 2 0.723002
13 3 0.602367
13 4 0.613786
13 5 0.498809
13 6 0.65172
13 7 0.636779
13 10 0.49838
13 12 0.808749
13 13 0.892944
13 14 0.483672
13 15 0.863672
13 16 0.409574
13 17 0.633585
13 18 0.489243
13 19 0.662617
13 20 0.553645
13 21 0.56327
13 22 0.809912
13 23 0.534647
13 24 0.531037
13 25 0.66525
13 26 0.471961
13 27 0.804701
13 29 0.824317
13 30 0.487472
13 31 0.713688
13 32 0.487782
13 33 0.467018
13 34 0.697201
13 36 0.497678
13 37 0.569505
13 38 0.528807
13 39 0.615708
13 40 0.779131
13 41 0.855153
13 42 0.796984
13 44 0.580878
13 45 0.692847
13 46 0.645148
13 47 0.463533
13 48 0.548858
13 49 0.579003
13 50 0.708815
13 51 0.847983
13 52 0.726678
13 53 0.47221
13 54 0.666908
13 55 0.666498
13 56 0.855102
13 57 0.486993
13 59 0.531878
13 60 0.535876
13 62 0.598661
13 63 0.839689
13 64 0.453001
13 65 0.67987
13 66 0.636993
13 67 0.561693
13 68 0.636028
13 69 0.648251
13 70 0.514176
13 71 0.433217
13 72 0.549421
13 73 0.463248
13 74 0.703879
13 75 0.707096
13 76 0.822164
13 77 1.07634
13 79 0.817176
13 81 0.645878
13 82 0.627405
13 83 0.884832
13 84 0.572319
13 85 0.554131
13 86 0.644266
13 87 0.463332
13 88 0.823279
13 89 0.506116
13 90 0.828807
13 91 0.66912
13 92 0.693323
13 93 0.476643
13 94 0.543495
13 95 0.573481
13 96 0.704866
13 97 0.677203
13 98 0.804679
13 99 0.477204
14 0 0.452438
14 1 0.82152
14 2 0.538303
14 3 0.759676
14 5 0.822556
14 6 0.670544
14 7 0.841408
14 8 0.783581
14 9 0.445093
14 10 0.504668
14 11 0.631283
14 12 0.802655
14 13 0.459355
14 14 0.792817
14 15 0.603902
14 16 0.565121
14 17 0.470951
14 19 0.40906
14 22 0.77975
14 23 0.42481
14 25 0.681615
14 26 0.807222
14 27 0.455306
14 28 0.872275
14 29 0.664696
14 30 0.441602
14 32 0.555546
14 33 0.664046
14 34 0.741086
14 35 0.707869
14 36 0.78859
14 37 0.586981
14 38 0.568493
14 39 0.898643
14 40 0.777651
14 41 0.610602
14 42 0.434525
14 43 0.53387
14 44 0.499094
14 47 0.695625
14 48 0.874251
14 49 0.486082
14 50 0.65915
14 53 0.609817
14 54 0.633591
14 55 0.762447
14 56 0.835952
14 57 0.506185
14 58 0.716328
14 59 0.545981
14 60 0.838324
14 61 0.590783
14 62 0.703272
14 63 0.712993
14 65 0.463044
14 66 0.410671
14 67 0.586396
14 68 0.613174
14 69 0.534679
14 70 0.45855
14 71 0.81442
14 73 0.511638
14 74 0.583937
14 75 0.796983
14 76 0.622565
14 77 0.58497
14 78 0.737562
14 79 0.626898
14 80 0.810465
14 81 0.413673
14 82 0.609946
14 84 0.666544
14 85 0.571669
14 86 0.819736
14 87 0.577183
14 88 0.672396
14 89 0.586206
14 90 0.458485
14 91 0.455526
14 92 0.445907
14 93 0.592017
14 94 0.563969
14 95 0.657428
14 96 0.445403
14 97 0.68106
14 98 0.782411
14 99 0.798378
15 0 0.597954
15 1 0.476616
15 2 0.542761
15 3 0.653674
15 4 0.651628
15 5 0.476771
15 6 0.687282
15 7 0.495638
15 8 0.781909
15 9 0.53032
15 10 0.611848
15 13 0.612333
15 14 0.473582
15 15 0.848859
15 16 0.709648
15 17 0.735174
15 18 0.738929
15 20 0.56092
15 21 0.483525
15 22 0.542834
15 23 0.723197
15 25 0.756422
15 26 0.783618
15 27 0.74044
15 28 0.746282
15 29 0.659721
15 30 0.803635
15 31 0.831017
15 32 0.462131
15 33 0.534519
15 34 0.566396
15 35 0.816446
15 36 0.522541
15 37 0.761211
15 38 0.55454
15 39 0.873975
15 40 0.55967
15 41 0.648339
15 44 0.596903
15 45 0.471399
15 46 0.738565
15 47 0.715637
15 48 0.844413
15 49 0.713928
15 50 0.682118
15 51 0.544126
15 52 0.744957
15 53 0.74346
15 54 0.433255
15 56 0.816707
15 57 0.612762
15 58 0.692613
15 59 0.547188
15 61 0.493485
15 62 0.602825
15 63 0.733404
15 64 0.547565
15 65 0.702128
15 66 0.554585
15 67 0.605515
15 68 0.61713
15 69 0.656623
15 70 0.830826
15 71 0.809751
15 72 0.554281
15 73 0.462405
15 75 0.468962
15 76 0.647023
15 77 0.604288
15 78 0.432133
15 79 0.636522
15 80 0.725211
15 81 0.665213
15 83 0.513866
15 84 0.691219
15 85 0.789444
15 86 0.783339
15 87 0.686639
15 88 0.805651
15 89 0.587769
15 90 0.766903
15 91 0.582923
15 92 0.515079
15 93 0.806638
15 94 0.735038
15 95 0.578704
15 96 0.686422
15 97 0.70105
15 98 0.639662
15 99 0.790407
16 0 0.767208
16 1 0.488559
16 2 0.467837
16 4 0.669183
16 5 0.82053
16 6 0.422747
16 7 0.504894
16 8 0.572774
16 9 0.463187
16 10 0.801381
16 11 0.708039
16 12 0.781064
16 13 0.620569
16 14 0.462817
16 15 0.490349
16 16 0.719986
16 17 0.566452
16 18 0.761343
16 19 0.676003
16 20 0.584871
16 21 0.408938
16 23 0.539726
16 24 0.658004
16 25 0.438528
16 26 0.705278
16 27 0.444967
16 28 0.548167
16 29 0.849911
16 30 0.672025
16 31 0.82206
16 32 0.471488
16 33 0.550036
16 34 0.560032
16 35 0.453004
16 36 0.715798
16 37 0.746148
16 38 0.547048
16 39 0.513649
16 40 0.65563
16 41 0.485167
16 42 0.781347
16 43 0.550791
16 44 0.49321
16 45 0.557541
16 46 0.50032
16 47 0.720118
16 48 0.562968
16 49 0.564243
16 50 0.690137
16 51 0.804798
16 52 0.596309
16 53 0.48668
16 54 0.773865
16 55 0.460411
16 56 0.706124
16 57 0.603592
16 58 0.513231
16 59 0.773647
16 60 0.588878
16 61 0.614181
16 62 0.490734
16 63 0.443697
16 64 0.562575
16 65 0.718187
16 67 0.724182
16 68 0.618064
16 69 0.427559
16 70 0.805939
16 71 0.694299
16 72 0.410764
16 73 0.410609
16 75 0.410671
16 76 0.663027
16 77 0.576802
16 78 0.596003
16 79 0.440963
16 80 0.728861
16 81 0.855101
16 82 0.422217
16 83 0.472519
16 84 0.765577
16 87 0.595074
16 88 0.695144
16 92 0.798419
16 93 0.613066
16 94 0.579181
16 95 0.505171
16 96 0.634489
16 97 0.813381
16 99 0.436493
17 0 0.446964
17 1 0.700957
17 2 0.488874
17 3 0.618493
17 4 0.472869
17 5 0.581051
17 6 0.703117
17 7 0.8123
17 8 0.676359
17 9 0.647975
17 10 0.515276
17 11 0.441687
17 12 0.69348
17 13 0.640621
17 14 0.662906
17 15 0.56014
17 16 0.42337
17 17 0.712187
17 18 0.84303
17 19 0.487519
17 20 0.600737
17 21 0.810079
17 22 0.701025
17 23 0.551769
17 24 0.677804
17 25 0.690263
17 26 0.436501
17 27 0.424659
17 29 0.631062
17 30 0.693822
17 31 0.76563
17 32 0.714579
17 33 0.688682
17 34 0.432498
17 35 0.791579
17 36 0.725967
17 37 0.602
17 38 0.577859
17 39 0.520971
17 40 0.41921
17 41 0.815694
17 42 0.506777
17 44 0.627974
17 45 0.545015
17 46 0.725615
17 47 0.619852
17 48 0.829571
17 49 0.484283
17 50 0.537735
17 51 0.55981
17 52 0.411366
17 53 0.636131
17 54 0.643178
17 55 0.724527
17 56 0.502742
17 57 0.786942
17 58 0.42259
17 59 0.559207
17 60 0.897188
17 61 0.63599
17 62 0.602094
17 63 0.815975
17 64 0.685138
17 65 0.468003
17 66 0.406512
17 67 0.541177
17 68 0.481339
17 69 0.670885
17 70 0.686607
17 71 0.798902
17 73 0.4981
17 75 0.525178
17 76 0.782703
17 77 1.06965
17 78 0.608741
17 80 0.737038
17 81 0.42721
17 83 0.470402
17 84 0.746371
17 85 0.475479
17 86 0.464605
17 87 0.479372
17 88 0.699934
17 89 0.750674
17 91 0.6524
17 92 0.471587
17 93 0.706368
17 94 0.646049
17 95 0.475667
17 96 0.52198
17 97 0.811993
17 98 0.752207
18 0 0.62556
18 1 0.417608
18 2 0.546604
18 3 0.610511
18 4 0.717722
18 5 0.635433
18 6 0.427543
18 7 0.772496
18 8 0.678357
18 9 0.724713
18 10 0.769789
18 11 0.405764
18 12 0.764343
18 13 0.846984
18 14 0.639608
18 15 0.650022
18 16 0.734923
18 18 0.783303
18 19 0.498788
18 20 0.714057
18 21 0.584874
18 22 0.601055
18 23 0.469943
18 24 0.699031
18 25 0.450314
18 27 0.779375
18 28 0.774353
18 29 0.612521
18 30 0.511577
18 31 0.548667
18 32 0.478752
18 33 0.692189
18 34 0.719751
18 35 0.599665
18 36 0.732072
18 37 0.545978
18 39 0.839552
18 41 0.831533
18 42 0.691489
18 43 0.663444
18 44 0.65244
18 45 0.584577
18 46 0.709507
18 47 0.731364
18 48 0.470721
18 49 0.427861
18 50 0.430991
18 51 0.415709
18 52 0.850698
18 53 0.576433
18 54 0.662047
18 55 0.67219
18 56 0.539853
18 57 0.598262
18 58 0.423215
18 59 0.681132
18 60 0.845929
18 62 0.723572
18 63 0.510272
18 64 0.47125
18 65 0.540774
18 66 0.805438
18 67 0.755326
18 68 0.439088
18 69 0.695012
18 70 0.521551
18 71 0.717359
18 72 0.569556
18 73 0.792093
18 74 0.737971
18 75 0.509275
18 76 0.687908
18 78 0.747732
18 79 0.663249
18 80 0.579613
18 81 0.691611
18 82 0.478659
18 83 0.812822
18 84 0.698708
18 85 0.492241
18 86 0.48021
18 88 0.427069
18 89 0.424982
18 90 0.472229
18 91 0.463145
18 92 0.693797
18 93 0.723723
18 94 0.659549
18 95 0.671099
18 96 0.529524
18 97 0.717068
18 98 0.675813
18 99 0.779594
19 0 0.433645
19 1 0.802482
19 2 0.726996
19 3 0.722922
19 4 0.739004
19 6 0.53224
19 7 0.678417
19 8 0.768947
19 9 0.470612
19 10 0.767039
19 11 0.706405
19 12 0.751157
19 13 0.657548
19 14 0.627907
19 15 0.475604
19 16 0.754498
19 17 0.667882
19 18 0.562785
19 19 0.511279
19 20 0.601954
19 21 0.736349
19 22 0.717709
19 23 0.739231
19 24 0.53663
19 25 0.495307
19 26 0.529207
19 27 0.780025
19 28 0.569161
19 29 0.587544
19 30 0.512181
19 31 0.550239
19 34 0.583409
19 35 0.709989
19 37 0.419901
19 38 0.408748
19 39 0.767777
19 40 0.689297
19 41 0.591209
19 42 0.706307
19 43 0.763379
19 44 0.661321
19 45 0.601988
19 46 0.862076
19 47 0.481204
19 48 0.820147
19 49 0.579571
19 50 0.571931
19 51 0.428606
19 52 0.604956
19 53 0.572143
19 54 0.619808
19 55 0.521731
19 56 0.716635
19 57 0.63364
19 58 0.465646
19 59 0.758336
19 60 0.624956
19 61 0.484296
19 62 0.50274
19 63 0.522677
19 64 0.705312
19 65 0.485284
19 66 0.676305
19 67 0.616637
19 68 0.428816
19 69 0.441753
19 70 0.535434
19 71 0.522827
19 72 0.442224
19 73 0.647077
19 74 0.444213
19 75 0.457102
19 76 0.779303
19 77 0.551164
19 78 0.766725
19 79 0.529097
19 80 0.590588
19 81 0.449789
19 82 0.91409
19 83 0.468131
19 84 0.713777
19 85 0.593161
19 86 0.502035
19 87 0.744583
19 88 0.783011
19 89 0.613921
19 90 0.630868
19 91 0.482314
19 92 0.71346
19 93 0.446804
19 94 0.662331
19 95 0.737033
19 96 0.639862
19 97 0.793926
19 98 0.472041
19 99 0.769758
20 0 0.554283
20 1 0.494504
20 2 0.732315
20 3 0.745463
20 4 0.746237
20 5 0.772962
20 7 0.76245
20 8 0.682434
20 9 0.432421
20 10 0.413822
20 11 0.494176
20 12 0.704019
20 13 0.456005
20 14 0.41479
20 16 0.794541
20 17 0.503233
20 18 0.502433
20 19 0.690395
20 20 0.477752
20 21 0.507136
20 22 0.421478
20 23 0.484177
20 24 0.553413
20 25 0.514409
20 26 0.760385
20 27 0.603593
20 28 0.580379
20 30 0.464723
20 31 0.77348
20 32 0.61422
20 33 0.56617
20 34 0.590474
20 35 0.612626
20 36 0.754975
20 37 0.75939
20 40 0.707929
20 41 0.683066
20 42 0.515828
20 43 0.571687
20 44 0.502615
20 45 0.736312
20 46 0.504383
20 47 0.536421
20 48 0.789951
20 49 0.46542
20 51 0.564593
20 52 0.471254
20 53 0.708339
20 54 0.422926
20 55 0.468124
20 56 0.504558
20 57 0.594393
20 58 0.515524
20 60 0.649885
20 61 0.661643
20 62 0.73223
20 63 0.780099
20 64 0.755125
20 65 0.410214
20 66 0.684073
20 67 0.61734
20 68 0.648795
20 69 0.77686
20 70 0.801634
20 71 0.47485
20 72 0.594255
20 73 0.757387
20 74 0.5376
20 75 0.503241
20 76 0.691519
20 77 0.6484
20 78 0.490053
20 79 0.451174
20 80 0.455793
20 81 0.714388
20 83 0.79742
20 84 0.741067
20 85 0.601072
20 86 0.68097
20 87 0.692387
20 88 0.735443
20 89 0.710762
20 90 0.609906
20 91 0.596098
20 92 0.724986
20 93 0.794243
20 94 0.415554
20 95 0.716547
20 96 0.649894
20 97 0.57707
20 98 0.697549
20 99 0.705859
21 0 0.555147
21 2 0.560896
21 3 0.637392
21 4 0.405381
21 5 0.770598
21 6 0.410561
21 7 0.465444
21 8 0.754328
21 9 0.648016
21 10 0.742706
21 11 0.520921
21 12 0.900942
21 13 0.507182
21 15 0.513487
21 16 0.476958
21 17 0.574497
21 18 0.968274
21 19 0.529798
21 20 0.474148
21 21 0.749426
21 23 0.793381
21 24 0.457635
21 25 0.529823
21 26 0.533146
21 27 0.52162
21 29 0.412305
21 31 0.462102
21 32 0.476025
21 33 0.717114
21 34 0.43502
21 35 0.729413
21 36 0.78168
21 37 0.872897
21 38 0.761281
21 39 0.682025
21 40 0.755782
21 41 0.440323
21 42 0.781242
21 43 0.679453
21 45 0.52757
21 46 0.687667
21 48 0.774547
21 49 0.571078
21 50 0.541212
21 51 0.404875
21 52 0.638537
21 53 0.570204
21 54 0.582755
21 55 0.522668
21 56 0.442643
21 57 0.520731
21 58 0.539536
21 59 0.88389
21 60 0.653766
21 61 0.429088
21 62 0.490086
21 63 0.425747
21 64 0.734804
21 65 0.419622
21 66 0.699887
21 67 0.63383
21 68 0.65897
21 70 0.436926
21 71 0.720365
21 72 0.726986
21 73 0.756338
21 74 0.748507
21 75 0.433094
21 76 0.710574
21 77 0.669768
21 79 0.792535
21 80 0.414705
21 81 0.728565
21 82 0.603456
21 83 0.400696
21 84 0.503202
21 85 0.619517
21 86 0.699522
21 88 0.571273
21 89 0.444578
21 90 0.654346
21 91 0.407442
21 92 0.523465
21 93 0.77975
21 94 0.712401
21 95 0.698988
21 96 0.676562
21 98 0.468943
21 99 0.757043
22 0 0.453614
22 1 0.501376
22 2 0.505992
22 3 0.605517
22 4 0.551644
22 5 0.40348
22 6 0.536183
22 7 0.721477
22 8 0.591567
22 9 0.471878
22 10 0.739615
22 11 0.522112
22 12 0.462986
22 13 0.835246
22 14 0.449403
22 15 0.690731
22 16 0.496259
22 17 0.43483
22 18 0.521012
22 19 0.701402
22 20 0.420962
22 21 0.517281
22 23 0.439664
22 24 0.563532
22 25 0.553128
22 26 0.447386
22 27 0.504843
22 28 0.48363
22 29 0.454958
22 30 0.772429
22 31 0.777692
22 32 0.618534
22 33 0.47711
22 34 0.408181
22 35 0.748691
22 37 0.532
22 38 0.503648
22 39 0.417974
22 40 0.571528
22 41 0.405219
22 42 0.762765
22 43 0.730542
22 44 0.679568
22 45 0.764575
22 46 0.521715
22 47 0.494006
22 49 0.604075
22 50 0.496034
22 51 0.75431
22 52 0.79602
22 53 0.77722
22 55 0.525847
22 56 0.793229
22 57 0.815097
22 58 0.713817
22 59 0.737436
22 62 0.757486
22 63 0.434581
22 64 0.482453
22 65 0.497667
22 66 0.781234
22 67 0.482627
22 68 0.590286
22 69 0.733905
22 70 0.468736
22 71 0.776257
22 73 0.446637
22 74 0.421071
22 75 0.430611
22 76 0.472289
22 77 0.997165
22 78 0.412591
22 79 0.670174
22 80 0.78739
22 81 0.469696
22 82 0.756492
22 83 0.610822
22 84 0.735075
22 85 0.714751
22 86 0.424894
22 87 0.632361
22 88 0.739781
22 89 0.728614
22 90 0.747358
22 92 0.480893
22 93 0.725222
22 94 0.468486
22 95 0.606038
22 96 0.669387
22 97 0.598118
22 98 0.699555
22 99 0.514456
23 0 0.697873
23 1 1.01689
23 2 0.495607
23 3 0.669214
23 4 0.532748
23 5 0.439473
23 6 0.458225
23 7 0.418475
23 8 0.754169
23 9 0.669421
23 10 0.709327
23 11 0.663086
23 12 0.723073
23 13 0.804053
23 15 0.70509
23 16 0.589287
23 17 0.660173
23 20 0.41734
23 21 0.789152
23 22 0.7206
23 24 0.706086
23 25 0.699823
23 26 0.756571
23 27 0.637162
23 28 0.596432
23 29 0.478059
23 30 0.707119
23 31 0.488089
23 32 0.42355
23 33 0.496663
23 35 0.622012
23 36 0.562088
23 37 0.521783
23 38 0.793048
23 39 0.689044
23 40 0.454259
23 41 0.703804
23 42 0.533025
23 43 0.57295
23 44 0.802949
23 45 0.434264
23 46 0.698453
23 47 0.750993
23 48 0.4732
23 49 0.443651
23 50 0.479917
23 51 0.794367
23 53 0.451699
23 54 0.569844
23 55 0.72295
23 56 0.555553
23 57 0.462091
23 59 0.60444
23 60 0.518268
23 61 0.532299
23 62 0.633427
23 63 0.567762
23 64 0.478897
23 65 0.543465
23 66 0.576425
23 67 0.46307
23 68 0.575448
23 69 0.749924
23 70 0.7752
23 71 0.436545
23 72 0.435517
23 73 0.433453
23 74 0.556133
23 75 0.49373
23 76 0.732307
23 77 0.441988
23 78 0.432093
23 79 0.498409
23 80 0.472847
23 81 0.476541
23 82 0.76191
23 83 0.679989
23 84 0.448918
23 85 0.423736
23 86 0.504778
23 87 0.644222
23 88 0.579261
23 89 0.466269
23 90 0.673303
23 91 0.6203
23 92 0.973111
23 93 0.764849
23 94 0.684206
23 95 0.599878
23 96 0.441465
23 97 0.618838
23 98 0.70175
23 99 0.51625
24 0 0.6847
24 1 0.777706
24 2 0.753443
24 3 0.634224
24 4 0.890669
24 5 0.689101
24 6 0.719484
24 7 0.689934
24 9 0.483823
24 10 0.635076
24 12 0.57569
24 13 0.502903
24 14 0.714099
24 15 0.876229
24 16 0.777504
24 17 0.426367
24 18 0.798291
24 19 0.43054
24 20 0.547042
24 21 0.518543
24 22 0.434877
24 23 0.457763
24 24 0.492275
24 26 0.558855
24 28 0.803043
24 29 0.843753
24 30 0.531734
24 31 0.473542
24 32 0.630711
24 33 0.708256
24 34 0.408139
24 35 0.766401
24 36 0.409983
24 38 0.588585
24 39 0.693981
24 40 0.72424
24 41 0.509495
24 42 0.453277
24 43 0.691042
24 44 0.41487
24 45 0.414466
24 46 0.478511
24 47 0.51203
24 48 0.420503
24 49 0.609783
24 50 0.412595
24 51 0.490164
24 52 0.614464
24 53 0.781897
24 54 0.684093
24 55 0.69459
24 56 0.742842
24 57 0.818865
24 58 0.693722
24 59 0.423288
24 60 0.665544
24 61 0.525276
24 62 0.41444
24 64 0.424429
24 65 0.734239
24 67 0.654433
24 68 0.660433
24 69 0.401165
24 70 0.557023
24 71 0.448914
24 72 0.539694
24 73 0.401323
24 74 0.748982
24 75 0.483187
24 76 0.475262
24 77 0.947665
24 78 0.488471
24 79 0.487515
24 80 0.429227
24 81 0.841299
24 82 0.527788
24 83 0.760264
24 84 0.595216
24 85 0.735125
24 86 0.717252
24 88 0.762475
24 89 0.738542
24 92 0.482697
24 94 0.69702
24 95 0.694585
24 96 0.66001
24 97 0.749989
24 98 0.513465
24 99 0.48636
25 0 0.556484
25 1 0.752851
25 2 0.762583
25 3 0.45426
25 4 0.947371
25 5 0.463905
25 6 0.560881
25 7 0.713438
25 8 0.406665
25 9 0.670155
25 11 0.687107
25 12 0.725697
25 13 0.719348
25 14 0.611918
25 15 0.711921
25 16 0.438299
25 17 0.478875
25 19 0.726865
25 20 0.525517
25 21 0.77439
25 22 0.720599
25 23 0.55858
25 24 0.712703
25 25 0.713481
25 28 0.409065
25 29 0.639806
25 30 0.747625
25 32 0.445608
25 33 0.574353
25 35 0.767699
25 36 0.414194
25 37 0.651541
25 39 0.528622
25 40 0.523853
25 41 0.417879
25 42 0.721391
25 43 0.697104
25 44 0.705666
25 45 0.41534
25 46 0.40863
25 48 0.73032
25 50 0.584082
25 52 0.435225
25 53 0.548221
25 54 0.698401
25 55 0.530491
25 56 0.552265
25 57 0.449754
25 58 0.550669
25 60 0.428011
25 61 0.481403
25 62 0.481726
25 63 0.599497
25 64 0.718679
25 65 0.761876
25 66 0.565902
25 67 0.455484
25 68 0.792155
25 69 0.750594
25 70 0.566373
25 71 0.493736
25 72 0.509307
25 73 0.706826
25 74 0.616297
25 75 0.810845
25 76 0.755399
25 77 0.88003
25 78 0.55079
25 79 0.765926
25 80 0.609038
25 81 0.821499
25 82 0.746517
25 83 0.425474
25 84 0.481122
25 85 0.434227
25 86 0.730105
25 87 0.703003
25 88 0.469776
25 89 0.600646
25 90 0.868001
25 91 0.605617
25 92 0.760705
25 93 0.419282
25 94 0.706292
25 95 0.737859
25 96 0.435926
25 97 0.49384
25 98 0.457265
25 99 0.741929
26 0 0.470586
26 1 0.514521
26 2 0.581782
26 3 0.783363
26 4 0.946894
26 6 0.704528
26 7 0.478396
26 8 0.724592
26 9 0.43932
26 10 0.63799
26 11 0.661744
26 12 0.417161
26 14 0.583269
26 15 0.473671
26 16 0.577292
26 17 0.689746
26 18 0.817294
26 19 0.73607
26 20 0.466281
26 21 0.58815
26 22 0.764584
26 23 0.753566
26 24 0.421217
26 25 0.544219
26 26 0.574157
26 27 0.637724
26 28 0.419065
26 29 0.699577
26 30 0.54233
26 31 0.57338
26 32 0.768367
26 33 0.438433
26 34 0.806792
26 36 0.442008
26 37 0.665398
26 38 0.81645
26 40 0.672606
26 41 0.730113
26 42 0.504054
26 43 0.705352
26 44 0.41032
26 45 0.824652
26 46 0.676632
26 48 0.732922
26 49 0.555633
26 51 0.571723
26 52 0.756958
26 53 0.444833
26 55 0.70048
26 56 0.756291
26 57 0.825134
26 58 0.425854
26 59 0.729566
26 60 0.789279
26 61 0.702642
26 62 0.642492
26 63 0.790527
26 64 0.565874
26 65 0.40793
26 66 0.432417
26 67 0.45056
26 68 0.660709
26 69 0.406705
26 70 0.731783
26 72 0.507452
26 73 0.688224
26 74 0.615388
26 75 0.565938
26 76 0.74505
26 77 0.441764
26 78 0.973694
26 79 0.681424
26 80 0.59741
26 81 0.796325
26 82 0.819758
26 83 0.717535
26 84 0.435476
26 85 0.731379
26 86 0.732236
26 87 0.498803
26 88 0.604016
26 89 0.705253
26 90 0.455892
26 91 0.501653
26 93 0.751399
26 94 0.681003
26 96 0.51634
26 97 0.768947
26 98 0.711165
26 99 0.748396
27 0 0.71652
27 1 0.526684
27 2 0.755718
27 3 0.439507
27 4 0.422371
27 5 0.749881
27 6 0.478718
27 8 0.705017
27 9 0.691835
27 10 0.437672
27 11 0.477851
27 12 0.715829
27 13 0.729975
27 14 0.443601
27 15 0.455828
27 16 0.815071
27 17 0.570507
27 18 0.837527
27 19 0.745628
27 20 0.622826
27 21 0.756396
27 22 0.408323
27 23 0.760219
27 25 0.705199
27 26 0.456194
27 27 0.581101
27 28 0.810019
27 30 0.732988
27 31 0.481005
27 32 0.789071
27 33 0.45159
27 34 0.557496
27 35 0.527486
27 36 0.578766
27 37 0.435241
27 38 0.609998
27 39 0.401085
27 40 0.775481
27 41 0.734623
27 42 0.493961
27 43 0.721148
27 44 0.823682
27 45 0.409215
27 46 0.666024
27 47 0.421221
27 48 0.747157
27 49 0.626338
27 50 0.590182
27 51 0.576015
27 52 0.778188
27 53 0.525231
27 54 0.715945
27 55 0.718345
27 56 0.771889
27 57 0.432477
27 58 0.424395
27 59 0.428639
27 60 0.694843
27 61 0.834518
27 62 0.579051
27 63 0.801654
27 64 0.409556
27 65 0.564669
27 66 0.740432
27 67 0.420426
27 68 0.662421
27 69 0.555464
27 70 0.756254
27 71 0.763279
27 72 0.433541
27 73 0.671788
27 74 0.513614
27 75 0.832994
27 76 0.560858
27 77 0.423031
27 78 0.861207
27 79 0.758833
27 80 0.774428
27 81 0.500148
27 82 0.59464
27 83 0.446581
27 84 0.647542
27 85 0.722159
27 86 0.414681
27 87 0.507399
27 88 0.711878
27 89 0.78439
27 90 0.773507
27 91 0.458808
27 92 0.548851
27 93 0.728913
27 94 0.569104
27 95 0.758674
27 96 0.462712
27 97 0.594995
27 98 0.533013
27 99 0.726618
28 0 0.663546
28 1 0.766095
28 2 0.421607
28 3 0.554526
28 4 0.851047
28 5 0.456012
28 6 0.725159
28 8 0.437086
28 10 0.618439
28 11 0.64933
28 12 0.554776
28 13 0.416617
28 14 0.7324
28 15 0.54749
28 16 0.703763
28 17 0.476013
28 18 0.834483
28 19 0.553119
28 20 0.515969
28 21 0.712156
28 22 0.580155
28 23 0.780835
28 24 0.438144
28 25 0.457376
28 26 0.733182
28 27 0.566358
28 28 0.838749
28 29 0.864202
28 30 0.744872
28 31 0.477526
28 32 0.532044
28 33 0.428286
28 34 0.551986
28 35 0.598856
28 36 0.546917
28 37 0.51201
28 38 0.500067
28 39 0.677926
28 40 0.641573
28 41 0.737623
28 42 0.681112
28 43 0.470621
28 44 0.730364
28 45 0.639404
28 46 0.743787
28 47 0.737214
28 48 0.493926
28 49 0.539347
28 50 0.404796
28 52 0.760592
28 53 0.668002
28 54 0.532536
28 55 0.536344
28 56 0.726461
28 59 0.601488
28 60 0.757594
28 61 0.718568
28 62 0.781222
28 64 0.716971
28 65 0.734335
28 66 0.446257
28 67 0.657177
28 68 0.406301
28 69 0.719106
28 70 0.709042
28 71 0.763464
28 72 0.505053
28 73 0.656116
28 74 0.721431
28 76 0.665013
28 77 0.513278
28 78 0.875488
28 79 0.736336
28 80 0.784021
28 81 0.742491
28 82 0.834328
28 83 0.54062
28 84 0.569566
28 85 0.749484
28 86 0.658708
28 87 0.423992
28 88 0.679323
28 89 0.684943
28 90 0.451346
28 91 0.40493
28 92 0.732256
28 93 0.438618
28 94 0.464873
28 95 0.405592
28 96 0.610809
28 97 0.733757
28 98 0.520794
28 99 0.423645
29 1 0.401817
29 2 0.580956
29 3 0.548223
29 4 0.497299
29 5 0.661596
29 6 0.452124
29 7 0.514719
29 8 0.558213
29 9 0.551162
29 10 0.55805
29 11 0.472009
29 12 0.535819
29 13 0.749692
29 14 0.756031
29 15 0.536729
29 16 0.554933
29 17 0.407427
29 18 0.538984
29 19 0.560622
29 20 0.492948
29 21 0.830946
29 22 0.788535
29 23 0.50657
29 24 0.519507
29 25 0.472094
29 26 0.716083
29 27 0.548435
29 28 0.820251
29 29 0.433509
29 30 0.426239
29 31 0.404756
29 32 0.467229
29 33 0.700528
29 34 0.466868
29 35 0.506719
29 36 0.535595
29 37 0.675042
29 38 0.616133
29 39 0.456572
29 40 0.503512
29 41 0.461199
29 42 0.82264
29 43 0.690347
29 44 0.837885
29 46 0.620444
29 47 0.607633
29 48 0.578639
29 49 0.534528
29 50 0.470543
29 51 0.769389
29 52 0.757567
29 53 0.677918
29 54 0.463185
29 55 0.473777
29 56 0.524001
29 57 0.72035
29 58 0.682122
29 59 0.691763
29 60 0.410729
29 61 0.858489
29 62 0.558256
29 63 0.588352
29 64 0.709494
29 65 0.755983
29 66 0.728575
29 67 0.835339
29 68 0.555887
29 69 0.521196
29 70 0.688942
29 71 0.731901
29 72 0.638371
29 73 0.655913
29 74 0.594274
29 75 0.581215
29 76 0.802193
29 77 0.779469
29 78 0.468235
29 79 0.717571
29 80 0.450923
29 81 0.761638
29 82 0.465991
29 83 0.693161
29 84 0.409448
29 85 0.706602
29 86 0.449712
29 87 0.700855
29 88 0.421462
29 89 0.567737
29 90 0.42897
29 91 0.415274
29 92 0.544241
29 93 0.488519
29 94 0.764874
29 95 0.773065
29 96 0.455664
29 97 0.561595
29 98 0.422689
29 99 0.691391
30 0 0.533509
30 1 0.510358
30 2 0.750183
30 3 0.819042
30 4 0.928351
30 5 0.653617
30 6 0.511531
30 7 0.450741
30 8 0.663967
30 9 0.523171
30 11 0.516927
30 13 0.767354
30 14 0.857142
30 15 0.759347
30 17 0.458819
30 18 0.611499
30 19 0.716043
30 20 0.803821
30 21 0.847443
30 22 0.576081
30 23 0.697935
30 25 0.466891
30 26 0.552556
30 27 0.659974
30 28 0.83953
30 29 0.719008
30 30 0.731482
30 31 0.527362
30 32 0.525906
30 34 0.857714
30 35 0.694132
30 36 0.514151
30 37 0.797237
30 38 0.439768
30 39 0.672916
30 40 0.622824
30 41 0.552658
30 42 0.839586
30 43 0.744158
30 44 0.843169
30 46 0.539901
30 47 0.402899
30 48 0.730239
30 49 0.656634
30 50 0.821574
30 51 0.436676
30 52 0.492735
30 53 0.456169
30 54 0.456537
30 55 0.672519
30 56 0.693486
30 57 0.548334
30 58 0.504068
30 59 0.444645
30 60 0.511341
30 61 0.458857
30 62 0.67693
30 63 0.485402
30 64 0.679317
30 65 0.550497
30 66 0.561363
30 67 0.840328
30 68 0.666638
30 69 0.625538
30 70 0.436428
30 71 0.791465
30 72 0.770181
30 74 0.573299
30 75 0.866081
30 76 0.452749
30 77 0.813162
30 78 0.452492
30 79 0.703627
30 80 0.705753
30 82 0.444285
30 83 0.780913
30 84 0.64236
30 85 0.690391
30 86 0.807035
30 87 0.739954
30 88 0.648169
30 89 0.543804
30 90 0.406569
30 91 0.580165
30 92 0.461079
30 93 0.600156
30 94 0.774415
30 95 0.450878
30 96 0.752069
30 97 0.470674
30 98 0.429717
30 99 0.671803
31 0 0.786263
31 1 0.730005
31 2 0.531123
31 3 0.5341
31 4 0.910687
31 5 0.794106
31 6 0.597045
31 7 0.787637
31 8 0.663861
31 10 0.535602
31 11 0.466388
31 12 0.514022
31 13 0.427247
31 14 0.874005
31 15 0.896595
31 16 0.537508
31 17 0.622982
31 18 0.602515
31 20 0.626723
31 21 0.456252
31 22 0.539683
31 23 0.678373
31 24 0.515578
31 25 0.406657
31 26 0.711145
31 27 0.681462
31 28 0.785815
31 29 0.512045
31 30 0.480071
31 31 0.822156
31 32 0.651071
31 33 0.410574
31 34 0.44298
31 35 0.493118
31 36 0.665668
31 37 0.42019
31 38 0.658246
31 39 0.786813
31 40 0.611223
31 41 0.918955
31 42 0.488671
31 43 0.441842
31 44 0.734123
31 45 0.487831
31 46 0.592724
31 47 0.58727
31 48 0.42106
31 49 0.517462
31 50 0.829262
31 51 0.740037
31 52 0.79824
31 54 0.844537
31 55 0.519672
31 56 0.446668
31 57 0.417193
31 58 0.790692
31 59 0.656821
31 60 0.710321
31 61 0.422681
31 63 0.829568
31 64 0.784525
31 65 0.764231
31 66 0.709628
31 67 0.522904
31 68 0.691066
31 69 0.421902
31 70 0.410978
31 71 0.79189
31 72 0.657429
31 73 0.7798
31 74 0.810622
31 75 0.485553
31 77 0.832456
31 78 0.918555
31 79 0.424796
31 80 0.559579
31 82 0.736848
31 83 0.494727
31 84 0.560974
31 85 0.535402
31 86 0.645667
31 87 0.616575
31 88 0.852943
31 89 0.835345
31 90 0.600321
31 91 0.570289
31 92 0.818189
31 93 0.568
31 94 0.517225
31 95 0.776067
31 96 0.758849
31 97 0.54831
31 98 0.664924
31 99 0.484158
32 0 0.596283
32 1 0.713475
32 2 0.457535
32 3 0.821347
32 4 0.48465
32 5 0.809845
32 6 0.507109
32 7 0.654798
32 8 0.475536
32 9 0.755993
32 10 0.782145
32 11 0.457102
32 12 0.413158
32 13 0.786264
32 14 0.892434
32 15 0.41465
32 16 0.453577
32 18 0.580538
32 19 0.667525
32 21 0.544562
32 23 0.835566
32 24 0.637147
32 25 0.620857
32 26 0.510593
32 27 0.483165
32 28 0.770928
32 29 0.500623
32 30 0.516466
32 33 0.64992
32 34 0.532354
32 35 0.423274
32 36 0.471615
32 37 0.49039
32 38 0.486269
32 39 0.432341
32 40 0.474299
32 41 0.542745
32 43 0.465235
32 44 0.741319
32 45 0.673323
32 46 0.424148
32 47 0.437022
32 48 0.795975
32 49 0.43968
32 50 0.597603
32 51 0.823401
32 52 0.475609
32 53 0.420261
32 55 0.42056
32 56 0.528782
32 57 0.540665
32 58 0.651466
32 59 0.482314
32 60 0.488641
32 61 0.755488
32 62 0.546131
32 63 0.412561
32 64 0.663327
32 65 0.419424
32 66 0.782978
32 67 0.437171
32 68 0.434717
32 69 0.496679
32 70 0.671112
32 71 0.697607
32 72 0.492995
32 73 0.64446
32 74 0.821257
32 75 0.483517
32 76 0.849781
32 77 0.496657
32 78 0.655606
32 79 0.674726
32 80 0.838203
32 81 0.73514
32 82 0.508315
32 83 0.676144
32 84 0.852952
32 85 0.815506
32 86 0.523958
32 87 0.484453
32 88 0.86047
32 89 0.838561
32 90 0.582547
32 91 0.437941
32 92 0.682344
32 93 0.556375
32 94 0.50678
32 95 0.55383
32 96 0.413882
32 97 0.824195
32 98 0.757358
32 99 0.661166
33 0 0.4
33 1 0.699113
33 2 0.701951
33 3 0.825402
33 4 0.512309
33 5 0.414739
33 6 0.575691
33 7 0.81606
33 8 0.529602
33 9 0.413024
33 10 0.692141
33 11 0.425371
33 12 0.826538
33 13 0.683137
33 14 0.909896
33 15 0.43677
33 16 0.521255
33 17 0.443099
33 18 0.497695
33 19 0.65938
33 20 0.823037
33 22 0.669454
33 23 0.678198
33 24 0.42442
33 25 0.827242
33 26 0.494939
33 27 0.458803
33 28 0.462932
33 29 0.891263
33 30 0.50299
33 31 0.748546
33 32 0.674486
33 33 0.754763
33 34 0.887587
33 35 0.67172
33 36 0.622768
33 37 0.708148
33 38 0.879601
33 39 0.809535
33 40 0.604725
33 41 0.536173
33 42 0.651525
33 43 0.423955
33 44 0.55918
33 45 0.848535
33 46 0.423325
33 47 0.577715
33 49 0.771967
33 51 0.528046
33 52 0.836007
33 54 0.85724
33 55 0.516904
33 56 0.861695
33 57 0.741064
33 58 0.49678
33 59 0.789436
33 60 0.464472
33 61 0.777245
33 62 0.454088
33 63 0.835401
33 64 0.801286
33 65 0.658529
33 67 0.682843
33 68 0.700657
33 69 0.836016
33 70 0.419603
33 71 0.460468
33 72 0.81167
33 73 0.814669
33 74 0.833312
33 75 0.893096
33 76 0.429597
33 77 0.735267
33 78 0.67935
33 79 0.471507
33 80 0.842163
33 81 0.80053
33 82 0.936795
33 83 0.650054
33 84 0.617499
33 85 0.460774
33 86 0.590359
33 87 0.457222
33 88 0.561485
33 89 0.524332
33 90 0.463049
33 91 0.702416
33 92 0.629881
33 93 0.472628
33 94 0.600834
33 96 0.595591
33 97 0.460454
33 98 0.652464
33 99 0.816411
34 0 0.510936
34 1 0.673151
34 2 0.436385
34 3 0.530555
34 4 0.799888
34 5 0.556074
34 6 0.492083
34 8 0.821964
34 9 0.519414
34 10 0.690079
34 11 0.411306
34 12 0.432733
34 14 0.910466
34 15 0.761783
34 16 0.667045
34 17 0.600889
34 18 0.854971
34 19 0.462957
34 20 0.843825
34 21 0.90389
34 22 0.50123
34 23 0.861103
34 24 0.475616
34 25 0.583624
34 26 0.420433
34 27 0.867072
34 28 0.440107
34 29 0.750545
34 30 0.806816
34 31 0.674352
34 32 0.689063
34 33 0.769821
34 34 0.903628
34 35 0.468733
34 36 0.465036
34 37 0.476477
34 38 0.471853
34 39 0.831235
34 40 0.840707
34 41 0.532456
34 42 0.631089
34 43 0.785627
34 44 0.549155
34 45 0.435895
34 46 0.817113
34 47 0.554053
34 48 0.722335
34 50 0.851785
34 51 0.731833
34 53 0.68127
34 54 0.863804
34 55 0.763804
34 56 0.595232
34 57 0.540046
34 58 0.44841
34 59 0.796103
34 60 0.473313
34 61 0.867668
34 63 0.756369
34 64 0.64621
34 65 0.517095
34 66 0.664769
34 68 0.706677
34 69 0.6073
34 70 0.634852
34 71 0.672835
34 72 0.666043
34 74 0.48834
34 75 0.596014
34 76 0.870209
34 77 0.491431
34 79 0.667408
34 80 0.528009
34 81 0.4905
34 82 0.501368
34 83 0.444194
34 84 0.42615
34 85 0.840503
34 86 0.842813
34 87 0.666435
34 89 0.487361
34 92 0.607158
34 95 0.551392
34 96 0.585343
34 97 0.515507
34 98 0.633816
35 0 0.820619
35 1 0.457454
35 2 0.820878
35 3 0.418368
35 5 0.444861
35 7 0.489167
35 9 0.608306
35 10 0.664297
35 12 0.8427
35 13 0.818528
35 14 0.915265
35 15 0.775501
35 16 0.64946
35 17 0.546329
35 18 0.703815
35 19 0.83418
35 20 0.645619
35 21 0.447026
35 22 0.495149
35 23 0.877825
35 25 0.444966
35 26 0.80836
35 27 0.456102
35 28 0.718106
35 29 0.765745
35 30 0.818691
35 32 0.47189
35 33 0.770763
35 34 0.647553
35 36 0.609223
35 37 0.714791
35 38 0.464322
35 39 0.667812
35 40 0.443758
35 41 0.952597
35 42 0.620668
35 43 0.527102
35 44 0.528598
35 45 0.874029
35 46 0.827503
35 47 0.683368
35 48 0.452322
35 49 0.511516
35 50 0.854288
35 51 0.711226
35 52 0.73618
35 53 0.516453
35 54 0.503048
35 55 0.629077
35 56 0.417998
35 57 0.41558
35 58 0.629554
35 59 0.807846
35 60 0.687924
35 61 0.517088
35 62 0.80544
35 63 0.68958
35 64 0.435751
35 65 0.441499
35 66 0.536687
35 67 0.515349
35 68 0.839055
35 72 0.488645
35 73 0.843877
35 74 0.668803
35 76 0.608091
35 77 0.417109
35 78 0.534118
35 79 0.66116
35 80 0.523515
35 81 0.485003
35 82 0.951741
35 83 0.436611
35 84 0.610288
35 85 0.852087
35 86 0.58213
35 88 0.88809
35 91 0.73132
35 92 0.849003
35 93 0.871472
35 94 0.434135
35 95 0.847374
35 96 0.813977
35 97 0.854632
35 98 0.621547
35 99 0.819844
36 0 0.836435
36 1 0.864605
36 2 0.68633
36 3 0.403688
36 4 0.445094
36 5 0.550786
36 6 0.48213
36 7 0.429758
36 8 0.507909
36 9 0.495252
36 10 0.491904
36 11 0.615995
36 12 0.663973
36 13 0.824344
36 14 0.776564
36 15 0.79077
36 16 0.913069
36 17 0.579671
36 18 0.878636
36 19 0.844248
36 20 0.444922
36 21 0.432291
36 22 0.652663
36 23 0.44049
36 24 0.421781
36 25 0.575824
36 26 0.681197
36 27 0.716545
36 28 0.705167
36 30 0.632665
36 31 0.437772
36 33 0.644958
36 34 0.664315
36 35 0.656796
36 36 0.455717
36 37 0.474651
36 38 0.419727
36 39 0.414721
36 40 0.537626
36 41 0.954947
36 42 0.892141
36 43 0.516597
36 44 0.468911
36 45 0.681519
36 46 0.574138
36 48 0.549289
36 49 0.834207
36 50 0.855768
36 51 0.873249
36 52 0.890322
36 53 0.697799
36 55 0.801482
36 56 0.576518
36 57 0.920649
36 58 0.845755
36 59 0.637035
36 60 0.46393
36 61 0.904747
36 62 0.434805
36 63 0.674294
36 64 0.631037
36 66 0.521204
36 67 0.506086
36 69 0.866951
36 70 0.88119
36 71 0.861035
36 72 0.680101
36 74 0.434181
36 75 0.63983
36 76 0.540457
36 77 0.718175
36 78 0.936962
36 79 0.615493
36 81 0.680431
36 82 0.976653
36 83 0.825798
36 84 0.90778
36 85 0.868581
36 86 0.876099
36 87 0.665656
36 88 0.633964
36 89 0.894622
36 90 0.83302
36 92 0.420189
36 93 0.455592
36 94 0.87409
36 95 0.84956
36 96 0.833285
36 97 0.637121
36 98 0.607928
36 99 0.453964
37 0 0.855345
37 1 0.865002
37 2 0.408775
37 3 0.842638
37 4 0.634404
37 5 0.52149
37 6 0.840141
37 8 0.871845
37 9 0.437938
37 11 0.593145
37 12 0.650485
37 13 0.681593
37 14 0.78045
37 15 0.419492
37 16 0.642458
37 17 0.85793
37 18 0.661534
37 19 0.461119
37 20 0.492808
37 21 0.683779
37 22 0.571177
37 23 0.672763
37 24 0.506799
37 25 0.418708
37 26 0.669725
37 27 0.881717
37 28 0.926933
37 29 0.934285
37 30 0.413886
37 31 0.659767
37 32 0.881874
37 33 0.634732
37 35 0.959899
37 36 0.59979
37 37 0.461025
37 38 0.68862
37 39 0.652943
37 41 0.782112
37 42 0.600241
37 43 0.637112
37 44 0.450778
37 45 0.888658
37 46 0.848562
37 47 0.662132
37 48 0.864508
37 50 0.61187
37 54 0.737733
37 55 0.824814
37 56 0.479283
37 57 0.920708
37 58 0.61663
37 59 0.636984
37 60 0.440094
37 62 0.521829
37 64 0.852369
37 66 0.847791
37 67 0.881117
37 68 0.541543
37 69 0.874907
37 70 0.488299
37 71 0.666366
37 72 0.817823
37 73 0.870852
37 74 0.658502
37 75 0.659796
37 76 0.922506
37 77 0.965087
37 78 0.702096
37 79 0.837472
37 80 0.498674
37 81 0.640617
37 82 0.570549
37 83 0.596338
37 84 0.925906
37 85 0.510701
37 86 0.899971
37 87 0.541565
37 88 0.917773
37 89 0.919371
37 90 0.854875
37 92 0.605008
37 93 0.53158
37 94 0.892156
37 95 0.533812
37 96 0.487611
37 98 0.590345
37 99 0.842365
38 0 0.880121
38 1 0.666497
38 2 0.664061
38 3 0.846016
38 4 0.602803
38 5 0.87977
38 7 0.442972
38 8 0.885312
38 9 0.827423
38 10 0.600552
38 11 0.565514
38 12 0.641433
38 13 0.656415
38 14 0.781476
38 15 0.924668
38 16 0.627319
38 17 0.879667
38 18 0.630602
38 19 0.633591
38 20 0.42825
38 22 0.478577
38 23 0.517432
38 25 0.880475
38 26 0.649188
38 27 0.542479
38 28 0.52822
38 29 0.49922
38 31 0.890559
38 32 0.900221
38 34 0.917785
38 35 0.533597
38 36 0.912682
38 37 0.805963
38 38 0.924465
38 39 0.635902
38 41 0.976483
38 42 0.924707
38 43 0.636674
38 44 0.442004
38 45 0.892371
38 47 0.627455
38 48 0.703479
38 49 0.421594
38 51 0.669473
38 53 0.725179
38 56 0.936757
38 57 0.74921
38 58 0.873711
38 59 0.838543
38 60 0.658682
38 61 0.506352
38 63 0.624912
38 64 0.50759
38 65 0.569646
38 66 0.610572
38 69 0.583181
38 70 0.624885
38 71 0.628633
38 72 0.466889
38 73 0.885145
38 74 0.469933
38 75 0.680178
38 76 0.516505
38 77 0.986693
38 78 0.715329
38 79 0.602114
38 80 0.931262
38 81 0.614779
38 82 0.979194
38 83 0.848098
38 84 0.938589
38 85 0.883013
38 86 0.506333
38 87 0.526246
38 89 0.449394
38 90 0.521728
38 91 0.773716
38 94 0.904226
38 95 0.633741
38 96 0.575257
38 97 0.886357
38 98 0.573897
38 99 0.607064
39 1 0.903919
39 2 0.650197
39 3 0.717131
39 4 0.586984
39 6 0.57315
39 7 0.565666
39 8 0.892319
39 10 0.890435
39 11 0.541785
39 13 0.868513
39 14 0.435362
39 15 0.927347
39 16 0.965322
39 18 0.613745
39 19 0.905803
39 20 0.682429
39 21 0.659228
39 22 0.455329
39 23 0.924997
39 24 0.855869
39 25 0.882492
39 27 0.72484
39 28 0.660759
39 29 0.425546
39 30 0.48648
39 31 0.627343
39 32 0.50181
39 33 0.806975
39 34 0.678255
39 35 0.651082
39 36 0.57931
39 39 0.922502
39 40 0.429126
39 41 0.784043
39 42 0.421725
39 43 0.460354
39 45 0.910511
39 46 0.488739
39 47 0.939625
39 48 0.700235
39 49 0.67629
39 50 0.873026
39 51 0.645673
39 53 0.846363
39 56 0.567997
39 58 0.592919
39 59 0.477919
39 60 0.61498
39 61 0.452845
39 62 0.842506
39 63 0.866485
39 65 0.862185
39 67 0.511712
39 68 0.707155
39 69 0.456752
39 70 0.450726
39 71 0.903674
39 72 0.832276
39 73 0.623118
39 75 0.903515
39 76 0.604437
39 77 0.676693
39 78 0.716534
39 79 0.512415
39 80 0.68578
39 81 0.903617
39 82 0.566142
39 83 0.852542
39 86 0.557644
39 87 0.647433
39 88 0.516696
39 89 0.959551
39 90 0.503456
39 91 0.561328
39 92 0.587253
39 93 0.515125
39 94 0.585768
39 95 0.492035
39 97 0.423552
39 98 0.843964
39 99 0.432771
40 0 0.586505
40 1 0.919658
40 3 0.520335
40 5 0.896246
40 6 0.859893
40 7 0.89598
40 8 0.640735
40 9 0.830571
40 10 0.58318
40 12 0.602912
40 13 0.479252
40 15 0.807469
40 16 0.509088
40 18 0.433998
40 19 0.915159
40 20 0.875377
40 21 0.991235
40 22 0.917429
40 23 0.931072
40 26 0.859856
40 30 0.886702
40 31 0.910254
40 32 0.875615
40 33 0.611587
40 34 0.922332
40 36 0.924275
40 37 0.825749
40 38 0.584468
40 39 0.943072
40 40 0.946508
40 41 0.97757
40 42 0.943824
40 43 0.492111
40 44 0.428731
40 45 0.923648
40 46 0.544194
40 47 0.450764
40 48 0.683071
40 49 0.886718
40 50 0.630251
40 51 0.918132
40 52 0.543209
40 53 0.633731
40 54 0.759923
40 55 0.494461
40 57 0.7794
40 58 0.906787
40 61 0.506771
40 62 0.693893
40 63 0.607225
40 66 0.881672
40 67 0.912446
40 69 0.92904
40 70 0.574723
40 71 0.90549
40 72 0.843728
40 73 0.906571
40 74 0.641388
40 76 0.946854
40 79 0.881481
40 80 0.957162
40 81 0.483846
40 82 1.00664
40 83 0.854638
40 84 0.548298
40 85 0.658691
40 88 0.614745
40 89 0.639789
40 90 0.503141
40 91 0.545049
40 92 0.923356
40 93 0.939169
40 94 0.454937
40 95 0.633567
40 96 0.551393
40 97 0.513332
40 98 0.555242
40 99 0.867995
41 1 0.629482
41 2 0.892607
41 3 0.865595
41 4 0.451347
41 5 0.91355
41 6 0.417615
41 8 0.48693
41 9 0.609743
41 10 0.924274
41 11 0.870762
41 14 0.942344
41 15 0.819847
41 17 0.524849
41 18 0.423497
41 19 0.603552
41 20 0.882703
41 21 1.01503
41 23 0.651334
41 25 0.916199
41 26 0.869836
41 28 0.995205
41 29 0.981371
41 31 0.615837
41 32 0.832265
41 33 0.82049
41 34 0.507283
41 36 0.928364
41 39 0.600609
41 41 1.00144
41 42 0.965815
41 44 0.887793
41 45 0.681831
41 46 0.762233
41 47 0.781262
41 48 0.664645
41 49 0.886882
41 50 0.651918
41 52 0.50563
41 53 0.503071
41 54 0.499499
41 55 0.612446
41 56 0.462768
41 58 0.909667
41 59 0.453717
41 60 0.870069
41 64 0.584795
41 65 0.572488
41 67 0.510955
41 68 0.529386
41 71 0.907499
41 72 0.423492
41 73 0.579503
41 74 0.923257
41 76 0.965189
41 77 0.466173
41 78 0.961784
41 79 0.50675
41 81 0.933228
41 82 1.00759
41 85 0.649932
41 86 0.922313
41 87 0.849869
41 88 0.497566
41 90 0.711623
41 92 0.932005
41 94 0.492321
41 95 0.407894
41 96 0.861379
41 99 0.889796
42 0 0.93806
42 1 0.595986
42 3 0.876977
42 4 0.772533
42 5 0.920651
42 6 0.90173
42 7 0.537788
42 8 0.633747
42 10 0.446595
42 12 0.473584
42 14 0.945862
42 16 0.991478
42 18 0.807729
42 19 0.569036
42 20 0.696452
42 21 1.01796
42 22 0.835718
42 23 0.627298
42 27 0.931577
42 28 0.645879
42 29 0.468386
42 30 0.5748
42 31 0.421365
42 33 0.831473
42 34 0.577334
42 35 1.01937
42 36 0.771504
42 39 0.979659
42 41 1.02204
42 42 0.478235
42 43 0.88861
42 46 0.779454
42 47 0.772788
42 48 0.936494
42 49 0.683503
42 50 0.45144
42 51 0.928355
42 52 0.934939
42 54 0.897589
42 56 0.961195
42 57 0.952598
42 59 0.877866
42 60 0.891571
42 61 0.820712
42 63 0.458784
42 64 0.581594
42 66 0.491288
42 69 0.931533
42 70 0.937763
42 71 0.923149
42 72 0.863161
42 73 0.93721
42 74 0.619133
42 75 0.701371
42 76 0.981392
42 77 0.456923
42 78 0.445281
42 79 0.499659
42 81 0.953939
42 84 0.979947
42 85 0.633505
42 86 0.925088
42 87 0.507497
42 89 0.518164
42 90 0.70194
42 91 0.535705
42 92 0.488231
42 93 0.508147
42 94 0.961309
42 95 0.401815
42 96 0.86492
42 97 0.941567
42 99 0.901656
43 0 0.956894
43 1 0.981185
43 4 1.06465
43 7 0.948655
43 8 0.430917
43 9 0.706239
43 10 0.659746
43 11 0.867666
43 12 0.593185
43 13 0.696119
43 14 0.96889
43 15 0.834137
43 17 0.937507
43 19 0.94337
43 23 0.968568
43 25 0.949636
43 28 1.01091
43 29 0.991441
43 30 0.556541
43 31 0.945484
43 34 0.50833
43 35 0.646253
43 36 0.749629
43 37 0.601721
43 38 0.695722
43 39 1.00071
43 40 0.988682
43 42 0.576095
43 43 0.615806
43 46 0.613226
43 48 0.951291
43 49 0.510483
43 51 0.623862
43 52 0.913162
43 56 0.979186
43 57 0.927601
43 58 0.943144
43 59 0.706667
43 60 0.608492
43 61 0.63873
43 62 0.799208
43 63 0.885712
43 64 0.913114
43 66 0.466901
43 67 0.707132
43 68 0.501692
43 69 0.953236
43 71 0.611971
43 72 0.874322
43 73 0.568098
43 74 0.954517
43 75 0.703522
43 76 0.418606
43 77 1.04888
43 78 0.520552
43 81 0.562687
43 82 1.04591
43 85 0.958875
43 86 0.537678
43 88 1.01573
43 89 0.637613
43 91 0.840788
43 92 0.440775
43 93 0.504265
43 95 0.983495
43 96 0.868448
43 97 0.632951
43 98 0.498607
43 99 0.565564
44 0 0.973182
44 1 0.446543
44 3 0.897023
44 4 1.08757
44 5 0.509802
44 8 0.616355
44 10 0.944103
44 12 0.481764
44 13 0.724861
44 14 0.553791
44 16 0.620403
44 17 0.57594
44 18 0.795465
44 20 0.581762
44 21 0.590764
44 22 0.616115
44 23 0.973599
44 24 0.619656
44 26 0.644117
44 27 0.929537
44 28 0.634174
44 29 1.00607
44 31 0.949178
44 32 0.733413
44 33 0.607527
44 34 0.797416
44 37 0.850594
44 38 0.793558
44 39 1.01641
44 40 1.00038
44 41 0.632431
44 42 0.553615
44 43 0.926575
44 44 0.595937
44 45 0.837423
44 46 0.792287
44 47 0.737801
44 49 0.795338
44 50 0.45695
44 51 0.613927
44 52 0.571798
44 55 0.607419
44 56 0.979426
44 57 0.756629
44 58 0.928161
44 59 0.584001
44 60 0.869769
44 61 0.567531
44 62 0.468014
44 64 0.918757
44 65 0.631552
44 66 0.954563
44 67 0.863613
44 68 0.716195
44 69 0.964555
44 70 0.932794
44 71 0.451401
44 72 0.896807
44 73 0.977313
44 74 0.963545
44 75 0.553606
44 77 0.619166
44 80 0.620128
44 81 0.420187
44 82 0.671516
44 83 0.538317
44 84 1.02575
44 85 0.626609
44 86 0.956753
44 89 1.02635
44 90 0.757663
44 91 0.833301
44 93 0.659695
44 94 0.83152
44 95 0.984624
44 96 0.55521
44 99 0.438581
45 0 0.569726
45 1 1.00923
45 2 0.924439
45 3 0.917246
45 4 0.821802
45 6 0.915651
45 7 0.556423
45 8 0.94975
45 9 0.741696
45 10 0.859205
45 11 0.865908
45 12 0.453772
45 13 0.937628
45 15 0.666328
45 16 1.02265
45 17 0.537145
45 18 0.723049
45 19 0.975655
45 20 0.703668
45 24 0.608725
45 27 0.907372
45 28 1.03136
45 29 0.538496
45 30 0.949629
45 31 0.965479
45 32 0.533391
45 33 0.594197
45 35 0.979016
45 36 0.647011
45 38 0.682351
45 43 0.471132
45 45 0.669279
45 46 0.801463
45 47 0.829204
45 54 0.922093
45 55 0.595452
45 58 0.754807
45 60 0.570884
45 61 0.805438
45 62 0.685242
45 63 0.857785
45 66 0.965201
45 68 0.867204
45 69 0.976393
45 71 0.965431
45 73 0.99497
45 74 0.458891
45 75 0.681485
45 76 0.597744
45 77 0.615921
45 82 1.08146
45 83 0.553062
45 84 0.596618
45 85 0.91641
45 86 0.919115
45 87 0.666073
45 88 0.440445
45 89 0.992597
45 90 0.74395
45 91 0.828689
45 92 0.566772
45 93 0.920613
45 94 0.523657
45 95 0.958608
45 96 0.607739
45 97 0.788714
45 98 0.853198
45 99 0.93841
46 1 0.549125
46 3 0.492049
46 4 0.832803
46 5 0.940073
46 6 0.881399
46 10 0.646071
46 11 0.538662
46 12 0.691403
46 14 0.680176
46 15 0.725207
46 16 1.0418
46 21 1.07333
46 23 0.588366
46 25 0.937304
46 26 0.901196
46 28 0.97524
46 29 0.964824
46 30 0.602698
46 33 0.847938
46 36 0.804706
46 37 0.81692
46 38 0.740322
46 40 1.01223
46 41 0.664516
46 42 1.01426
46 43 0.604362
46 45 0.650875
46 48 0.983613
46 50 0.475341
46 51 0.490338
46 54 0.770785
46 56 0.998231
46 57 0.701065
46 58 0.567157
46 64 0.884336
46 70 0.875413
46 72 0.790461
46 73 1.00524
46 74 0.776366
46 76 0.494632
46 77 0.696394
46 78 0.719722
46 84 1.00075
46 94 0.600041
46 97 0.665733
46 99 0.958535
47 0 0.889254
47 1 0.723078
47 3 0.95683
47 4 1.14506
47 5 0.889516
47 6 0.843718
47 7 0.605715
47 9 0.759055
47 12 0.430103
47 13 0.594172
47 14 0.940687
47 15 0.894513
47 16 1.0443
47 18 0.872686
47 19 1.00507
47 21 0.628231
47 24 0.829158
47 25 0.896789
47 26 0.640966
47 27 0.825953
47 28 0.61378
47 29 0.912379
47 30 0.854251
47 32 0.702786
47 33 0.582817
47 34 0.765927
47 35 0.939515
47 36 0.821916
47 38 0.558863
47 40 0.593994
47 41 0.710607
47 42 0.853715
47 48 0.587165
47 50 0.57399
47 51 0.895711
47 52 0.687319
47 56 0.945813
47 59 0.643757
47 60 0.552938
47 61 0.695901
47 63 0.794832
47 64 0.607974
47 65 0.791981
47 66 0.601273
47 68 0.852316
47 69 0.931392
47 71 0.947735
47 73 1.02578
47 74 0.78449
47 75 0.916001
47 77 0.486796
47 78 0.691298
47 79 0.96704
47 80 1.01774
47 84 0.525673
47 86 0.77191
47 87 0.72647
47 88 1.05112
47 89 0.655064
47 91 0.796345
47 92 0.968974
47 93 0.902898
47 99 0.968315
48 3 0.885715
48 5 0.732158
48 7 0.832812
48 9 0.441086
48 11 0.802606
48 13 0.573313
48 14 0.508355
48 16 1.05533
48 18 0.647469
48 19 1.01401
48 20 0.808882
48 21 0.961369
48 23 0.90422
48 24 0.81831
48 25 0.713926
48 26 0.618598
48 27 0.809895
48 28 0.907306
48 29 0.704618
48 30 0.786167
48 31 0.852675
48 33 0.794697
48 34 0.760078
48 35 0.935235
48 39 0.553072
48 40 0.952774
48 41 0.889561
48 42 0.523348
48 44 0.615782
48 47 0.858657
48 48 0.513481
48 49 0.738874
48 56 0.883333
48 57 0.848687
48 59 0.863196
48 61 0.722164
48 62 0.803788
48 63 0.600467
48 65 0.65242
48 69 0.446334
48 70 0.856101
48 72 0.457585
48 73 1.04612
48 76 0.584258
48 77 1.01993
48 78 0.56333
48 79 0.546603
48 80 0.487486
48 81 0.965245
48 82 0.692339
48 83 0.561287
48 86 0.865395
48 87 0.72776
48 89 0.775143
48 90 0.742507
48 91 0.766154
48 94 0.58784
48 95 0.514252
48 96 0.801615
48 97 0.660227
48 99 0.517793
49 0 0.640285
49 2 0.911945
49 4 0.5632
49 8 0.837636
49 10 0.824732
49 11 0.798322
49 12 0.844725
49 14 0.8082
49 16 1.06394
49 19 0.567028
49 20 0.734937
49 26 0.884816
49 29 0.679714
49 30 0.629895
49 31 0.826563
49 33 0.729239
49 37 0.782434
49 39 0.757602
49 40 0.901137
49 43 0.58852
49 45 0.803661
49 50 0.725376
49 52 0.748453
49 53 0.837005
49 54 0.479498
49 55 0.586236
49 60 0.802301
49 61 0.890998
49 64 0.772207
49 71 0.570846
49 72 0.638337
49 73 0.868077
49 74 0.787616
49 75 0.617688
49 77 0.855464
49 79 0.953141
49 80 0.658998
49 82 0.976794
49 83 0.869958
49 85 0.904502
49 88 0.488819
49 90 0.747106
49 92 0.905882
49 93 0.645906
49 95 0.874113
49 96 0.581618
49 97 0.645462
49 99 0.865764
50 1 0.80123
50 6 0.567311
50 10 0.71871
50 11 0.674127
50 12 0.731107
50 16 1.01995
50 18 0.839448
50 19 0.760632
50 22 0.753221
50 23 0.756993
50 24 0.775842
50 26 0.595522
50 28 0.879146
50 29 0.810447
50 30 0.928471
50 32 0.92121
50 33 0.721186
50 35 0.789788
50 37 0.729944
50 43 0.881645
50 45 0.570441
50 48 0.911971
50 50 0.621473
50 51 0.771495
50 53 0.865987
50 54 0.756986
50 55 0.881883
50 60 0.521689
50 65 0.770449
50 67 0.696032
50 69 0.763015
50 71 0.750661
50 72 0.451404
50 76 1.05447
50 81 0.523452
50 82 0.646635
50 83 0.897908
50 84 0.951275
50 85 0.881272
50 86 0.753016
50 88 0.990843
50 91 0.61502
50 92 0.784093
50 93 0.74013
50 95 0.81176
50 98 0.870775
50 99 0.854468
51 0 0.812413
51 1 0.861471
51 2 0.902252
51 3 0.756126
51 5 0.775005
51 6 0.799625
51 7 0.745917
51 8 0.743259
51 10 0.76778
51 11 0.793188
51 13 0.813512
51 16 1.00904
51 17 0.795537
51 20 0.722072
51 21 0.890519
51 22 0.737502
51 24 0.757088
51 27 0.650561
51 28 0.851945
51 29 0.731852
51 36 0.845773
51 38 0.72744
51 39 0.962498
51 41 0.571944
51 42 0.847794
51 48 0.81793
51 49 0.699784
51 51 0.610324
51 52 0.754537
51 53 0.822436
51 54 0.881155
51 56 0.586074
51 58 0.740301
51 60 0.778879
51 63 0.842415
51 69 0.866768
51 71 0.880508
51 73 0.822057
51 74 0.861416
51 78 0.849799
51 80 0.662893
51 82 0.770374
51 87 0.756676
51 88 0.939289
51 89 0.842861
51 90 0.625076
51 93 0.863878
51 98 0.765576
52 3 0.695487
52 9 0.796879
52 13 0.779719
52 14 0.700561
52 17 0.669385
52 19 1.0321
52 22 0.778943
52 24 0.73212
52 25 0.621313
52 27 0.839961
52 42 0.865002
52 43 0.840633
52 46 0.847834
52 47 0.895123
52 48 0.769253
52 49 0.856344
52 50 0.575069
52 52 0.865439
52 53 0.731625
52 58 0.812608
52 62 0.699888
52 63 0.862708
52 69 0.567035
52 70 0.627639
52 72 0.721476
52 76 0.582364
52 78 0.744373
52 79 0.934007
52 81 0.881699
52 88 0.878108
52 89 0.967806
52 91 0.742782
52 92 0.744708
52 94 0.931077
52 95 0.773878
52 96 0.836275
53 0 0.89543
53 2 0.607605
53 7 0.732988
53 13 0.662417
53 17 0.781226
53 18 0.912807
53 19 0.450397
53 20 0.773967
53 21 0.467829
53 22 0.819183
53 24 0.600179
53 26 0.854169
53 30 0.619441
53 31 0.794893
53 32 0.746032
53 34 0.832918
53 37 0.784905
53 42 0.970889
53 44 0.713424
53 46 0.550462
53 49 0.864986
53 54 0.878398
53 55 0.855944
53 58 0.841557
53 63 0.808766
53 65 0.831052
53 74 0.8941
53 75 0.847063
53 76 0.579322
53 78 0.818903
53 79 0.798522
53 82 0.89048
53 91 0.530552
53 96 0.846091
54 0 0.72692
54 2 0.773687
54 3 0.836312
54 5 0.706115
54 9 0.582997
54 14 0.822797
54 15 0.917663
54 16 0.981066
54 19 0.959533
54 20 0.779764
54 21 0.92858
54 22 0.877227
54 23 0.884765
54 25 0.830482
54 26 0.603387
54 27 0.863629
54 31 0.730506
54 41 0.946882
54 42 0.976307
54 43 0.802001
54 46 0.699929
54 49 0.505836
54 53 0.651073
54 67 0.841918
54 68 0.747181
54 70 0.908817
54 72 0.697402
54 73 0.76096
54 76 1.0178
54 77 0.622686
54 78 0.836006
54 80 0.902303
54 83 0.837004
54 87 0.554459
54 91 0.717633
54 93 0.81439
54 95 0.762179
54 99 0.823979
55 1 0.882213
55 3 0.722212
55 9 0.679594
55 11 0.755232
55 16 0.906185
55 20 0.79139
55 24 0.73029
55 27 0.895282
55 35 0.91244
55 44 0.874522
55 47 0.918224
55 53 0.787721
55 54 0.731134
55 58 0.855115
55 61 0.928804
55 63 0.899445
55 77 1.03649
55 84 0.945287
55 91 0.70066
55 95 0.629557
55 97 0.840559
56 14 0.790067
56 19 0.915399
56 20 0.800723
56 21 0.984318
56 22 0.888293
56 28 0.847129
56 37 0.679083
56 40 0.878387
56 43 0.790242
56 44 0.880105
56 55 0.557524
56 58 0.890036
56 60 0.733751
56 85 0.805262
56 88 0.864036
56 90 0.804457
56 96 0.848529
56 98 0.832789
57 5 0.832277
57 11 0.743538
57 12 0.894208
57 13 0.918008
57 14 0.844219
57 22 0.892703
57 25 0.839067
57 31 0.882474
57 39 0.755333
57 50 0.781472
57 51 0.791638
57 53 0.79158
57 54 0.841286
57 55 0.778059
57 68 0.770692
57 74 0.908024
57 75 0.71726
57 76 1.00118
57 84 0.869225
57 86 0.90784
57 98 0.845941
58 2 0.791433
58 8 0.797181
58 16 0.882787
58 22 0.894998
58 29 0.889528
58 35 0.895198
58 40 0.775351
58 65 0.843195
58 71 0.837841
58 80 0.819953
58 99 0.817284
59 1 1.0034
59 13 0.7322
59 14 0.795231
59 19 0.775088
59 26 0.83414
59 37 0.800557
59 38 0.840438
59 40 0.8023
59 43 0.784421
59 45 0.750399
59 48 0.579365
59 53 0.807421
59 56 0.89989
59 62 0.817976
59 68 0.778557
59 69 0.802842
59 77 1.09048
59 82 0.98358
59 90 0.680151
59 99 0.785162
60 8 0.806925
60 14 0.80876
60 19 0.564277
60 34 0.876872
60 39 0.85447
60 57 0.873286
60 66 0.877881
60 67 0.802598
60 76 0.846014
60 80 0.650614
60 85 0.769087
60 88 0.838434
61 2 0.833339
61 6 0.733128
61 8 0.81232
61 26 0.76339
61 29 0.830659
61 32 0.813366
61 34 0.9565
61 42 0.994622
61 57 0.908393
61 59 0.738245
61 73 0.888599
61 87 0.801236
61 91 0.663107
62 4 0.969522
62 14 0.983934
62 54 0.81466
62 65 0.862047
62 66 0.793799
62 73 0.72924
62 74 0.943807
62 81 0.78295
62 84 0.78906
63 8 0.922015
63 17 0.894338
63 18 0.928527
63 40 0.827201
63 64 0.834839
64 4 0.99423
64 17 0.924365
64 24 0.716952
64 66 0.750997
64 69 0.795587
65 0 0.74445
65 3 0.940538
65 15 0.918539
65 35 0.852871
65 44 0.902151
65 54 0.807657
65 80 1.01561
65 94 0.944957
65 97 0.928918
65 98 0.726485
66 2 0.875573
66 5 0.711247
66 29 0.872561
66 50 0.843712
66 66 0.647762
66 67 0.650252
66 70 0.916668
66 79 0.915504
66 91 0.64516
67 11 0.719109
67 36 0.865227
67 54 0.799016
67 55 0.746444
67 66 0.92979
67 87 0.837309
67 92 0.882405
68 64 0.907897
68 68 0.871034
68 79 0.958611
68 83 0.782575
68 86 0.937504
69 4 1.02592
70 98 0.750915
71 7 0.86802
71 30 0.911631
71 35 0.835688
72 21 0.642763
72 23 0.838526
72 32 0.854527
72 82 1.064
73 7 0.912055
74 4 1.04261
74 16 0.882666
75 35 0.823193
75 43 0.765353
75 56 0.914043
75 78 0.895578
76 25 0.871674
76 38 0.889614
77 64 0.722684
79 16 0.837605
79 53 0.83778
83 31 0.817916
