0 18 0
0 8 0
0 11 0
0 19 0
0 12 0
0 14 10.9058
0 19 10.1114
0 10 0
0 19 10.44
0 6 0
0 5 10.4022
0 8 10.3821
1 8 10.7804
1 13 0
1 14 10.2486
1 11 10.5502
1 11 10.6602
1 0 11.64
1 5 0
1 0 0
1 14 10.7357
1 3 0
1 3 0
1 11 11.2215
1 3 10.5404
1 12 10.8455
1 4 10.5835
2 11 0
2 5 0
2 3 10.2185
2 18 10.0027
2 2 0
2 17 10.4314
2 9 10.0395
2 2 0
2 16 0
2 13 10.0451
2 13 0
2 13 10.087
2 6 0
2 5 10.4078
2 15 0
3 19 10.0395
3 12 10.1579
3 16 10.1481
3 3 10.5325
3 17 10.1421
3 7 10.7205
3 4 0
3 7 10.405
3 10 0
3 5 0
3 0 10.241
3 13 0
3 0 10.0169
3 4 10.7603
4 7 10.0681
4 9 10.5319
4 15 0
4 3 10.2638
4 0 0
4 17 10.6613
4 3 10.0627
4 5 10.1031
4 11 10.1581
4 9 10.3702
4 19 0
4 6 10.2956
4 13 0
4 8 10.6488
5 12 10.9255
5 0 10.309
5 10 10.2628
5 16 10.017
5 1 0
5 6 0
5 10 11.1025
5 6 0
5 17 0
5 11 10.7809
5 9 11.1001
5 2 11.2587
5 1 10.7
5 13 10.9785
6 9 10.8164
6 5 11.1886
6 11 0
6 3 10.711
6 6 0
6 19 11.2314
6 19 10.4058
6 5 10.6824
6 11 10.5607
6 8 10.5678
6 15 10.7292
6 7 11.0427
6 10 0
6 17 0
6 14 10.2435
7 15 10.619
7 7 10.6504
7 17 0
7 16 11.0166
7 4 10.5187
7 18 0
7 10 10.88
7 3 10.8336
7 1 0
7 1 0
7 6 10.8428
7 4 0
7 12 10.3349
7 0 0
8 6 10.6176
8 15 11.1158
8 19 10.6602
8 18 0
8 16 0
8 15 0
8 16 10.3179
8 15 10.4782
8 0 0
8 11 0
8 1 0
8 17 10.4337
8 16 0
8 7 0
9 18 10.5338
9 11 10.6365
9 6 10.4085
9 5 10.7864
9 10 10.2449
9 17 11.4559
9 8 10.7404
9 1 0
9 6 10.6763
9 9 10.7493
9 6 10.5023
9 11 10.8267
9 16 0
9 4 0
9 5 0
