0 4.91318 52.36368 12831 1.0
1 4.86856 52.359806 16410 1.0
2 4.876783 52.36081 61692 1.0
3 4.878496 52.372738 15571 1.0
4 4.794924 52.36123 33748 0.0
5 4.879475 52.366653 15459 1.0
6 4.887052 52.390545 22194 1.0
7 4.912583 52.35938 39020 0.145
8 4.893507 52.37041 13776 0.0
9 4.914061 52.36114 53397 1.0
10 4.894936 52.38422 94956 1.0
11 4.798916 52.418095 35643 1.0
12 4.870631 52.36351 16511 1.0
13 4.890709 52.41298 20518 1.0
14 4.912659 52.378048 8544 1.0
15 4.85389 52.354343 618 0.0
16 4.975461 52.360893 267 1.0
17 4.913453 52.378014 46727 1.0
18 4.869092 52.366814 105083 0.0
19 4.867352 52.363567 96109 1.0
20 4.896008 52.367046 48260 0.187
21 4.890067 52.362934 115448 1.0
22 4.931711 52.37751 4766 1.0
23 4.919853 52.381935 85550 1.0
24 4.873124 52.351204 17805 0.0
25 4.890102 52.37102 129913 1.0
26 4.884409 52.364826 15407 1.0
27 4.906056 52.37617 13191 1.0
28 4.928861 52.38327 46873 1.0
29 4.877093 52.395584 62123 1.0
30 4.927324 52.375828 101169 1.0
31 4.879106 52.370434 110408 1.0
32 4.923053 52.394367 129322 0.0
33 4.937181 52.374454 46715 1.0
34 4.89135 52.41322 57288 0.0
35 4.894802 52.366535 40590 0.0
36 4.893301 52.366543 124475 1.0
37 4.898827 52.353252 14270 1.0
38 4.903504 52.36277 12709 0.0
39 4.884648 52.383537 22536 1.0
40 4.894097 52.35312 68080 0.0
41 4.888294 52.341736 42672 1.0
42 4.911032 52.362274 12717 1.0
43 4.881622 52.364902 42780 1.0
44 4.893888 52.371174 46928 1.0
45 4.901093 52.366966 128310 1.0
46 4.880844 52.36451 126036 1.0
47 4.873327 52.386227 53169 1.0
48 4.807428 52.359303 76538 1.0
49 4.874308 52.341717 17472 1.0
50 4.936091 52.36483 7792 1.0
51 4.896941 52.400246 52005 1.0
52 4.883835 52.384087 22443 1.0
53 4.870695 52.3822 71954 1.0
54 4.880386 52.36402 111755 1.0
55 4.855459 52.35449 71833 0.0
56 4.881622 52.364902 42780 1.0
57 4.883872 52.363243 52000 1.0
58 4.9267 52.361927 9156 1.0
