0 4.853523 52.36424 27393 0.0
1 4.89868 52.36288 14538 1.0
2 4.896958 52.34287 12203 1.0
3 4.926507 52.36814 49700 1.0
4 4.875579 52.36281 106947 1.0
5 4.906079 52.36767 110936 1.0
6 4.785801 52.34997 124059 1.0
7 4.894149 52.37243 13666 1.0
8 4.812624 52.35589 30205 1.0
9 4.797951 52.36183 81225 1.0
10 4.914047 52.357113 12651 1.0
11 4.925211 52.36223 117350 1.0
12 4.836856 52.36355 113213 0.832
13 4.882195 52.352066 14635 1.0
14 4.936015 52.37433 100885 1.0
15 4.882052 52.37862 76503 1.0
16 4.876851 52.332024 62905 0.276
17 4.906245 52.343575 11680 1.0
18 4.924791 52.39109 57914 1.0
19 4.915005 52.408867 96750 1.0
20 4.839253 52.371655 78018 1.0
21 4.856 52.38406 23098 1.0
22 4.846973 52.37633 107504 1.0
23 4.845881 52.377728 67241 0.0
24 4.822133 52.379517 47017 1.0
25 4.825301 52.34783 77015 1.0
26 4.936039 52.398674 4990 1.0
27 4.936285 52.361336 112467 1.0
28 4.919383 52.35369 36502 1.0
29 4.857334 52.35175 90055 1.0
30 4.891603 52.36151 14513 1.0
31 4.891057 52.353462 111254 1.0
32 4.851667 52.351006 62343 0.973
33 4.91682 52.3571 8912 1.0
34 4.925542 52.359882 50826 1.0
35 4.91047 52.347794 11484 0.0
36 4.800887 52.37927 34928 1.0
37 4.875339 52.332085 16657 0.551
38 4.91244 52.38973 18430 1.0
39 4.916383 52.37078 38943 1.0
40 4.803939 52.35931 100748 1.0
41 4.821822 52.35607 76809 1.0
42 4.826976 52.35719 47834 1.0
43 4.820482 52.37961 53470 1.0
44 4.865459 52.346165 17681 1.0
45 4.840693 52.34878 79044 1.0
46 4.809815 52.345688 32073 1.0
47 4.875624 52.325634 10955 1.0
48 4.889604 52.376915 15542 0.0
49 4.991116 52.35763 73039 1.0
50 4.990546 52.357933 73042 1.0
