0 4.83364 52.383 107365 1 
1 4.8619 52.3673 27793 1 
2 4.81813 52.3375 56265 1 
3 4.8674 52.3769 121742 1 
4 4.8505 52.3943 23631 1 
5 4.86519 52.3936 78378 1 
6 4.8353 52.364 68603 0 
7 4.8505 52.3943 23631 1 
8 4.81813 52.3375 56265 1 
9 4.88547 52.3497 126682 1 
10 4.88964 52.3282 126626 1 
11 4.76964 52.3544 77665 0 
12 4.95111 52.4209 3723 1 
13 4.86821 52.3361 54754 1 
14 4.81023 52.3553 59976 1 
15 4.92538 52.3475 69566 1 
16 4.8283 52.3802 55190 1 
17 4.87434 52.4156 55432 1 
18 4.92431 52.3669 61096 1 
19 4.85541 52.349 128915 1 
20 4.85705 52.3426 115744 1 
21 4.92577 52.3474 10424 1 
22 4.9122 52.3324 11382 1 
23 4.93019 52.3535 9946 1 
24 4.92664 52.3474 10435 1 
25 4.78276 52.3677 34583 1 
26 4.87064 52.3827 43713 1 
27 4.89465 52.3494 62621 1 
28 4.86453 52.3839 22449 1 
29 4.86016 52.3836 39506 1 
30 4.92482 52.387 38321 1 
31 4.8007 52.3965 50335 1 
32 4.82446 52.356 49995 1 
33 4.784 52.367 34581 1 
34 4.80106 52.3905 35411 0.56 
35 4.85352 52.3642 27393 0 
36 4.89696 52.3429 12203 1 
37 4.92651 52.3681 49700 1 
38 4.87558 52.3628 106947 1 
39 4.90608 52.3677 110936 1 
40 4.81262 52.3559 30205 1 
41 4.83686 52.3635 113213 0.832 
42 4.8822 52.3521 14635 1 
43 4.88205 52.3786 76503 1 
44 4.915 52.4089 96750 1 
45 4.83925 52.3717 78018 1 
46 4.856 52.3841 23098 1 
47 4.8253 52.3478 77015 1 
48 4.93628 52.3613 112467 1 
49 4.91938 52.3537 36502 1 
50 4.85733 52.3518 90055 1 
