0 4.83364 52.383 107365 1
1 4.8619 52.3673 27793 1
2 4.96447 52.389 93416 1
3 4.91241 52.4164 114664 1
4 4.81813 52.3375 56265 1
5 4.8674 52.3769 121742 1
6 4.8505 52.3943 23631 1
7 4.86519 52.3936 78378 1
8 4.8353 52.364 68603 0
9 4.8505 52.3943 23631 1
10 4.94012 52.399 114934 1
11 4.81813 52.3375 56265 1
12 4.88547 52.3497 126682 1
13 4.88964 52.3282 126626 1
14 4.76964 52.3544 77665 0
15 4.95111 52.4209 3723 1
16 4.86821 52.3361 54754 1
17 4.81023 52.3553 59976 1
18 4.82726 52.3739 77938 1
19 4.88964 52.3283 126625 1
20 4.92538 52.3475 69566 1
21 4.8283 52.3802 55190 1
22 4.87434 52.4156 55432 1
23 4.87434 52.4156 55432 1
24 4.90716 52.4019 18940 1
25 4.9707 52.3688 118202 1
26 4.92431 52.3669 61096 1
27 4.85541 52.349 128915 1
28 4.85705 52.3426 115744 1
29 4.92577 52.3474 10424 1
30 4.9122 52.3324 11382 1
31 4.93019 52.3535 9946 1
32 4.92664 52.3474 10435 1
33 4.87697 52.3699 103109 1
34 4.78276 52.3677 34583 1
35 4.87064 52.3827 43713 1
36 4.84199 52.344 79192 0
37 4.89465 52.3494 62621 1
38 4.86453 52.3839 22449 1
39 4.86016 52.3836 39506 1
40 4.92482 52.387 38321 1
41 4.8007 52.3965 50335 1
42 4.82446 52.356 49995 1
43 4.7943 52.3419 76316 1
44 4.86846 52.3359 99896 1
45 4.784 52.367 34581 1
46 4.80106 52.3905 35411 0.56
47 4.93898 52.3504 9767 1
48 4.89731 52.3404 45111 1
49 4.85352 52.3642 27393 0
50 4.89868 52.3629 14538 1
51 4.89696 52.3429 12203 1
52 4.92651 52.3681 49700 1
53 4.87558 52.3628 106947 1
54 4.90608 52.3677 110936 1
55 4.7858 52.35 124059 1
56 4.89415 52.3724 13666 1
57 4.81262 52.3559 30205 1
58 4.79795 52.3618 81225 1
59 4.91405 52.3571 12651 1
60 4.92521 52.3622 117350 1
61 4.83686 52.3635 113213 0.832
62 4.8822 52.3521 14635 1
63 4.93602 52.3743 100885 1
64 4.88205 52.3786 76503 1
65 4.87685 52.332 62905 0.276
66 4.90625 52.3436 11680 1
67 4.92479 52.3911 57914 1
68 4.915 52.4089 96750 1
69 4.83925 52.3717 78018 1
70 4.856 52.3841 23098 1
71 4.84697 52.3763 107504 1
72 4.84588 52.3777 67241 0
73 4.82213 52.3795 47017 1
74 4.8253 52.3478 77015 1
75 4.93604 52.3987 4990 1
76 4.93628 52.3613 112467 1
77 4.91938 52.3537 36502 1
78 4.85733 52.3518 90055 1
79 4.8916 52.3615 14513 1
80 4.89106 52.3535 111254 1
81 4.85167 52.351 62343 0.973
82 4.91682 52.3571 8912 1
83 4.92554 52.3599 50826 1
84 4.91047 52.3478 11484 0
85 4.80089 52.3793 34928 1
86 4.87534 52.3321 16657 0.551
87 4.91244 52.3897 18430 1
88 4.91638 52.3708 38943 1
89 4.80394 52.3593 100748 1
90 4.82182 52.3561 76809 1
91 4.82698 52.3572 47834 1
92 4.82048 52.3796 53470 1
93 4.86546 52.3462 17681 1
94 4.84069 52.3488 79044 1
95 4.80982 52.3457 32073 1
96 4.87562 52.3256 10955 1
97 4.8896 52.3769 15542 0
98 4.99112 52.3576 73039 1
99 4.99055 52.3579 73042 1
