1.0 8934.304758928933 4034.491084430898 2546.1335137688297 4785.996356043978 8410.85576452698 5728.540157205344 3393.8743959869316 7839.411493179069 8902.879682937244 8488.409397823201 5018.637938440255 2677.8450167211677 6428.051685290109 2715.44864612912 7203.849654033771 6260.588444662134 2731.9409232011076 7150.567823175957 6031.507075657398 3480.6684007895724 8330.948648440499 11724.795201920935 5888.360826222019 13574.333875268312 
8932.304758928934 1.0 4978.494254265985 7111.871039298345 4335.234147270291 7489.840342058837 3736.0353886007933 6929.045052267817 8638.138250629952 7083.581401265913 7536.66537676954 7810.297001860283 7228.601395496064 6370.7636190559 6453.274661967275 5043.040775696004 7144.29870825837 6931.109801264171 2066.441285508718 3054.4178187779617 6016.410690297435 6268.570787549646 7552.258038986408 8836.92123748655 10227.493547857952 
4074.9514389059277 4938.033899790956 41.460354475029696 2383.287203742721 1528.3543100989707 7591.193227138725 2389.9689082704076 3629.7820976227263 7674.695291864832 7729.538954144189 7644.895128725571 5085.341556673942 2674.5859518841626 5280.043738577743 1623.745906997947 4851.668136187629 5877.666943483246 2202.525965708551 3118.7788152851435 1999.7180677665797 2395.518052420127 6475.333511241128 8845.17244958773 6314.4421802289835 11892.54770902015 
2546.133513768828 7113.871039298339 2342.8268492676925 1.0 2955.6596879196636 8799.522184203559 3736.4838502856637 4610.586318547328 8721.784349707874 9289.890522878224 8875.420237764183 3007.9249528509768 3384.3084405447744 6518.25021757805 1095.2375417134378 6624.776685419347 6924.756001326287 193.66808282465573 5356.747881048073 4237.6871335295145 3282.0560517555286 8134.409533140088 10962.582833765582 7361.531238072021 13594.985590025137 
4785.996356043981 4335.234147270294 1487.8939556239409 2955.6596879196622 1.0 8723.906616036804 1003.8646190288295 5025.840139938804 9070.753334180905 8449.777304384428 8777.608517623652 3946.9557792284513 4144.65751775642 6543.303562416 2298.57804621866 5907.162807265977 7273.724985799323 2774.898449885493 2900.3473109966485 1781.2865634780846 3824.5822924657136 7571.04507362322 9448.60730316941 7710.500222545057 12522.059326292125 
8412.68575838829 7493.670335920151 7635.483575475077 8803.352178064877 8725.73660989813 2.8299938613180458 9047.022347492584 5090.407695392089 2955.7083506590807 1236.8080262556691 1071.9273666286765 11753.78120859768 6765.792536585406 2469.761047427759 7724.332339565108 3021.9901653547267 2188.4376144379476 8639.787299524543 7406.227162322982 7809.722702535309 5553.601831386778 1768.2191576073901 6850.9495393597745 5220.267392372625 5698.215152093407 
5726.5401572053515 3736.0353886007933 2347.5085537953787 3736.483850285664 1005.8646190288295 9043.192353631264 1.0 5434.823302216408 9418.911895698611 8700.655029883284 9090.01738834197 4321.679555231067 5004.272115927855 6866.2654817266 3239.1218473800277 6192.558209256179 7608.288082236024 3715.4422510468607 2352.2808814891973 1236.2996449572784 4441.030049587623 7821.92279912208 9699.485028668269 8119.483384822659 12701.706943173233 
3391.874395986931 6931.04505226782 3672.2424520977543 4612.586318547326 5025.840139938804 5088.577701530773 5436.823302216404 1.0 4727.62200031989 5580.601619941042 5166.131334826993 7539.762189096844 1776.995853950828 3060.1971515472133 3675.517914378928 4292.294214359663 3148.7989518029526 4456.3257651012445 5007.91571028102 4199.523657259126 1329.5302667918008 4962.288385902612 8813.23976224682 3081.1319304294298 10252.055812272123 
7839.411493179067 8640.13825062995 7717.155646339859 8723.784349707872 9070.753334180903 2953.8783567977625 9420.911895698613 4729.62200031989 1.0 3414.434048755087 3041.9102122239856 11650.96022025738 6224.532951142962 2626.2210706270585 7736.008098576433 3596.0974749339525 1911.0036295674363 8567.523796261785 7882.971466142927 8183.612250741339 5442.002671840271 3451.8661784301776 8306.738541888757 4452.990174639573 8017.357008114848 
8902.87968293724 7083.581401265905 7769.999308619218 9291.89052287823 8449.77730438443 1234.978032394351 8700.655029883294 5580.601619941039 3414.4340487550844 1.0 1404.7439142646328 12197.7877778781 7255.986461134356 2953.3172723981074 8212.870684378462 3065.28142784567 2688.0989630877893 9128.325644337896 7059.859844713687 7463.355384926014 6043.795755935728 1361.8269493797873 5921.77463651313 5717.696135674086 4670.454192331079 
8486.409397823192 7536.665376769535 7685.355483200605 8875.420237764185 8775.608517623656 1068.0973727673584 9090.017388341967 5164.131334826992 3039.9102122239874 1402.7439142646326 1.0 11825.849268296985 6839.516176020309 2536.846987284061 7796.400399264416 3071.8620730802554 2271.628677973742 8711.855359223851 7449.222203172366 7852.717743384693 5627.325470821681 1883.1072549700425 6893.9445802091595 5301.22585056004 6074.19810659571 
5020.637938440252 7810.297001860285 5044.881202198912 3007.924952850978 3946.9557792284513 11751.951214736358 4319.679555231066 7539.762189096848 11650.960220257391 12199.787777878102 11827.849268296983 1.0 6187.193530053896 9437.06834624545 4075.7235809310755 9428.75481099856 9853.931871875819 3162.3943817901254 6524.745720056873 5556.979200188345 6211.231922305047 10938.38765871929 13359.570224310299 10084.127314918791 16398.963715604346 
2698.0984372751172 7208.347974942117 2694.792885805244 3364.0550199908234 4122.404097202474 6741.709122170143 4984.018695373909 1799.249274504777 6244.7863716969105 7233.73304058041 6819.26275546636 6164.940109499948 21.253420553949102 4523.289874082346 2463.7135753655202 4952.576559414645 4665.963323179975 3207.7944665447394 5285.218632955315 4269.004776310705 1232.8543524069387 6221.6774035458675 9473.522107301802 4360.61687237786 11788.719529230579 
6428.051685290109 6372.763619055903 5322.50409305277 6520.250217578049 6543.303562415998 2465.9310535664426 6868.265481726596 3060.1971515472137 2624.2210706270585 2951.3172723981097 2536.846987284062 9437.06834624545 4545.543294636291 1.0 5441.230379078279 1840.110619799849 783.9604865988683 6356.685339037717 5456.008540228581 5630.965836769317 3333.352589437663 2186.903977307958 6550.751686754648 3739.3159676272157 7622.771464729188 
2715.4486461291203 6453.274661967273 1581.285552522917 1097.2375417134376 2296.5780462186613 7720.50234570379 3239.1218473800277 3673.5179143789287 7734.00809857643 8210.87068437846 7796.400399264412 4075.7235809310773 2483.9669959194707 5439.230379078278 1.0 5614.6090736903625 5936.979750194843 933.6726631731044 4692.55457173018 3573.4938242116204 2344.9876475871283 7059.373590997491 9990.441429049391 6373.754986940581 12519.949647882542 
7201.849654033774 5043.040775696003 4892.12849066266 6622.7766854193505 5905.162807265977 3020.1601714934095 6192.558209256174 4290.294214359661 3596.097474933951 3065.2814278456694 3073.8620730802536 9426.754810998566 4972.829979968594 1840.1106197998492 5614.609073690371 1.0 2609.1587771777977 6434.841462101515 4551.763024086573 4955.258564298896 3760.6392747699656 1830.1620663080098 4709.641066954801 5397.444667060655 7233.536711802764 
6260.588444662133 7146.298708258379 5920.1272979582745 6926.756001326285 7273.724985799323 2184.607620576629 7610.288082236024 3150.798951802955 1911.003629567437 2686.0989630877893 2271.6286779737416 9853.9318718758 4645.709902626027 785.9604865988683 5938.979750194848 2609.1587771777968 1.0 6770.4954478802 6229.543629431052 6372.988437278746 3644.9743234586836 2681.5846441799313 7319.799844132597 3043.655830602314 7357.553155418866 
2733.9409232011067 6931.109801264169 2160.065611233522 193.66808282465573 2772.898449885493 8635.957305663225 3715.442251046859 4454.325765101242 8565.523796261785 9126.325644337892 8711.855359223851 3160.3943817901254 3228.04788709869 6354.685339037715 931.6726631731046 6434.8414621015145 6768.495447880201 1.0 5173.986643013903 4054.925895495343 3125.795498309443 7944.474309822255 10772.647610447748 7205.270684625935 13405.050366707306 
7150.567823175969 2066.4412855087185 3161.2391697601743 5356.747881048078 2902.3473109966476 7402.397168461668 2354.280881489197 5007.915710281019 7880.971466142923 7059.85984471369 7449.22220317237 6526.745720056872 5307.4720535092665 5454.0085402285795 4694.554571730184 4551.763024086574 6227.54362943105 5175.9866430139045 1.0 1128.831282093501 4095.281348310639 6181.127613952478 7673.9414068908445 7469.479681845297 10437.890084773782 
6030.744296244694 3045.485561286936 2041.4156428288986 4236.9243541168025 1782.5237840653742 7814.943194930099 1237.5368655445677 4206.9433778402345 8191.024416997837 7472.40587118212 7861.768229640801 5558.216420775631 4301.333214913343 5638.378003025816 3574.731044798909 4964.309050555005 6380.4006035352395 4056.1631160826305 1118.8235269312736 11.07501804869132 3213.150125211451 6593.673640420908 8471.235869967097 6891.603460446488 11544.687893089811 
3480.6414007895746 6016.437690297438 2437.9514068951576 3284.029051755527 3824.5552924657122 5549.798837525464 4441.057049587622 1327.557266791801 5440.029671840271 6041.822755935733 5627.352470821684 6211.204922305047 1255.080772960887 3331.379589437664 2346.9606475871283 3760.6662747699643 3643.0013234586863 3127.7684983094427 4093.308348310641 3203.7574046303425 0.973 5029.767118901189 8281.61182265712 4079.7765602044246 10596.809244585906 
8328.948648440495 6268.5707875496455 6515.793865716154 8132.4095331400795 7571.045073623215 1766.3891637460717 7821.922799122078 4960.288385902612 3449.8661784301767 1363.8269493797873 1885.1072549700425 10936.387658719283 6241.930824099813 2184.9039773079576 7059.373590997496 1828.1620663080093 2681.5846441799317 7944.474309822244 6181.127613952472 6584.6231541647985 5029.740118901185 1.0 5471.495811914041 5711.181816766229 5689.191025877576 
11722.795201920908 7552.258038986404 8885.63280406276 10960.582833765562 9448.607303169403 6847.119545498457 9699.485028668261 8811.239762246812 8304.738541888752 5921.774636513134 6893.9445802091595 13357.5702243103 9493.775527855747 6548.751686754655 9990.441429049379 4709.641066954801 7317.799844132599 10772.647610447733 7673.94140689084 8462.185383710988 8281.584822657118 5469.495811914042 1.0 10049.744744934636 8122.2293702748975 
5888.360826222021 8836.921237486551 6354.902534704017 7361.531238072028 7708.500222545065 5216.437398511308 8119.483384822663 3081.1319304294307 4450.990174639574 5715.69613567409 5301.225850560041 10082.127314918798 4338.363451823909 3739.3159676272167 6373.754986940591 5395.444667060658 3041.6558306023126 7205.270684625943 7467.479681845292 6882.183739865384 4079.749560204426 5711.181816766231 10049.744744934644 1.0 10387.15032800517 
13574.333875268321 10227.493547857954 11933.008063495172 13594.985590025137 12522.059326292117 5702.045145954725 12701.706943173223 10252.055812272123 8017.357008114852 4672.454192331079 6076.1981065957125 16398.96371560436 11810.972949784526 7624.7714647291905 12521.949647882553 7233.536711802761 7359.553155418872 13407.050366707308 10437.89008477379 11535.637406833708 10598.782244585896 5689.191025877577 8122.229370274898 10389.15032800517 1.0 
