0  95 90 42 91 18 44 50
1  10 83 52 66 59 62 79 64
2  95 95 67 66 59 7 12
3  95 17 63 60 87 66 48 72 81 56 97
4  43 22 24 8 94 82 7 97 53
5  95 29 21 66 48 44 27 70
6  11 74 73 96 13 59 51 56
7  46 10 29 91 21 6 48 81 81 71
8  2 85 89 4 63 91 12 38
9  99 14 89 22 82 69 44 16 80 79 97
10  55 58 95 47 63 68 22 13 59 9 70 39 64
11  45 68 30 96 12 80 79 79
12  45 43 46 95 11 92 92 32 29 30 60 16 64
13  98 34 34 55 89 10 73 52 36 48 64 53
14  15 43 41 67 67 26 61 61 87 69 51 70 62
15  98 43 90 77 96 72 39 50 1
16  4 92 68 18 13 8 81 81 64
17  95 17 31 22 24 8 94 66 65 39 80 1 64
18  14 15 57 42 60 26 36 94 49 50
19  98 45 15 85 85 23 59 48 71 62 56
20  63 74 91 23 36 84 86 39 80
21  21 21 69 69 9 62 56
22  46 75 92 94 86 6 71 27 70 64 53
23  90 60 23 77 61 84 38
24  4 67 21 21 6 28 27 70
25  58 10 47 60 65 49 39 5
26  43 10 91 83 22 8 82 16 70 56
27  45 63 73 22 77 8 87 48
28  73 32 6 28 72 93 93 37 80
29  85 89 66 35 5
30  11 30 18 40 28 27 70 80 56
31  95 57 75 47 30 0 61 86 70 1 64
32  99 55 43 10 29 67 36 51 27 5
33  91 19 78
34  43 46 21 77 77 61 6 50 56 35 64
35  89 11 11 76 63 74 30 30 18 83 28
36  57 47 63 63 52 61 87 65 16
37  5
38  46 20 91 30 23 22 84 78
39  68 40 28 71 37
40  98 98 34 46 17 4 47 47 74 26 13 48 37 50 79
41  98 25 46 3 83 81 54 62 56 1
42  99 63 68 26 19 65 64
43  99 31 32 27 78 49 79
44  2 47 63 73 83 82 84 86 7 64
45  98 43 43 76 67 84 48 48
46  34 55 2 2 89 68 40 96 28
47  55 45 15 15 40 77 24 84 88 51 72 71
48  98 73 23 6 39 79 5 53
49  99 41 4 68 9 28 28 39
50  43 0 8 86 9 6 81 93 39 97
51  99 75 20 77 8 8 87 72 78 80 38 53
52  58 17 11 26 66 65 9 7 12 38 53
53  10 76 42 40 87 88 7 7 1
54  14 25 58 46 4 4 47 74 31 68 30 18 36 19 48 12 79
55  46 17 77 96 28 7 80 35
56  83 13 94 44 44 62 56
57  34 58 18 87 48 44 28 71 71 50 5
58  25 89 95 10 4 47 18 22 19 69 27 54
59  10 63 91 36 66 54 62
60  17 10 4 75 18 36 61 88 81 5
61  46 92 77 80 62 79
62  89 75 47 63 90 31 83 23 84 6 28 54
63  99 14 2 74 18 8 65 79 1 35 97 97
64  99 58 73 42 30 52 19 82 59 59 78 70 49
65  10 18 60 96 87 9 5 64
66  95 10 42 68 91 94 65 6 6 78 38
67  11 11 21 24 8 66 86 56
68  99 15 4 68 40 22 19 86 9 39 12
69  14 34 57 3 32 0 61 9 78 70 5
70  15 46 4 11 76 0 72 71 93 70 50 80 62 35 53
71  98 99 15 17 57 74 73 0 7 7 35
72  15 85 95 57 67 30 40 77 61 81 49 1
73  99 14 43 41 74 74 73 30 36 97
74  29 21 87 65 48 44
75  34 15 76 29 18 52 22 96 96 36 65 54 54 39 80
76  15 68 18 96 94 87 69 88 51 12
77  15 41 74 67 30 72 7 62 56 1
78  98 2 11 29 87 54 78 70 49 12 80 56 97
79  25 75 92 73 21 66 44 51 71 50
80  98 58 10 18 40 60 26 26 82 59 48
81  99 25 31 68 21 60 22 49 38 1
82  15 75 20 40 77 65 9
83  4 21 21 36 6 51 80 79 97
84  99 11 63 92 21 96 36 19 80 38
85  55 25 46 92 31 30 52 6 44 28 78 37 62 79 97
86  2 58 89 11 42 32 26 77 96 96 94 72 7 37 79 79
87  85 20 40 60 28 72 7 12
88  34 15 57 3 74 29 9 70 80
89  41 63 18 60 88 48 80 38
90  55 85 76 83 82 82 88 9 51 78 39 50 80 79 53
91  14 43 57 32 23 84 86 48 48 28 78 7 7 70 56 1 35
92  58 46 89 3 90 31 59 39 64
93  99 25 85 10 10 63 83 65 97
94  34 15 46 46 63 90 42 42 8 86 54 78 93 50 12
95  11 92 32 30 0 96 24 50
96  98 14 2 4 3 20 20 18 18 40 52 60 19 8 94 88 86 44 51 27
97  15 89 10 16 49
98  17 11 76 63 92 42 42 91 30 18 0 19 51 7 70 49 39 35
99  43 58 46 95 17 30 23 82 16 71 37 56
100  41 95 95 40 0 24 9 79 35 53
101  25 46 57 47 73 73 60 87 65 9 51 62 62
102  34 45 92 60 13 24 84 59 16 51 81 93 93 56 97 64
103  55 45 41 24 6 39 56
104  46 10 83 6 44 71 93 50 5
105  99 15 46 85 40 0 24 16 51 7
106  15 95 21 40 52 23 22 77 19 72 54 7 37 38 56
107  45 95 47 76 92 31 83 24 61 88 65 86 44 72 12 1 5
108  2 90 8 93 49 80 97
109  25 47 90 91 26 24 66 50 12 38 5
110  14 55 89 68 21 0 6 44 49 80 62 35 5 53 53
111  99 55 75 90 29 52 60 26 87 81 27 39 50
112  14 85 3 29 77 84 65 6 16 54 7 37 39
113  2 3 20 67 13 66 70
114  89 42 29 91 40 84 9 9 48 28 81 27
115  43 17 51 27 37 39 50 80 62
116  55 46 20 13 87 66 86
117  34 47 61 69 44 93 62
118  55 85 76 84 86 9 6 44 28
119  15 58 89 42 61 61 6 6 35
120  10 47 67 30 21 40 52 39
121  98 76 73 31 60 26 0 8 69 48 5 5
122  25 95 47 74 68 12 64 64
123  45 76 63 8 82 82 87 86 93 12 97
124  25 10 75 63 32 44 7 50
125  2 67 60 94 66 66 86 6 51 27 38
126  34 85 11 96 9 6 5
127  34 15 58 23 23 84 5
128  15 41 42 21 96 84 54
129  99 14 42 31 20 13 24 59 54 78 70
130  14 41 95 57 29 22 9 51 50 80
131  45 76 74 73 42 29 60 93 70
132  45 17 76 90 20 30 60 72 50 12 1
133  55 19 66 72 54 49 53
134  4 11 75 47 90 32 40 52 77 86 38
135  15 74 42 32 6 64
136  2 58 63 67 18 83 94 82 65 54
137  98 41 95 95 73 42 29 59 5 53
138  25 90 18 0 77 36 87 59 38 53
139  75 91 59 71 50 97
140  2 21 22 70 80 62
141  74 91 67 24 61 88 88 88 88 71 78 12 56
142  15 46 18 77 96 82 70 80 38 97
143  99 55 2 90 31 68 24 82 86 51 12 62
144  99 34 2 95 11 75 42 30 18 40 37 12
145  45 75 47 42 91 67 36 72 27 38
146  98 99 45 15 41 74 31 29 26 87 84 88 59 48 12
147  4 31 32 67 30 51 51 72 72 27 7 97 97
148  46 85 10 19 8 84 59 86 12 62
149  98 14 52 77 19 82 64
150  76 30 94 93
151  4 29 27 70
152  99 57 74 29 28 39 64
153  41 46 92 3 0 23 61 39 80
154  14 17 76 22 8 59 93 38 79
155  15 17 10 11 63 20 0 23 94 88 16 54 56
156  2 43 17 10 11 57 63 42 18 40 0 72 97
157  74 21 13 19 62 62 35 5
158  95 42 68 29 30 40 22 13 78 37
159  14 14 14 55 46 47 47 63 92 68 83 19 8 87 28 71 5
160  46 4 76 77 24 24 8 84 88 7 80 35 64
161  90 90 68 67 52 0 48 79
162  10 11 63 3 96 13 19 61 81 80 5
163  4 75 29 21 19 61 71 50
164  34 25 32 60 19 61 69 59 65 81 35
165  55 85 31 13 24 27 1 64
166  14 55 13 72 72 78 39 50 97
167  92 83 26 22 94 86 9
168  2 89 47 74 32 36 59 65
169  89 95 11 47 23 19 94 54 70 35
170  75 18 77 87 16 93 70 97
171  34 58 85 94 59 86 16 80
172  14 41 10 11 47 47 29 40 66 86 93 50
173  34 55 94 88 72 81 71 79
174  55 10 29 20 22 44 7 37 12
175  76 83 26 24 69 12
176  41 17 4 47 67 83 60 36 48 71
177  99 34 55 73 67 13 88 59 80 5
178  85 3 90 29 18 22 36 6 51
179  34 85 42 32 40 52 60 94 49 39 50 12 64
180  98 98 10 10 10 4 68 60 19 39
181  4 4 3 42 67 77 87 69 6 80 79 79 35
182  90 68 26 13 87 88 51 49 38 53
183  34 55 25 4 83 22 28 93 7 70 70
184  25 87 9 48 72 70 38 35
185  15 10 96 24 24 94 66 48 16 78 1
186  75 31 40 83 36 69 9 71 78 7 49 12
187  26 54 35 5
188  99 10 10 11 3 52 60 77 96 13 81
189  95 31 32 67 52 23 77 87 84 88 65 16 78 1 53
190  68 71 62 1 5 64
191  41 46 89 89 76 22 36 61 84 56
192  45 58 57 76 67 26 19 27
193  34 46 75 92 74 68 0 23 59 54 54 49 12 62 35 64
194  58 57 3 0 61 38 35
195  34 89 20 59 7
196  55 58 58 75 47 32 60 23 9 70 39 62
197  85 3 29 29 60 77 94 72 27 80 56 56
198  67 13 24 9 54 78
199  10 20 21 19 94 66 86 9 6 56
200  17 63 83 13 24 66 59 7 35
201  43 85 75 75 81 97 33
202  14 43 73 91 96 36 82 6
203  89 92 91 67 88 28 51 72 56 53
204  90 67 26 78 35
205  34 58 47 92 31 20 21 23 61 66 69 44 27 93 35 97
206  58 22 87 69 79
207  55 15 89 3 90 20 19 24 94 88 72 81 49 35
208  29 77 36 13 8 87 84 54 1
209  98 41 90 29 18 61 48 51 5
210  17 4 73 68 40 88 7
211  99 89 17 47 60 7 56
212  99 43 46 90 42 91 0 96 48 27 49 50 79 97
213  95 52 9 16 16 56 64
214  41 58 68 96 61 62
215  34 89 17 76 76 91 23 69 7 62 97
216  15 95 4 42 42 29 22 8 81 78
217  58 68 0 36 28
218  89 90 31 13 59 28 39 79
219  34 25 41 52 22 19 82 86 81 39 79 35
220  55 75 67 22 94 61 37 5
221  61 88 50
222  99 10 76 73 52 96 86 54 78 70 38
223  17 68 60 26 66 12
224  98 99 45 2 47 63 63 92 20 77 82 65 16 49 35
225  98 11 74 83 59 48 7 1 5
226  90 67 36 65 51 37 49 56
227  63 74 68 20 20 35
228  75 73 30 94 38
229  99 15 57 74 83 26 0 87 88 28 93 49 79
230  98 25 43 46 85 67 66 69 64
231  14 25 85 85 42 91 13
232  34 25 95 57 57 3 29 13 82 84 69 65 72 70
233  14 15 2 41 42 52 52 23 69 65 65 9 78 37 12 97
234  14 46 89 90 21 83 52 66 86 81
235  89 57 40 81 27 49 80 35
236  85 95 90 68 8 61 84 16
237  98 98 32 60 0 96 66 16 81 81 37 49 35
238  4 11 20 91 30 30 36 61 82 59 78 38
239  2 10 61 65 6 16 7 5
240  98 17 74 73 32 20 83 60 23 8 61 48 44 16 28 28 51 62
241  14 34 10 63 31 69 28 27 54 37 50 38 56 35
242  89 89 68 91
243  90 83 50 56
244  98 85 31 19 6 44 37 97 53
245  42 19 94 61 66 54 7 97
246  14 2 75 74 31 32 68 91 26 0 19 93 80 64 33
247  25 46 11 57 92 42 22 96 36 82 81 56 64
248  98 17 92 90 30 19 24 59 6 44 39 79
249  46 77 59 9 16 7 12 80 97
250  98 57 63 3 60 26 19 6 44 72 54 39 50 12
251  95 52 26 77 69 81 12 56 5
252  2 41 58 89 20 52 60 0 24 94
253  74 40 36 69 53
254  99 46 20 83 94 61 87 59 72 1 1 97
255  25 20 21 65 6 16 50 53
256  14 47 3 40 26 8 59 6 48 48 37
257  95 10 75 47 68 21 83 23 84 9 39
258  55 58 40 83 9 28 93 49
259  32 61 88 86 72 39
260  41 58 57 29 20 67 40 36 19 8 65 9 44 16 27
261  57 29 20 93 38
262  14 58 4 57 47 27 37 50 80 79 35
263  58 46 92 90 18 96 88 12 62
264  46 95 95 92 67 26 0 23 24 82 9 16 39
265  67 67 18 19 44 49 12
266  34 58 4 74 36 94 59 28 72 37 62 97 53
267  45 95 10 90
268  99 15 11 3 21 52 60 50 79 97 64 64
269  14 34 41 57 92 42 26 13 94
270  45 46 95 10 67 13 24 84 48 37 80
271  58 75 13 9 51 72 64 64
272  45 32 60 0 13 7 56
273  45 15 41 58 3 31 32 60 22 77 8 69 88 65 51 37 70 39
274  99 46 11 75 75 20 67 0 39 97
275  11 20 81 78 7 50 1
276  55 75 3 31 68 91 67 26 87
277  17 31 32 32 22 77 84 65 86 49
278  98 25 41 58 31 96 36 9 48 81 49 39
279  4 23 59 79 79
280  34 58 63 31 22 82 66 66 51 12 35 64
281  42 40 36 13 13 66 16 72 72 1
282  10 13 65 37
283  43 95 21 40 40 52 52 66 7 39 50
284  90 52 19 69 65 51 71 78 38 97
285  15 58 68 20 40 24 51 37
286  14 15 30 24 16 72 49
287  14 2 41 11 11 32 68 24 66 16 93 79 79 35
288  99 17 23 70 50 38 56
289  45 43 58 31 8 61 93 1 5
290  14 41 10 20 60 22 77 13 69 65 6 12 79
291  34 17 76 3 13 65 28 28 51 51 71 50 97
292  17 11 18 83 24 61 9 81
293  98 45 73 29 67 18 21 52 61 79
294  98 98 29 18 83 60 19 88 28 51 79 1
295  98 99 41 4 57 92 42 83 88 27 93 49
296  25 29 91 77 87 86 27 27 54
297  43 95 75 26 84 9 44 16 16 71 79
298  58 85 17 30 18 21 40 94 61 44
299  85 89 40 26 23 66 9
300  45 85 17 22 22 88 86 9 62 62 1
301  14 25 95 47 3 90 68 87 87 84 65 86 48 72 64
302  25 91 9 51 1
303  55 11 32 91 40 77 24 94 87 54 93 12 80 38
304  2 57 83 82 88 27 37 80 62 79 97
305  45 43 31 68 23 36 88 16 28 51 37
306  17 10 90 73 32 36 61 84 93 7
307  99 73 65 27
308  85 73 40 66 49 12 97 5
309  2 73 31 77 69 65 37 70 38 5
310  30 83 37 38 1
311  41 17 57 31 20 77 82 59 78 80 56
312  28 70
313  32 32 30 40 13 93 7
314  34 34 21 23 22 8 86 44 49 12 12 79 53
315  58 58 3 42 21 84 86 48
316  15 58 10 3 32 77 24 97
317  34 91 52 13 82 59 59 38 53
318  32 22 69 88 48 81 39 50 80 1 64
319  25 67 66 37 12 56
320  10 10 76 90 30 23 28 93 38 56
321  45 15 68 21 61 97
322  55 18 19 65 65 27 37 79
323  46 4 90 42 62 79 79
324  34 85 47 20 26 22 48 28 1
325  55 10 10 67 50 1
326  95 76 92 73 32 83 13 7 50 50 35
327  75 32 68 29 52 66 6 28 93 1
328  95 77 13 94 69 81 35
329  70 56
330  52 52 96 84 84 54
331  55 45 57 3 60 0 13 19 88 48 48 44 50 50
332  99 89 42 91 86 16 38
333  47 90 40 8 78 37 35 97 5
334  55 57 47 90 67 30 18 0 13 19 24 87 51 51 81 54 7 12
335  11 42 31 83 0 36 24 54 93 7 38
336  34 55 45 15 42 83 96 84 71 54 49 12 56
337  2 89 95 87 66 9 78 78
338  74 96 13 9 35
339  34 55 46 95 11 3 42 83 19 94 78
340  99 41 57 32 30 82 84 78 93 12
341  8 27 70 80
342  55 85 75 67 65 28 81 93 79 35
343  92 59 65 54 78 7 53
344  34 45 25 89 75 47 63 73 22 69 48 39 1
345  2 41 57 75 76 32 29 20 82 44 28 27 12
346  98 73 61 78 70 80 5
347  58 92 90 30 24 8 94 66 69 65 51 56
348  68 60 60 86 72 54 93 80 5
349  95 30 66 69 6 48 37 70 80 33
350  41 17 3 73 91 60 94 61 59 86 44 28 51 78
351  2 95 3 3 30 21 52 96 84 28 78 37 62
352  45 25 46 89 57 3 90 66 72 81
353  14 25 25 41 85 17 11 42 83 96 44 97
354  98 15 13 24 65 44 28 71 93 62
355  25 43 46 63 36 44 27
356  14 34 17 11 76 92 29 83 13 19 66 88 59 59 12 64
357  46 29 26 8 94 51 56 79
358  76 19 69 28
359  15 76 73 42 30 83 83 36 37
360  15 46 85 90 91 26 8 94 66 81 78 79
361  89 3 20 30 60 84 69 86 78
362  4 74 20 91 52 77 88 88 48 48 78 12 53
363  2 41 58 89 92 74 30 30 60 13 61 51 54 38 62 53
364  25 15 43 43 11 47 36 36 1 97 5
365  99 43 58 57 42 18 0 82 69 7
366  98 43 46 11 76 90 20 18 83 1 35
367  55 2 58 95 73 21 40 0 8 28 5
368  25 89 89 11 68 20 96 8 56 35
369  25 2 11 3 30 52 93 1
370  2 10 60 19 49 80 62 35
371  99 41 58 46 85 74 23 28 51 81 71 49 97
372  45 74 74 30 30 9 50 79 5 53
373  17 4 4 57 75 77 8 7 79
374  99 14 75 73 77 88 86 9 16
375  14 17 31 29 29 18 87 88 6 44 78 70 12
376  34 92 74 32 67 52 23 8 48 56 79
377  14 63 0 8 16 72 71 71 54 78 1
378  57 76 42 32 21 83 52 36 66 59 86 48 28 37 50
379  2 43 43 41 94 94 86 9 6 93 80
380  99 25 15 29 60 13 93 1
381  25 43 92 0 23 66 28 71 93 49 97
382  89 21 40 65 6 51 7 70 38 5
383  34 15 89 11 75 92 90 31 68 20 91 83 60 26 27 54 62 5
384  11 57 76 76 21 61 9 78
385  34 25 41 68 83 48 27 78 35
386  55 15 58 89 76 83 96 36 24 5
387  67 83 60 48 71 54 37
388  98 95 13 61 72 39 12 1
389  98 14 55 45 40 52 26 22 13 94 69 59
390  43 4 76 92 86 44 79 35
391  67 61 88 88 97
392  75 90 74 83 19 24 69 44 78 78 35 35 97
393  3 32 32 29 67 30 19 8 6 72 39
394  14 2 58 85 73 91 22 22 19 82 84 80 64
395  98 34 85 89 82 72 71 64 53
396  76 91 19 82 66 9 28 81 54 78 12 12
397  15 4 57 3 29 0 23 23 8 72 5
398  25 43 11 47 76 90 42 60 36 8 69 48 51 81 71 78 37 12
399  52 13 19 94 6 28 62
400  45 25 10 31 32 30 82 49 12 1
401  15 47 76 76 42 18 83 96 84 88 86 86 16 93 64
402  41 3 60 26 86 44 39 97
403  34 55 55 58 85 89 63 40 59 9 71 5
404  4 75 18 21 0 69 51 72 71 64
405  41 42 29 77 86 9 38
406  15 43 43 89 73 96 94 94 94 59 65 81 71 54 78 37 70 39 12 35
407  41 41 11 11 68 52 52 60 36 35
408  41 42 77 86 6 12
409  14 57 3 42 86 27 39
410  75 75 21 24 8 69 86 81 54 37 49 12 79 5 53
411  91 21 19 8
412  2 10 40 48 16 7
413  58 8 87
414  99 14 55 55 41 73 67 83 6 72 50
415  99 55 46 85 63 90 84 69 16 7 49
416  14 34 85 85 92 42 19 24 82 54 37
417  34 15 74 23 66 16 71 70 49 39 50 80 79
418  45 91 21 21 8 82 69 69 86 50 35
419  2 92 3 68 19 19 24 86
420  55 17 3 31 18 0 9 16 78 56
421  57 42 32 65 80 62 35
422  98 34 41 46 11 73 20 67 21 23 82
423  76 68 60 94 65
424  85 17 57 76 60 8 48 28 28 49
425  95 95 76 73 86
426  46 89 17 83 13 66 50 97 53
427  31 67 30 60 23 6 62 35 53 53
428  2 2 46 4 4 76 90 29 77 71 27
429  73 68 88 86 16 81 37
430  15 86 51 81 93 37 39 80
431  34 10 92 92 73 77 87 84 51 93 50
432  85 85 32 22 22 24 94 39 38
433  34 15 4 90 30 0 87 16 16 27
434  60 26 24 87 44 28 51 51 39 38
435  55 29 30 21 23 6 93 97
436  41 46 90 52 22 65 81 37 70 97 5 53
437  98 85 85 10 4 3 73 20 26 88 71 71
438  99 99 89 59 86 7 56 64
439  43 17 67 21 19 28 50 62 62
440  47 92 32 68 21 21 61 84 84 69 9 16 53
441  98 74 42 32 26 13 50 38
442  4 3 73 22 13 48 48 16
443  85 74 31 21 23 77 94 51 38
444  98 45 41 46 57 92 74 42 0 36 16 50 38
445  98 45 58 32 18 22 96 13 44 16 93 62
446  52 94 38 56
447  69 6 9 48 71 80 53
448  95 95 17 67 0 96 66 6 27 49 80
449  90 74 73 52 0 23 24 8 27 70 12
450  43 0 0 44 27 93 62
451  14 15 41 17 90 29
452  2 89 31 28 71 56 64
453  4 63 3 31 32 30 23 81 79
454  76 76 63 21 69 65 51 5
455  14 25 95 11 73 83 52 0 87 65 7 64
456  91 91 13 94 88 56
457  55 45 25 2 26 84 6 71 50
458  99 25 46 85 32 66 65 56 97
459  17 57 31 68 26 22 94 87 69 54 50 38 38 56
460  32 40 52 77 66 88 59 70 50 38 38 64
461  91 94 88 7 56 64
462  3 74 60 26 88 93 93 70 49 53
463  31 29 96 96 13 24 8 88 16 93 56
464  45 59 28 70
465  85 11 42 23 66 9 7 79
466  14 25 15 63 92 31 19
467  95 32 21 23 82 65 28 35 5
468  99 25 43 20 19 59 16 38 64
469  58 17 75 76 74 73 48 48 49 12 12
470  55 55 10 92 90 91 40 23 9 28 81 56
471  14 74 20 18 61 61 72 93 38 97
472  55 15 32 83 6 71 27 49 97 64
473  17 3 90 18 61 97
474  99 17 47 90 68 94 61 87 78 5
475  25 2 60 19 61 84 84 88 88 65 80 79
476  63 68 29 67 77 24 65
477  90 96 64
478  96 9 1
479  99 45 25 63 90 74 42 0 13 88 65 7 7 12 1
480  99 43 46 95 94 6 70 35 64
481  15 2 3 74
482  15 52 77 8 9 71 1 35 97
483  15 41 46 75 67 59
484  15 76 31 30 40 22 96 59 53 53
485  11 75 75 92 32 67 21 21 0 13 24 80 53
486  90 0 82 16 27 1
487  98 43 29 22 19 59 86 35
488  55 74 29 26 96 24 82 66 86 16 28 81 80 80
489  63 29 82 66 79 1 5
490  20 87 28 50 62 64
491  34 45 95 3 90 42 28 72 27 7 49 39 38
492  98 14 45 89 47 76 92 21 60 19 7 12 12
493  99 46 92 3 68 20 83 51 93 64
494  99 11 47 68 24 82 53
495  3 42 32 67 30 66 66 69 9 44 38 62 79
496  43 43 85 10 75 26 77 84 81 38 79 97
497  98 98 42 83 60 87 66 72 56
498  55 67 61 72 27
499  98 55 25 95 69 16 16 27 49 1
500  98 17 11 75 75 31 72 78 97
501  99 14 31 23 36 36 71 70 49 35
502  95 10 92 73 68 36 69 54 78 7 37 70 49 50 50 35
503  99 95 57 57 29 23 96 36 13 94 72 78
504  45 57 73 68 68 83 86
505  98 15 10 73 68 52 77 96 19 78
506  75 76 83 77 24 94 94 88 6 78 39 5 64 64 64
507  58 95 95 47 91 91 23 94 88 44 50 12
508  98 25 89 95 32 94 6 44 97
509  98 45 43 58 46 68 67 0 96 84 66 38
510  25 90 31 29 52 0 23 96 82 9
511  34 47 92 83 19 69 88 48 54
512  99 2 76 68 40 84 48 81 62 97 5
513  58 0 23 82 66 27 54 54 49 50 38
514  98 55 43 30 52 82 69 59 59 78 50
515  58 73 20 77 62 79
516  90 73 20 30 36 13 19 78 5
517  14 2 68 8 8 51 81
518  14 43 75 74 73 20 19 86 28 70 62 97 53
519  34 10 57 3 31 21 26 69 69 93 12 56
520  43 74 26 88 86 62 35
521  85 26 23 36 69 44 49 38 79
522  42 29 91 18 21 40 0 22 77 96 93 56
523  11 48 12
524  43 57 63 63 3 83 8 84 9 70
525  55 2 2 32 83 87 9 27 7
526  15 41 85 74 30 66 16 28 37 12
527  99 85 32 52 82 84 59 72 54
528  34 68 91 23 84 39 39
529  55 58 76 20 8 66 88 86 86 28 51 51 50 62 1
530  10 10 3 29 67 18 83 52 94 51 62
531  11 20 13 64
532  4 30 26 77 24 51 39
533  34 58 90 32 36 61 87 59 65 81 81 37 49 62 1
534  4 21 22 36 59 28
535  57 63 90 21 40 26 86 9 71 27 35
536  25 15 47 68 68 91 30 18 0 96 36 44 7 5
537  85 30 83 87 69 88 54 12 62
538  89 52 77 88 59 48 70 56 35 5
539  14 41 26 96 94 59 65 62 56
540  99 55 58 95 76 31 32 68 59 49 97 5
541  45 2 46 89 75 75 52 65 71 39 1 97 97 53
542  46 31 20 23 9 81 71 5
543  41 17 4 4 57 68 24 27 50 80 97
544  55 45 57 92 3 31 40 26 44 28 35 53
545  14 4 47 94 84 44 72 54 54 54
546  4 24 84 65 51 1 1
547  2 3 83 23 16 37 39 50
548  14 46 90 90 73 22 27 54 97 5
549  45 57 67 28 7 70 50 56 97
550  14 41 58 3 67 83 52 22 96 24 7
551  34 58 75 91 82 84 88 59 65 28 81 7 7 62 1
552  85 75 90 22 94 69 86 72 80 5
553  47 63 20 21 83 16
554  2 95 57 47 29 66 69 28 81
555  45 25 43 89 17 17 31 32 91 0 61 61 59 7 50 38 38 35
556  15 57 88 65 6 71 78
557  43 95 68 20 26 66 88 59 6 54 38 35
558  98 55 45 2 4 3 90 42 31 91 18 22 77 77 44
559  57 75 75 32 21 23 16 72 78 50 38
560  32 21 60 0 19 66 28
561  41 10 76 73 91 91 21 61 88 88
562  99 55 11 3 68 29 83 52 96 8 16 27 93 12 1 35
563  58 22 8 6 28 78 38 62 53
564  41 89 17 11 73 20 82 6 39
565  99 14 34 89 63 31 29 18 21 60 96 82 59 37 12
566  55 43 58 10 63 0 94 6 80
567  98 41 58 76 69 59 48 16 50 80 38 35
568  34 46 29 52 26 0 36 13 24 6 35 64 53
569  25 2 17 10 75 74 36 24 94 88 16 80
570  34 42 30 18 23 69 12
571  14 15 46 95 10 47 3 73 31 60 77 8 86 12
572  98 34 74 74 94 61 16 81 71 71 35
573  14 67 52 60 8 87 66 86 72 79 64
574  98 68 30 61 61 6
575  14 3 68 18 69 48 51 62
576  43 4 83 94 70 53
577  43 17 20 26 36 86 50
578  55 17 57 23 69 9 93 49 39
579  55 75 47 63 90 67 49 33
580  43 41 20 0 51 27 1 53
581  17 17 11 82 82 84
582  75 90 32 60 36 82 80 79 35
583  99 2 2 63 91 30 23 94 66 37 70 39
584  98 43 46 17 10 73 21 52 0 88 16 80
585  75 90 74 32 18 23 23 82 84 16 7 50
586  45 85 10 63 3 73 86 27 64
587  91 83 96 19 24 28 72 80 1
588  42 67 18 0
589  41 92 77 66 69 59 86 81 27
590  2 17 4 75 76 20 94 59 44 39 62 97
591  14 14 25 30 21 26 59 65 48 5
592  45 45 46 85 75 20 21 22 61 44 16
593  25 41 11 74 18 23 82 44
594  4 63 18 40 88 35
595  46 89 73 83 83 52 22 94 48 27 37 12
596  55 58 75 31 68 83 23 96 8 59 86 6 37 49 62
597  45 85 4 32 20 19 65 28 56 56
598  10 92 42 77 7
599  43 95 63 83 60 13 82 88 9 6 81 70 38
600  41 41 17 91 23 6 79
601  55 95 11 68 40 24 59 65 7 39
602  58 4 30 18 16 81 56
603  58 4 57 76 83 6 78 12 80
604  98 99 34 45 89 10 4 52 0 77 36 80 62 79
605  89 92 0 65 44 93
606  98 45 25 76 23 13 6 78 62 1 64
607  43 95 63 31 60 13 69 37 39
608  55 89 4 73 42 20 20 96 8 48 93 49
609  25 25 77 65 70 39 5
610  98 34 46 3 42 30 21 52 82 66 49 1 53
611  14 45 15 41 41 3 74 73 66 56
612  43 95 11 30 23 13 94 9 72 80 56 1 53
613  98 25 25 15 15 76 74 31 61 69 35 35
614  58 76 73 31 40 8 61 82 59 54 35
615  34 17 74 42 21 19 82 87 84 86 5
616  4 29 83 65 71 54 1
617  98 43 47 3 74 31 67 18 26 22 8 82 72 81 64
618  99 10 3 40 26 23 24 61 9 51 27 49 39 79 64
619  25 11 57 52 23 23 13 65 6 16 28 51 79 79 5
620  76 48 7 70
621  57 63 29 20 36
622  14 85 20 67 94 82 9 48 81 80
623  43 41 76 90 20 0 65 44 7 62 56
624  34 46 95 76 29 87 65 54 62 97
625  10 11 13 87 69 28
626  45 15 15 2 89 17 63 67 67 83 24 84 84 88 7 37 62 1
627  42 6 81
628  99 57 63 73 68 26 22 87 86 12 5
629  58 20 18 36 84 6 39 50
630  99 99 34 91 21 40 83 22 77 28 50 56 64
631  99 85 4 76 30 18 52 0 69 48 81 54 38
632  43 95 95 31 29 60 0 22 24 84 88 16 54
633  45 47 44 51 51 78 7 70 64 64
634  98 99 89 4 76 63 3 74 26 69 6 44 97
635  42 29 21 26 26 96 28 28 81 39 50 1
636  46 57 21 77 96 69 86 79
637  55 45 25 63 74 74 68 69 70 5
638  34 11 47 31 61 61 78 39 1
639  46 89 30 26 0 96 87 69 6 5
640  90 31 68 68 26 23 54 54 56 5
641  25 17 47 91 77 19 66 1 35
642  14 95 10 57 57 74 73 67 67 40 60 69 88 59 16 72 78 37
643  55 4 57 3 40 23 23 13 82 69 44 27 64
644  99 10 76 29 83 28 7 53
645  15 58 17 92 30 77 96 86 9 9 71 7 70 38 79 53
646  26 87 81 27 93
647  34 46 89 31 29 0 36 36 13 8 94 61 51 49 12 1 97
648  99 55 4 47 74
649  43 3 42 32 91 18 0 22 96 13 66 88 12 80 5 53
650  55 41 58 85 67 65
651  25 2 76 32 19 66 65 9
652  4 47 3 29 26 88 27 64
653  2 43 58 89 17 57 74 13 59 27
654  14 58 52 28 39
655  85 95 91 69 51 51 39 97 5
656  47 3 68 8 65 71 56
657  34 15 76 31 18 60 96 61 93 80 97
658  95 37 1
659  14 17 92 18 18 22 24 16 79
660  45 73 68 29 77 13 88 6 37 79 53
661  95 75 31 52 61 79 64
662  89 76 3 29 29 40 87 69 71
663  55 15 85 4 18 21 94 88 59 71 54 93
664  25 2 0 36 28 51 81 1 1 1 64
665  34 95 95 10 75 47 63 32 67 18 88 65 48 7 37 37 5
666  10 60 24 88 70 39
667  2 47 76 76 63 32 29 40 77 8 94 69 16 7 50 38
668  55 92 90 42 13 87 87 87 7
669  98 75 61 16 97 97
670  89 18 52 26 36 9 28
671  2 63 91 87 86 86 9 71 54 78 70
672  14 85 4 32 20 21 60 16 81 54 70
673  99 25 95 18 26 65 37 56 56 35
674  99 92 3 40 23 24 94 82 82 71 93 7 70 49 64 33
675  15 2 75 75 22 48 49 79 97
676  2 58 18 13 69 48 44 27 39 35
677  25 43 24 61 82 9 7 7 1 97
678  11 92 73 31 23 27 7 39 79 5
679  14 41 58 46 63 40 13 82 84 6 71 97
680  25 85 10 18 77 36 82 88 86 16 12
681  34 17 47 63 31 91 52 82 48 49 64
682  13 6 7
683  14 34 76 92 24 87 88 9 48 51
684  43 11 42 61 84 69 9 9 48 44 44 79 5
685  45 58 58 92 3 31 91 21 86 93 70
686  46 42 0 19 8 97
687  41 58 11 75 91 18 83 0 96 19 94 62
688  85 76 8 48 51 7 37 64
689  15 42 42 32 20 67 18 96 24 88 81 37
690  45 2 2 43 46 95 17 73 91 8 72 81 38
691  25 15 43 68 40 22 96 82 84 66 48 71
692  10 4 57 47 92 60 80 80
693  58 46 32 26 36 59 28 38
694  34 34 41 11 57 68 91 22 77 24 93 35 53
695  99 14 43 85 73 52 24 84 16 51 51 93
696  11 47 76 74 18 40 60 23 8 39 50
697  98 55 58 89 47 92 54 70 79 5 64 53
698  57 63 24 48 71 62
699  11 3 30 66 59 65 9 48 51 49 79
700  25 11 92 3 3 91 30 30 60 24 61 86 71
701  98 45 43 20 61 87 48 44 16 81
702  47 76 76 63 30 83 24 16 27 27 49
703  76 91 24 44 27 50 38
704  95 67 77 77 36 19 24 94 48 49 38
705  25 41 92 0 39 38
706  15 2 58 4 30 23 77 28 49
707  46 95 17 57 92 19 19 49 12
708  76 40 26 23 8 44 44 28 70 39
709  34 75 32 23 36 84 65 93 37 1
710  45 57 47 73 83 19 94 87 56
711  45 25 25 41 95 3 20 21 52 62
712  43 43 4 57 40 0 77 94 61 61 65 72 70 80 56
713  43 57 92 18 18 60 0 23 96 44 54 97 5 53
714  99 2 63 3 42 20 67 22 59 48 51 72 54 70
715  74 72 80
716  43 10 63 63 74 73 91 77 72 81 27 78 38 38 97
717  4 11 47 74 32 22 9 28 71 49 80 38 53
718  34 73 86 6 70 50
719  14 34 43 41 41 57 92 60 81 62
720  45 58 85 40 77 96 24 61 87 16 12
721  46 89 11 47 74 67 67 30 18 21 84 84 38 56 53
722  57 68 44 72 27
723  34 89 4 57 92 92 73 18 87 88 59 16 28 51 54 50 50
724  42 31 52 60 22 13 84 81 62 97
725  85 17 67 18 36 87 37 70 70 49 56 79 35
726  81 62 62
727  98 17 63 73 32 40 0 61 87 44
728  25 85 89 17 47 20 61 9 72 38
729  98 99 25 2 58 89 89 57 22 96 66 66 48 50 5
730  14 11 77 24 66 44 71 70 50 56 1
731  14 2 43 41 92 90 30 40 22 22 94 80 5
732  15 17 3 29 83 26 26 66 54 78 93 80
733  43 41 47 90 84 59 48 54 93 70 70 50
734  45 46 3 3 90 31 91 24 94 87 65 71 27 27 78 64
735  14 45 57 75 3 42 91 22 61 82 84 84 9 27 54 5
736  34 15 89 29 30 60 82 59 6 54
737  99 55 85 59 65 86 86 44 37 37 37 39
738  11 32 67 83 52 77 71 39
739  10 63 74 73 67 18 26 96 96 24 87 9 16 49 49 62 79
740  15 46 75 90 60 26 22 36 59 51 37 1
741  34 46 11 42 96 36 13 13 82 86 51 71 54 37 56
742  45 95 4 57 76 68 39 1
743  2 76 92 73 30 18 13 24 61 61 66 72 81 64
744  46 89 47 63 63 29 20 94 72 72 78 62
745  47 76 29 29 93 39
746  99 22 44 71 12 38 1
747  89 10 57 3 32 60 36 19 44 54 93 37 35 33
748  99 2 47 68 29 91 66 65 86 27 54 37
749  55 43 63 32 29 91 6 6 44 49 1
750  57 76 90 90 42 91 94 86 48 81 39 50 35
751  58 4 4 11 3 68 18 83 22 84
752  34 45 4 74 73 42 32 29 27 37 70 39 38 79
753  63 32 83 86 72 70
754  98 99 75 63 60 77 36 61 87 88 49 56
755  76 30 30 83 0 69 69 59 51 62
756  41 46 4 52 60 0 23 70 5
757  41 75 90 31 22 96 93
758  14 45 45 45 68 23 93 70 50
759  47 92 74 40 60 50 64
760  74 91 40 82 88 72 81 37 62 33
761  99 99 55 85 76 74 32 26 0 23 8 82 59 44 49
762  22 82 9 48 79
763  46 4 92 90 60 22 88 9 48 71 80 64
764  43 85 17 11 47 92 32 21 51 78 7 37 38 62
765  45 25 25 85 11 92 90 68 29 52 8 84 65 16 54 49
766  75 63 3 42 20 67 26 87 16 72 39 62 35 53
767  43 20 67 21 83 19 8 82 69 88 65 78 12
768  10 57 3 42 21 52 94 48 37 64
769  55 45 2 17 57 76 74 18 28 71 71 62 79
770  34 41 46 11 73 18 66 66 88 65 27 37 79 97
771  34 17 17 10 20 87 72 27 54
772  98 25 73 29 83 87 51 50
773  14 90 0 24 59 51 62 97
774  15 58 57 26 87 6 72 71 93 62
775  98 55 45 31 32 40 65 9 48 72
776  85 63 29 0 48 28 72 79 5
777  55 2 10 4 83 37 39
778  34 15 41 85 11 74 42 48 71
779  2 92 68 13 94 82 87 6 39 97
780  58 68 8 59 48 51 93 37 49
781  25 15 46 86 16 81 78 38 79 79
782  98 2 17 57 42 91 40 52 96 13
783  17 47 42 67 0 36 13 13 94 61
784  34 4 3 32 67 40 77 36 62
785  55 25 89 90 21 19 86 71 27
786  47 47 90 31 91 21 60 6 44 12 5 53
787  15 76 27 93 12 38
788  14 58 92 73 91 30 60 77 36 8 8 48 71 39 62 56
789  15 68 30 96 96 36 87 93 39 79
790  98 14 45 2 58 47 93 49 35
791  4 92 18 82 44 16 72 78 80 5
792  43 85 31 77 77 6 27
793  47 68 91 30 21 40 84 84
794  2 75 76 67 21 0 96 61 37 56
795  98 45 95 47 40 36 13 88 79 5
796  14 58 76 40 36 87 88 71 38
797  14 45 75 63 83 96 19 12
798  15 57 42 8 59 6 27 62
799  46 57 47 47 73 29 20 77 16 93 7 50
800  25 31 40 96 24 65 44 28 27 27
801  14 85 20 83 60 9 80
802  43 41 75 40 24 93 80 97
803  99 43 85 96 37 70 49 80 1 64
804  99 75 76 19 66 93
805  55 46 85 88 44 72 81 37
806  14 15 92 92 90 82 79 1 97
807  47 74 61 66 16 79
808  17 11 96 19 6 16 72 62
809  43 95 63 31 40 52 8 9 93 50
810  14 85 17 47 21 52 61 71 80
811  98 55 15 10 67 59 48 72 71 27 7 38
812  14 45 11 63 74 74 42 18 23 24 61 28 81 71 71 49 1
813  46 31 18 52 52 26 86 6 81 70
814  15 92 68 29 0 54 79
815  25 25 2 90 31 83 36 19 69 56 1
816  98 99 15 43 89 57 31 20 67 26 80 62 79
817  2 10 73 32 36 16 27 38 56
818  14 46 85 20 96 13 24 9 49
819  98 14 14 46 47 0 72 1
820  25 2 89 90 0 82 84 81 56 1
821  55 11 76 3 31 20 40 36 86 6 51 38 5
822  75 63 90 29 26 22 48 81 78
823  76 30 82 44 37 79 97
824  45 45 90 91 83 16 71 27 49
825  3 0 6 44 27 7
826  98 3 96 19 8 6 93 38
827  98 89 42 94 84 65 6 27 39 39
828  14 55 11 63 20 66 65 70 56 35
829  41 75 76 42 91 83 52 26 22 24 44 72 81 7 7 39 5
830  41 41 17 75 32 91 23 12 1 5 64 64
831  34 57 57 32 29 0 94
832  98 45 30 60 54 93 37 97 53
833  14 41 31 67 18 40 40 61 39 64
834  34 25 41 85 47 42 84 78 78 37 56
835  34 41 47 63 90 40 22 36 13 8 87 81 27 37 1
836  17 3 68 91 60 60 84 70 62
837  98 45 15 58 17 63 30 23 9 6
838  85 57 57 47 8 44 72 78 93 56 97 53
839  99 11 91 40 0 36 19 24 82 54 80 35
840  10 11 74 20 91 88 9 44 53
841  10 10 42 31 26 23 22 77 13 8 87 69 54 35 5 64
842  14 55 45 2 43 41 46 57 75 18 23 36 13 13 19 66 69 59 6 48 44 72 81 12 62
843  75 94 81 71 7 49
844  45 58 74 18 26 61 37 79
845  99 45 95 83 65 51 49 39 12
846  98 95 3 60 65 35 64 53
847  34 25 75 47 92 3 32 24 84 9 9 48 72 39 1 64
848  17 75 63 91 30 83 96 69 44 44 78
849  41 89 4 68 18 77 96 19 49
850  4 32 87 7 37 1
851  85 73 67 59 6 70 50 35
852  41 63 63 42 19 61 16 51 39 12 38
853  55 15 31 91 21 52 36 84 54 56 1
854  41 41 31 77 84 27 80 38
855  92 24 87 69 78 80 80
856  41 10 67 52 0 86 93 56
857  2 75 23 96 8 87 54 12 64
858  45 17 74 29 22 87 66 88 9
859  41 75 74 22 96 84 84 16 70 38 64
860  98 15 91 40 0 36 13 82 54 64 64
861  14 45 85 42 26 84 88 27
862  25 73 40 88 27 7 70 38
863  99 89 4 74 77 8 8 82 51 70
864  85 95 90 26 96 87
865  46 31 30 18 19 28 72 78 37 38 35
866  2 63 31 31 18 21 77 96 82 59 44 39
867  25 32 29 40 22 87 54 93 33
868  17 17 11 75 60 44 16 54 1
869  45 75 3 44 50
870  76 42 40 66 59 49
871  89 74 20 40 61 82 82 56 5
872  34 15 43 41 4 47 31 67 30 52 0 19 71
873  2 43 75 75 26 23 22 36 19 8 59 81 54 49 39
874  15 43 85 29 30 69 72 50 79
875  67 19 80
876  57 73 67 26 94 38 53 53
877  99 43 63 31 67 13 16 33
878  57 92 22 23 96 24 12 35 5
879  25 89 73 32 19 94 65 38
880  92 36 13 44 81 62 97
881  41 95 17 3 0 61 84 66 48 54 93 53
882  98 75 32 6 48 51 71 12 38 79
883  25 89 4 4 4 90 23 96 24 69 27 49 5
884  98 92 92 74 42 91 26 0 94 86 9 54 49
885  43 47 52 36 13 19 65 86
886  10 20 0 0 8 65 37
887  2 63 68 91 77 77 19 87 93 7 49 62
888  25 2 31 52 60 22 61 1
889  55 43 17 90 40 60 13 84 80
890  10 9 54 80 62
891  55 25 89 89 20 67 21 81
892  55 36 66 88 72 35 97
893  2 46 17 17 75 90 24 94 87 16 1 97
894  14 58 58 20 30 21 61 88 44 5 53
895  45 15 46 3 29 13 50 56 97
896  14 10 63 63 92 3 40 26 86 28 78 70 12
897  15 4 57 66 65 78 5
898  4 11 74 68 67 13 87 84 6 72 1
899  32 91 30 52 66 6 6 81 78 12
900  41 17 57 20 30 21 84 81 54 93 37
901  98 54 54 35 5
902  4 57 32 24 56
903  43 76 92 31 20 91 88 27 56 5 64
904  98 34 2 2 46 89 73 91 96 87 69 71 71 78 7
905  73 83 60 16 7 64
906  98 10 31 91 0 66 54 93 7 12 80
907  31 8 80
908  34 25 41 67 30 24 69 51 72 27 54 1
909  4 83 60 22 77 9 5
910  99 85 57 77 19 69 51 72
911  58 85 30 21 87 84 71 71 93 37
912  98 2 10 10 68 52 8 69 37 79
913  34 2 67 0 23 23 66
914  99 25 67 87 65 70 38 35 53
915  55 3 19 8 86 44 93 38
916  99 25 91 22 39 80 79
917  25 76 63 68 0 16 39 56 1 35
918  34 85 4 21 40 26 0 84 6 28 81 62
919  85 74 42 18 22 82 65 72 37 50 80
920  42 67 0 82 66 9 16 1 35
921  68 30 21 52 60 26 82 44 28 56
922  45 41 42 29 20 61 84 59 28 71
923  99 2 17 92 62 1
924  98 58 85 95 92 90 74 20 30 52 48 71 27
925  32 96 28 72 56
926  99 75 68 36 36 53
927  98 74 73 20 26 16 7 70 62 53
928  2 4 3 73 68 18 8 66 38 56
929  34 34 89 95 92 21 22 19 72 71 49 64
930  76 76 30 96 24 69 88 9 81 93 49 5
931  85 47 3 88 81 71 37 53
932  74 19 5 53
933  99 14 11 29 77 6 78 70 49 56
934  73 31 91 18 52 84 84 66 6 12 80
935  47 52 12 80 38 38
936  95 10 4 22 36 8 44 72 79
937  17 21 60 23 61 66 81
938  34 15 2 95 17 73 40 61 82 86 78 49 49 49
939  45 2 89 76 74 42 32 87 69 71 78
940  2 43 95 95 20 20 40 96 36 19 94 61 51 27 54 62 35
941  63 52 77 87 44 78 7
942  45 25 46 10 90 32 26 96 8 82 59 7 37
943  10 92 31 18 40 61 87 86 44 93
944  45 11 40 6 44 71 78 39
945  98 58 89 10 36 24 82 65 72 27
946  89 92 74 32 29 23 36 36 87 59 16 81 54 78 56
947  58 91 49 12
948  43 43 89 4 31 18 18 26 22 13 8 84 59 54 35
949  99 43 58 44 72 50
950  55 63 32 21 6
951  9 28 51 97
952  73 18 23 8 1 35 35 5
953  85 29 13 13 69 71 78 49 38 35
954  34 95 92 30 22 96 8 82 88 86 51
955  98 34 32 65 81 71 93 50 12 5
956  98 55 2 74 21 22 86 16 51 71
957  11 47 20 23 7
958  14 58 75 47 92 73 18 21 23 22 19 59 81 7 70 70 53
959  55 85 4 31 29 91 26 65 51 71 37
960  34 95 63 20 60 26 27 37 39 97
961  98 99 55 55 10 75 90 31 20 67 60 69 37 50 80 62
962  55 43 58 40 26 13 19 94 61 87 6 54
963  14 55 15 85 92 20 23 94 66 48 27 78 93 97 5
964  99 11 4 75 74 73 60 26 65 51 93
965  89 89 73 91 36 8 82 9 93 93 70 79 1
966  14 17 17 90 20 82 86 27 70 70
967  45 95 75 92 30 23 82 1
968  14 2 10 57 90 52 23 24 9 28 51 49
969  55 25 20 77 87 65 72 7
970  99 45 58 46 21 8 71 71
971  43 43 41 60 26 24 8 48 78 93
972  89 11 74 67 22 84 59 71 50 38
973  43 46 4 32 77 84 28 78
974  45 43 41 89 17 63 21 59 51 56 1
975  25 95 31 24 66 69 9 37
976  2 85 75 73 26 19 87 59 78 5
977  99 55 45 46 90 74 73 32 36 88 54 1 64
978  89 10 68 22 8 69 48 93
979  99 76 3 73 52 22 61 84 86 51 49 12 35 33
980  55 58 17 57 63 20 40 77 36 13 69 72 27 38 97 97
981  15 2 83 87 48 56 35 64 53
982  76 73 29 83 19 6 16 50
983  45 89 42 9 44 16 51 78 70 80 62 35
984  99 46 47 76 90 91 96 8 93 97
985  34 46 47 92 30 52 65 79
986  14 85 85 4 31 24 94 78
987  20 96 44 70 39 12 64
988  14 42 69 81 50 62 56
989  2 11 57 0 82 39
990  99 14 45 45 41 46 92 74 36 94 82 87 66 12 97
991  98 89 11 74 30 26 23 13 66 54 49 80 1 5
992  98 95 17 63 92 90 67 77 82 84
993  15 89 11 29 18 18 52 86 78 70 39 62
994  55 58 89 17 11 11 73 29 26 94 84 51 50 80
995  98 45 41 10 68 52 82 81
996  25 15 41 75 47 74 91 96 36 94 69 39 56
997  34 55 15 85 11 92 3 67 83 19 28 72 37 50 1
998  85 73 29 91 18 21 40 52 82 64
999  25 4 11 29 83 77 87 69 44 28 72 53
