393 4.875316 52.38445 44493 0.673 0
245 4.898226 52.36408 26810 0.0 0
16 4.89138 52.367184 82922 0.0 0
340 4.884787 52.353176 29508 1.0 0
311 4.880675 52.36953 30350 1.0 0
317 4.897019 52.37145 27322 1.0 0
109 4.847451 52.34673 52470 1.0 0
412 4.901088 52.375317 27232 1.0 0
125 4.797314 52.362026 65312 1.0 0
443 4.920369 52.34307 74568 1.0 0
252 4.879471 52.38936 44718 1.0 0
42 4.867975 52.341496 1222 1.0 0
102 4.884297 52.354187 29524 0.0 0
396 4.849458 52.35485 57222 1.0 0
86 4.931207 52.371246 16650 1.0 0
190 4.892364 52.374233 27792 1.0 0
426 4.876817 52.347477 35718 1.0 0
373 4.895335 52.371666 27376 1.0 0
118 4.892996 52.355923 93166 1.0 0
201 4.886309 52.378937 45466 1.0 0
7 4.908151 52.381794 80868 1.0 0
80 4.886786 52.372288 30332 1.0 0
12 4.927231 52.35666 113950 1.0 0
312 4.896078 52.37635 28130 0.0 0
223 4.891485 52.369232 26872 1.0 0
200 4.886022 52.383305 45210 1.0 0
409 4.888173 52.377434 31084 1.0 0
323 4.889351 52.352028 34246 1.0 0
400 4.897886 52.375156 27110 1.0 0
74 4.910927 52.36552 25558 0.0 0
350 4.875016 52.38494 44870 1.0 0
415 4.893363 52.372228 28466 0.019 0
48 4.827646 52.350025 129516 0.0 0
120 4.899174 52.37177 27448 1.0 0
29 4.870489 52.3668 32094 1.0 0
65 4.896776 52.37153 27354 1.0 0
177 4.892547 52.35586 28698 1.0 0
62 4.864935 52.36143 32460 1.0 0
402 4.873113 52.33768 83116 1.0 0
134 4.888802 52.372185 30392 1.0 0
301 4.888866 52.357372 29612 1.0 0
197 4.900716 52.35547 28632 0.0 0
408 4.885838 52.380314 45292 1.0 0
137 4.889576 52.36712 74994 1.0 0
4 4.988623 52.37735 86378 1.0 0
299 4.879838 52.388885 44712 1.0 0
51 4.854498 52.35786 54462 1.0 0
275 4.906405 52.346226 23130 1.0 0
155 4.892793 52.38003 38762 1.0 0
180 4.899645 52.3534 28598 1.0 0
