0 0.0 0.0 15284 1.0 15
1 0.0 0.0 17427 0.0 65
2 0.0 0.0 15410 1.0 70
3 0.0 0.0 7916 0.0 53
4 0.0 0.0 9258 1.0 23
5 0.0 0.0 15035 0.0 51
6 0.0 0.0 5992 1.0 19
7 0.0 0.0 643 0.0 95
8 0.0 0.0 9913 0.0 38
9 0.0 0.0 19870 1.0 62
10 0.0 0.0 10805 0.0 44
11 0.0 0.0 2281 0.0 12
12 0.0 0.0 8930 1.0 35
13 0.0 0.0 14998 0.0 76
14 0.0 0.0 5771 0.0 15
15 0.0 0.0 7988 0.0 39
16 0.0 0.0 8984 0.0 15
17 0.0 0.0 5586 1.0 34
18 0.0 0.0 17843 0.0 53
19 0.0 0.0 9692 1.0 90
20 0.0 0.0 16093 1.0 97
21 0.0 0.0 2286 0.0 87
22 0.0 0.0 16144 0.0 92
23 0.0 0.0 11290 0.0 45
24 0.0 0.0 13723 0.0 98
25 0.0 0.0 20010 1.0 21
26 0.0 0.0 9586 1.0 18
27 0.0 0.0 990 0.0 72
28 0.0 0.0 8109 1.0 18
29 0.0 0.0 1764 0.0 45
30 0.0 0.0 6024 0.0 67
31 0.0 0.0 8728 0.0 10
32 0.0 0.0 2258 0.0 95
33 0.0 0.0 6341 1.0 41
34 0.0 0.0 13907 0.0 28
35 0.0 0.0 13382 1.0 15
36 0.0 0.0 6070 1.0 11
37 0.0 0.0 7331 0.0 78
38 0.0 0.0 7327 0.0 66
39 0.0 0.0 1851 1.0 68
40 0.0 0.0 13749 1.0 83
41 0.0 0.0 17076 0.0 6
42 0.0 0.0 3357 1.0 95
43 0.0 0.0 10863 1.0 74
44 0.0 0.0 7126 0.0 16
45 0.0 0.0 16226 1.0 29
46 0.0 0.0 11353 0.0 43
47 0.0 0.0 734 1.0 22
48 0.0 0.0 11583 1.0 25
49 0.0 0.0 1920 1.0 28
