0 0.0 0.0 2222 0.0 68
1 0.0 0.0 18811 1.0 57
2 0.0 0.0 3371 1.0 18
3 0.0 0.0 9707 0.0 37
4 0.0 0.0 10824 1.0 52
5 0.0 0.0 6489 1.0 35
6 0.0 0.0 1044 0.0 63
7 0.0 0.0 8093 0.0 77
8 0.0 0.0 12522 1.0 72
9 0.0 0.0 4113 0.0 80
10 0.0 0.0 1770 0.0 55
11 0.0 0.0 13112 0.0 97
12 0.0 0.0 5633 1.0 76
13 0.0 0.0 16364 0.0 92
14 0.0 0.0 7312 0.0 13
15 0.0 0.0 6828 1.0 33
16 0.0 0.0 13350 0.0 17
17 0.0 0.0 6742 0.0 16
18 0.0 0.0 4423 1.0 16
19 0.0 0.0 1334 1.0 21
20 0.0 0.0 19070 0.0 70
21 0.0 0.0 15141 1.0 77
22 0.0 0.0 6343 1.0 39
23 0.0 0.0 7042 1.0 37
24 0.0 0.0 20258 1.0 59
25 0.0 0.0 11796 1.0 4
26 0.0 0.0 16401 0.0 78
27 0.0 0.0 1519 0.0 77
28 0.0 0.0 9055 1.0 36
29 0.0 0.0 15497 0.0 56
30 0.0 0.0 11743 0.0 23
31 0.0 0.0 13703 1.0 78
32 0.0 0.0 14639 0.0 82
33 0.0 0.0 4755 0.0 36
34 0.0 0.0 19183 1.0 11
35 0.0 0.0 16036 0.0 98
36 0.0 0.0 3722 0.0 10
37 0.0 0.0 2804 0.0 82
38 0.0 0.0 7760 0.0 15
39 0.0 0.0 10950 0.0 65
40 0.0 0.0 19888 0.0 49
41 0.0 0.0 2928 1.0 94
42 0.0 0.0 13607 1.0 58
43 0.0 0.0 14346 0.0 25
44 0.0 0.0 13392 1.0 37
45 0.0 0.0 11389 1.0 44
46 0.0 0.0 5660 0.0 11
47 0.0 0.0 9855 1.0 18
48 0.0 0.0 7282 0.0 97
49 0.0 0.0 17309 1.0 80
