0 0.0 0.0 2255 1.0 77
1 0.0 0.0 18669 1.0 21
2 0.0 0.0 8670 1.0 24
3 0.0 0.0 12287 0.0 51
4 0.0 0.0 17460 0.0 51
5 0.0 0.0 142 0.0 14
6 0.0 0.0 16390 1.0 73
7 0.0 0.0 16823 1.0 46
8 0.0 0.0 9377 1.0 4
9 0.0 0.0 20145 1.0 99
10 0.0 0.0 7908 0.0 6
11 0.0 0.0 10397 1.0 17
12 0.0 0.0 13570 1.0 62
13 0.0 0.0 3680 1.0 16
14 0.0 0.0 10462 1.0 93
15 0.0 0.0 94 1.0 96
16 0.0 0.0 2777 1.0 41
17 0.0 0.0 6520 0.0 2
18 0.0 0.0 6321 0.0 4
19 0.0 0.0 17068 1.0 63
20 0.0 0.0 9907 0.0 44
21 0.0 0.0 4869 0.0 1
22 0.0 0.0 17736 0.0 10
23 0.0 0.0 4088 0.0 29
24 0.0 0.0 12055 0.0 85
25 0.0 0.0 15828 0.0 42
26 0.0 0.0 15838 0.0 25
27 0.0 0.0 8992 1.0 4
28 0.0 0.0 3740 0.0 30
29 0.0 0.0 399 1.0 26
30 0.0 0.0 2181 0.0 21
31 0.0 0.0 3647 1.0 64
32 0.0 0.0 7032 1.0 60
33 0.0 0.0 18604 0.0 19
34 0.0 0.0 8355 1.0 12
35 0.0 0.0 14173 0.0 88
36 0.0 0.0 2997 1.0 82
37 0.0 0.0 18225 1.0 12
38 0.0 0.0 15020 1.0 92
39 0.0 0.0 12064 0.0 55
40 0.0 0.0 3265 0.0 40
41 0.0 0.0 10060 1.0 97
42 0.0 0.0 12894 0.0 53
43 0.0 0.0 8998 0.0 88
44 0.0 0.0 16747 1.0 71
45 0.0 0.0 359 0.0 15
46 0.0 0.0 10995 1.0 49
47 0.0 0.0 15278 0.0 36
48 0.0 0.0 1300 0.0 16
49 0.0 0.0 8854 1.0 93
