0 43 9 6 18 21 47 46 10 3 13 31 0 26 30 25 19 11 39 28 
1 13 47 11 39 25 6 18 43 28 21 10 0 31 
2 43 1 28 17 21 25 36 0 13 10 47 6 
3 1 4 43 6 9 3 26 0 25 36 17 30 10 47 
4 43 39 30 17 47 6 35 26 9 0 31 11 36 3 
5 43 19 17 0 13 31 39 1 11 36 6 28 9 26 30 47 
6 43 3 13 30 24 47 11 39 25 26 0 10 36 6 18 17 9 
7 43 17 31 9 6 24 1 30 18 25 19 13 10 28 36 11 
8 43 1 39 10 18 19 13 17 4 9 26 35 6 3 30 
9 31 6 30 11 17 0 35 47 25 36 18 9 13 
10 19 46 17 18 24 13 6 9 10 30 4 28 47 35 0 31 3 
11 17 43 19 21 24 18 31 25 9 47 11 0 1 
12 26 39 1 9 17 13 31 3 19 28 10 30 0 47 35 18 
13 31 4 17 43 6 36 18 24 47 19 25 
14 11 3 21 24 10 25 18 13 47 28 30 19 
15 9 13 11 6 10 26 30 24 0 18 35 21 47 43 31 19 4 17 46 
16 24 18 43 21 13 1 35 30 4 47 19 25 
17 28 47 39 35 26 19 25 13 1 43 4 30 3 6 10 
18 36 31 3 19 21 47 25 39 6 17 30 28 26 0 18 4 
19 43 25 28 46 19 13 4 18 35 36 11 1 3 6 24 47 0 9 
20 43 3 6 17 30 39 11 36 10 47 1 13 26 25 
21 18 25 39 19 26 6 0 17 10 47 28 1 46 31 11 
22 21 35 25 10 30 4 18 0 1 47 19 
23 19 25 26 11 6 4 39 13 0 43 3 17 35 18 21 24 47 28 
24 11 43 30 36 4 25 21 24 13 9 47 17 3 18 39 28 6 1 
25 19 36 43 24 39 25 9 3 46 28 11 26 1 47 10 4 
26 17 3 6 18 24 10 30 9 25 21 1 35 4 39 31 19 
27 25 26 39 4 6 21 46 18 47 3 19 1 11 
28 43 26 10 17 25 11 46 18 36 39 35 31 0 1 21 28 
29 13 24 43 35 28 17 30 3 4 10 11 39 19 25 
30 26 0 10 21 46 13 35 31 11 43 36 6 30 25 3 19 
31 11 3 46 4 43 36 28 13 1 21 19 10 39 6 47 
32 28 0 1 10 35 39 36 4 18 30 
33 19 21 1 35 17 6 39 3 18 26 25 11 28 31 9 30 
34 36 4 18 10 11 21 47 31 3 24 17 9 
35 39 13 46 36 21 3 10 17 9 4 11 43 0 18 25 
36 31 35 13 25 11 21 46 1 4 17 3 26 39 
37 10 26 39 4 13 11 9 19 47 3 46 35 43 
38 43 35 30 13 10 26 24 1 31 11 19 6 28 
39 43 47 30 19 3 26 10 21 31 36 4 11 13 39 6 
40 1 13 39 9 10 35 47 28 21 24 43 11 18 31 
41 3 36 0 46 28 13 47 25 4 39 18 21 26 24 1 31 
42 21 11 36 17 9 35 6 10 19 18 30 46 1 
43 43 46 18 17 31 13 10 0 3 11 30 1 47 
44 47 11 28 36 31 25 9 35 4 17 24 3 
45 18 11 31 19 25 30 43 35 39 28 21 
46 43 26 4 28 36 24 13 47 3 21 35 0 39 17 11 
47 17 39 31 30 4 13 19 46 43 24 3 26 35 47 11 36 1 21 25 
48 43 4 30 9 10 18 31 46 39 35 13 21 
49 24 1 46 39 3 13 4 25 10 30 47 11 9 18 43 28 31 0 
50 39 0 30 19 11 46 1 24 10 13 6 9 36 26 3 35 18 47 25 
51 28 43 1 47 11 4 6 0 39 13 35 18 24 46 
52 18 3 1 9 25 47 11 17 26 36 4 
53 43 17 18 28 4 1 31 11 35 26 36 6 13 39 10 25 
54 25 6 21 26 46 43 11 19 17 30 18 36 1 
55 26 10 30 1 17 46 21 36 3 43 9 0 11 
56 3 10 18 47 31 43 17 1 36 9 21 19 25 30 35 
57 21 11 24 46 13 6 0 25 26 39 4 47 28 
58 43 3 0 18 4 36 6 26 11 39 1 35 31 
59 18 46 28 43 13 4 21 31 3 6 9 1 0 30 47 35 11 24 17 
60 30 11 1 0 4 43 39 17 47 31 25 3 
61 17 30 1 9 13 47 18 11 39 
62 3 21 24 25 13 26 1 19 36 43 6 31 4 11 35 0 39 9 47 46 
63 46 39 30 21 9 35 13 10 11 18 17 26 31 
64 43 46 39 13 25 35 19 30 28 21 3 18 
65 47 35 1 36 10 17 11 0 21 43 26 13 28 4 39 18 30 25 
66 43 0 4 10 36 13 1 26 18 28 30 24 17 19 25 
67 28 39 24 10 1 4 6 0 43 13 31 47 17 25 11 35 9 
68 6 0 24 19 31 11 1 21 13 46 4 17 3 25 47 
69 46 43 9 35 18 24 31 11 26 47 17 0 19 4 1 28 
70 3 46 36 13 21 30 1 17 35 9 11 4 
71 6 18 39 10 30 11 24 1 43 3 25 0 4 46 35 47 
72 17 30 47 19 0 46 9 18 36 6 43 13 39 21 24 11 1 
73 21 24 25 6 4 1 28 43 11 47 39 18 31 36 
74 43 1 21 36 4 0 9 10 35 3 26 47 11 17 
75 30 4 10 0 13 18 1 43 3 17 28 26 24 36 
76 13 24 36 25 9 4 30 47 10 46 43 21 11 0 39 17 26 31 
77 43 28 9 6 11 13 0 19 39 35 18 3 
78 31 13 0 6 43 36 18 9 26 3 24 25 
79 39 11 13 1 6 31 9 46 0 30 18 35 43 3 
80 43 4 47 10 26 31 36 28 35 46 11 13 17 18 25 6 0 39 
81 13 30 1 39 47 17 0 26 11 28 21 25 10 46 
82 43 13 47 17 6 21 39 3 25 1 
83 17 18 36 24 1 30 13 6 11 9 25 0 47 28 
84 43 30 35 13 0 24 46 39 6 3 31 21 17 4 26 10 19 47 11 
85 18 28 10 39 6 25 11 46 0 1 30 43 4 35 31 13 
86 21 24 1 4 13 39 6 35 43 11 
87 6 18 25 10 43 26 19 31 24 11 36 30 4 9 35 
88 4 11 30 6 47 35 17 25 13 28 26 1 10 43 
89 43 3 17 6 1 30 36 0 13 10 18 21 46 35 31 4 
90 21 10 18 24 28 46 43 31 39 0 13 30 9 36 1 
91 43 18 31 36 4 47 19 28 9 26 25 30 24 11 13 17 39 21 1 
92 28 4 19 17 31 39 18 25 1 0 36 24 11 10 35 47 9 
93 3 19 9 30 47 46 18 11 43 17 35 13 6 28 0 1 25 
94 24 47 4 26 46 6 31 35 1 10 21 13 0 30 
95 13 36 47 11 46 26 21 39 19 17 28 9 6 31 30 
96 43 39 18 46 4 31 3 24 36 1 26 13 30 21 11 
97 39 13 25 11 21 46 24 0 3 10 17 31 
98 25 19 3 26 10 24 31 0 13 4 46 18 21 1 17 43 
99 39 4 13 43 18 35 11 0 46 6 21 10 25 
100 43 35 13 30 19 46 39 9 6 10 21 24 31 25 11 36 28 0 
101 25 28 36 6 30 1 24 10 17 0 11 39 19 13 9 
102 6 31 18 30 1 39 0 46 13 10 43 4 26 47 24 36 19 
103 13 26 43 11 36 6 39 47 4 19 21 10 3 
104 46 18 47 35 39 17 21 1 36 13 26 9 28 0 24 3 25 10 19 43 
105 46 24 4 35 43 31 25 11 26 47 6 18 13 39 
106 36 39 0 43 13 17 19 6 30 25 4 35 47 31 11 28 
107 26 28 0 1 3 30 11 39 36 43 6 35 31 
108 43 11 36 0 18 30 31 3 6 21 13 35 19 10 
109 9 6 21 47 26 25 10 17 19 13 11 0 4 1 18 
110 3 35 21 24 0 10 28 1 11 13 4 39 9 47 6 30 46 
111 11 17 21 25 3 35 4 9 13 1 10 43 18 28 
112 4 25 1 26 17 31 28 9 39 24 35 13 10 30 
113 25 10 28 35 3 46 13 36 1 31 39 6 9 30 
114 3 0 1 46 24 9 4 6 10 43 13 35 28 31 30 11 
115 26 1 4 13 25 3 18 24 11 6 10 46 21 31 43 0 30 35 
116 10 1 18 35 39 13 6 17 31 11 19 43 24 
117 4 46 13 3 18 36 39 26 17 35 31 30 47 
118 1 18 36 31 11 10 0 43 26 13 19 39 21 25 
119 30 0 11 39 24 47 13 25 28 10 21 9 31 35 1 18 6 
120 47 10 21 24 39 4 1 30 31 19 25 13 35 0 46 
121 43 26 3 39 11 24 47 35 13 6 17 30 21 19 9 0 36 
122 11 26 28 9 31 47 46 4 18 10 36 6 17 30 3 
123 36 13 11 10 31 19 30 24 0 35 
124 1 11 19 36 24 31 13 39 10 21 17 0 47 4 
125 10 17 36 39 19 18 43 11 13 1 6 28 24 9 
126 1 0 36 6 13 43 35 10 24 19 17 30 25 11 18 21 47 39 
127 24 26 0 21 25 6 31 39 13 36 43 28 1 19 10 
128 26 0 31 6 43 25 39 24 3 11 10 28 13 30 35 
129 9 39 0 13 43 18 30 47 36 6 28 25 
130 43 4 17 39 25 30 1 18 24 9 19 6 35 28 11 46 47 26 
131 9 13 6 4 39 26 11 17 46 36 3 0 18 30 21 24 31 
132 43 19 39 13 18 47 3 11 46 26 28 10 
133 43 28 21 31 47 26 10 3 4 18 24 1 11 25 39 
134 3 6 26 21 11 4 35 46 0 24 1 13 25 
135 18 36 13 30 9 28 46 47 25 17 43 19 6 0 21 26 
136 39 17 6 31 28 11 9 26 1 47 46 25 43 13 4 18 10 30 21 
137 26 36 13 47 9 6 24 46 11 0 30 17 31 3 4 19 1 
138 43 21 25 17 47 36 13 3 35 39 4 46 1 0 18 
139 43 30 24 35 4 11 46 0 13 21 18 36 26 
140 9 39 1 46 28 36 26 10 3 4 35 43 24 31 
141 13 6 10 19 30 46 26 0 43 17 21 28 24 11 25 1 47 31 36 
142 35 13 10 30 24 11 25 31 39 6 28 1 36 3 
143 3 47 0 25 28 9 30 21 46 19 18 13 24 1 10 
144 26 19 35 11 28 3 36 13 30 39 21 
145 17 0 19 13 25 18 36 39 4 43 35 26 10 31 
146 19 35 4 39 10 0 30 9 21 3 25 46 6 
147 19 17 30 39 36 11 3 13 18 1 24 46 35 4 10 0 
148 10 31 26 28 36 3 43 19 4 13 39 17 35 0 30 21 11 6 
149 35 17 6 3 46 9 30 18 24 10 21 19 36 
150 43 46 6 39 30 0 24 17 21 13 10 3 9 
151 24 47 11 10 3 6 18 35 1 
152 10 0 28 35 17 24 4 31 36 1 25 13 21 47 
153 10 25 26 18 3 11 30 17 9 24 1 31 46 
154 11 39 17 18 25 31 24 47 46 43 6 1 19 
155 43 3 30 13 4 10 18 11 19 0 25 31 35 28 46 
156 1 31 25 11 39 0 10 46 4 47 13 35 6 26 19 43 36 
157 24 31 4 1 9 13 0 21 43 17 36 35 46 47 18 
158 47 35 0 11 17 19 10 31 46 3 21 1 
159 6 19 43 21 28 9 1 11 39 10 0 31 3 36 17 
160 26 28 9 19 13 36 30 1 47 35 21 31 10 46 39 43 
161 9 0 31 21 11 28 39 13 36 24 35 17 26 30 1 25 
162 28 21 24 47 39 13 0 30 6 43 3 46 36 17 1 10 18 11 
163 17 30 36 47 24 28 39 26 3 11 6 18 21 31 19 10 
164 43 24 13 46 39 11 36 35 30 25 19 0 
165 47 26 30 4 25 9 43 1 21 31 19 39 46 
166 4 47 19 36 43 1 13 30 11 35 18 0 39 
167 43 18 11 13 24 47 10 0 46 6 9 36 35 
168 26 9 6 47 31 19 4 13 36 24 18 25 21 3 35 
169 47 11 26 13 39 30 36 6 18 35 10 17 24 19 31 43 1 0 25 
170 25 39 13 0 1 3 26 6 28 18 21 24 4 43 30 31 
171 4 43 36 3 35 39 26 9 18 17 24 25 
172 3 30 9 13 21 46 31 10 19 36 28 24 26 6 35 18 
173 17 11 35 24 13 0 3 19 28 18 30 31 36 6 1 47 
174 3 26 18 28 9 13 19 30 47 11 24 
175 6 36 25 46 10 39 17 31 35 1 0 18 30 
176 13 19 47 11 43 26 18 3 31 30 39 17 46 
177 26 1 11 19 30 46 17 47 28 31 36 9 3 
178 3 36 18 4 21 46 9 31 47 0 6 1 30 17 10 25 
179 31 18 47 9 39 1 6 36 46 10 17 0 25 13 24 
180 3 19 17 6 30 0 26 43 36 46 25 9 
181 46 30 25 1 11 21 36 10 3 24 35 9 
182 0 11 46 13 28 30 19 6 35 25 3 39 10 18 21 47 36 43 4 26 17 
183 6 17 21 24 39 43 18 46 11 13 25 1 3 31 28 30 9 26 
184 43 18 47 13 25 4 31 36 26 21 39 35 30 
185 9 0 39 36 19 47 46 28 43 17 11 30 21 31 
186 35 4 18 46 3 10 28 39 26 21 9 
187 43 13 4 36 30 11 0 3 25 19 46 21 6 
188 43 35 17 10 0 30 11 26 3 28 36 9 1 19 47 
189 4 28 10 35 46 6 24 39 36 11 21 47 1 26 3 0 31 25 
190 6 47 26 17 39 10 3 25 11 46 
191 1 35 19 17 26 36 0 31 4 18 11 46 43 
192 43 21 19 1 13 3 6 46 10 36 35 11 28 30 
193 28 39 43 24 9 10 21 6 35 17 18 46 19 25 4 0 36 
194 28 0 30 19 13 36 26 11 31 35 47 25 17 1 4 39 43 3 
195 26 47 1 19 6 10 46 3 24 43 18 9 11 
196 4 1 35 19 3 39 30 26 17 0 6 21 11 46 10 24 
197 43 35 25 36 3 10 1 18 28 17 24 11 
198 28 47 11 9 1 24 46 36 30 19 18 21 13 
199 17 0 18 46 36 1 10 26 25 19 21 39 28 24 
200 43 28 46 36 21 11 13 4 47 10 3 26 6 1 31 9 
201 43 28 36 10 17 47 1 11 39 3 6 21 19 0 25 30 
202 3 0 9 30 47 24 25 17 21 36 43 13 31 
203 13 25 1 30 0 10 3 35 4 18 28 9 
204 19 0 11 10 31 36 6 4 30 25 1 24 39 9 47 28 13 
205 31 36 11 24 10 30 4 1 39 0 28 43 25 3 
206 24 28 13 0 43 9 30 21 17 36 35 1 39 
207 26 31 11 17 47 13 3 39 19 0 43 18 46 4 30 1 
208 3 13 35 11 31 17 43 24 18 46 36 4 10 
209 43 18 24 46 3 6 35 4 39 36 28 21 13 17 11 19 
210 46 43 25 10 47 31 30 21 24 13 39 
211 47 31 24 13 6 43 10 17 11 39 1 9 0 21 19 
212 43 9 6 24 17 18 4 21 1 46 30 31 11 10 36 
213 28 19 17 21 46 35 36 26 3 25 47 
214 9 30 26 10 18 36 17 35 0 47 31 3 13 
215 35 19 36 9 46 13 17 18 10 11 39 28 26 1 24 47 0 
216 6 25 36 30 3 11 46 31 26 19 18 28 47 39 21 
217 35 47 26 6 17 19 18 36 9 4 25 11 
218 43 26 10 25 19 47 28 18 35 1 4 30 
219 0 13 43 9 39 30 19 10 3 36 35 1 28 
220 26 46 24 4 39 19 6 18 35 30 21 31 11 47 3 36 
221 11 26 0 30 24 1 35 13 18 10 17 21 
222 3 21 11 28 43 26 30 1 17 18 9 39 10 31 19 35 46 24 0 36 
223 43 6 36 30 28 18 24 31 9 11 1 46 35 19 
224 43 17 31 11 35 6 47 18 1 24 26 46 3 39 
225 1 10 35 30 6 11 3 36 28 43 25 4 13 46 19 
226 3 17 1 28 47 30 18 31 10 43 0 11 39 35 46 25 
227 43 19 47 1 30 3 35 17 13 21 24 10 36 6 18 46 25 
228 43 25 4 0 35 10 19 17 21 31 36 30 47 11 1 26 13 
229 43 36 6 17 47 3 31 9 4 30 24 
230 0 30 4 43 47 35 46 36 19 18 31 3 10 28 1 17 21 11 
231 31 3 26 24 6 18 11 13 17 39 28 1 19 47 
232 26 18 21 35 36 4 1 17 46 19 9 25 11 30 47 
233 13 26 36 30 24 9 46 21 28 0 43 18 35 47 
234 1 26 36 17 46 35 21 31 6 0 24 47 28 39 9 13 18 30 19 11 
235 39 11 17 10 46 4 18 0 19 36 47 26 30 31 
236 43 35 39 28 4 10 47 36 24 6 3 26 31 
237 4 11 28 19 17 3 26 24 46 21 1 6 0 39 31 36 
238 46 17 24 39 13 35 4 6 30 19 1 43 31 21 47 36 28 0 18 26 3 25 
239 24 28 31 43 26 6 47 3 11 46 9 19 30 25 10 17 35 0 36 
240 1 46 39 31 36 26 13 18 35 21 28 10 3 25 17 30 
241 39 25 46 21 47 43 18 9 11 1 
242 0 35 47 6 21 18 46 19 43 9 30 25 
243 36 21 31 47 1 0 11 6 18 25 39 46 43 9 19 
244 39 6 31 25 35 10 17 26 18 11 36 4 46 9 28 30 43 
245 6 10 1 30 19 9 36 18 31 0 47 
246 21 36 11 9 19 10 35 31 0 26 46 3 
247 43 26 4 25 30 19 46 39 9 28 21 3 0 18 47 6 1 
248 9 6 35 46 39 21 13 47 10 17 18 30 3 19 1 26 
249 10 39 21 17 19 3 47 35 30 24 25 43 18 36 0 11 
250 3 19 13 28 46 43 36 30 21 35 6 18 47 39 1 24 26 11 31 
251 46 39 13 24 28 36 10 35 19 6 1 31 21 
252 43 9 13 46 25 11 10 35 39 17 26 19 36 0 6 
253 26 35 21 9 24 31 1 25 0 4 28 10 30 13 46 39 43 19 
254 43 3 36 0 35 46 30 1 39 9 11 19 6 13 26 4 21 
255 28 17 31 11 46 43 10 26 1 0 18 30 19 36 25 
256 13 1 21 28 26 19 35 25 4 0 18 10 47 46 11 
257 19 10 46 36 30 24 9 25 43 6 28 3 17 1 
258 21 47 36 4 18 31 26 24 3 6 9 39 17 11 28 25 13 
259 3 17 10 43 18 26 0 9 47 25 19 24 28 11 46 13 36 6 
260 43 35 46 31 4 11 3 17 10 30 47 13 0 9 25 
261 35 10 36 30 13 18 25 46 39 26 6 43 
262 46 1 26 39 17 0 31 18 11 10 4 21 43 25 
263 13 47 1 19 31 10 21 36 43 30 18 4 17 24 26 
264 43 21 47 9 36 1 3 11 26 25 19 0 39 18 
265 3 13 21 11 6 0 30 26 1 28 24 9 43 18 
266 0 21 1 19 18 30 25 31 11 13 10 3 36 
267 3 6 26 19 11 25 43 28 9 4 46 35 
268 28 13 6 0 36 3 18 47 1 43 17 11 9 
269 36 25 9 19 39 43 46 24 18 31 6 21 35 30 
270 17 25 3 6 19 13 21 28 10 0 47 35 18 46 9 43 
271 11 46 18 10 47 0 43 25 17 31 36 
272 24 35 31 3 28 17 26 39 36 18 11 13 1 
273 47 9 36 46 19 39 24 43 10 30 
274 43 18 35 19 28 30 1 0 39 24 11 3 31 
275 26 24 46 30 21 36 4 31 28 47 43 18 25 35 11 
276 21 47 17 0 25 3 13 10 43 9 35 30 6 46 28 18 11 1 24 
277 17 36 25 19 26 3 4 43 35 
278 35 1 39 6 10 17 43 28 18 46 47 21 26 4 0 
279 30 3 18 19 35 36 13 17 21 47 31 1 46 43 25 11 
280 6 30 24 46 31 28 39 43 0 21 35 17 47 11 
281 26 43 1 36 47 17 25 3 31 28 35 9 19 30 21 
282 0 3 19 10 13 1 21 24 11 4 25 18 35 26 
283 10 47 28 36 26 3 13 0 31 17 35 18 43 11 24 6 25 
284 3 30 31 10 21 11 17 35 25 18 43 24 1 
285 3 35 36 9 47 11 21 19 18 26 1 39 13 
286 1 19 13 46 3 4 26 6 17 28 35 31 
287 28 13 6 26 1 30 39 36 10 47 19 24 0 
288 17 25 30 28 9 19 26 24 6 46 39 36 13 31 10 47 
289 26 39 35 13 21 19 4 9 36 1 18 28 10 
290 39 0 35 3 24 46 10 17 1 6 9 26 47 28 11 
291 35 24 3 11 39 9 1 4 0 46 19 47 30 36 6 17 43 
292 18 31 3 13 24 47 35 11 30 1 36 28 46 
293 13 0 30 39 9 43 24 36 17 46 35 25 19 10 26 
294 13 6 17 31 28 19 25 46 26 18 35 3 47 11 
295 19 18 6 17 47 31 11 25 39 26 28 24 10 4 21 1 
296 30 3 35 43 36 21 46 13 18 31 1 25 19 26 47 6 9 11 
297 24 3 0 21 13 17 11 39 28 4 35 30 9 36 6 10 47 
298 4 46 3 30 35 10 47 0 31 39 36 43 19 13 
299 18 19 6 0 3 1 30 47 25 17 39 46 9 13 
300 30 24 17 6 43 25 19 4 1 47 3 28 0 9 
301 11 28 39 0 10 1 31 25 18 9 26 35 46 43 19 36 
302 43 4 6 18 3 30 21 28 9 31 19 36 47 39 10 26 
303 39 17 4 9 31 11 24 43 19 3 30 26 36 13 35 46 1 28 
304 43 46 19 24 11 3 39 4 30 35 1 17 47 21 31 25 28 
305 26 18 35 6 21 11 9 46 24 19 17 39 4 43 30 
306 35 3 19 6 0 13 18 24 1 10 21 26 30 4 9 
307 43 30 24 9 0 4 11 39 
308 6 4 46 18 31 11 30 17 24 43 39 1 26 13 10 47 0 35 
309 11 19 25 28 46 31 26 36 18 6 47 
310 17 36 0 35 39 30 31 19 28 47 10 46 13 
311 43 46 10 0 24 6 47 31 39 18 36 26 1 11 30 
312 24 6 0 9 39 26 11 19 1 18 17 28 31 35 43 13 36 
313 35 3 11 10 13 28 36 17 43 39 0 18 21 
314 47 1 18 11 43 4 30 9 36 28 21 26 13 6 17 3 46 35 10 31 
315 39 4 30 31 19 17 11 1 47 6 21 25 43 46 24 
316 19 6 9 30 47 39 26 35 36 3 
317 18 31 25 17 4 6 21 39 28 1 3 36 10 46 11 13 26 35 
318 43 13 31 26 19 18 0 25 46 4 30 3 35 21 47 1 
319 47 18 10 4 26 24 28 0 3 21 19 39 
320 35 46 4 31 18 25 43 28 17 47 39 10 1 
321 46 26 1 13 28 19 43 21 24 17 11 39 36 10 35 6 47 
322 9 26 24 1 39 30 19 10 21 43 0 35 28 
323 43 35 30 25 39 17 10 4 1 18 36 26 0 13 21 11 
324 43 4 6 46 36 21 31 39 13 10 0 35 26 11 30 25 
325 18 35 0 25 3 26 46 31 21 19 4 9 24 1 
326 24 36 0 43 4 17 19 28 13 46 6 31 25 11 1 
327 39 36 3 26 30 21 25 10 28 31 9 0 13 46 47 18 
328 26 13 36 9 46 43 6 21 24 1 17 
329 6 18 36 10 11 9 4 1 3 0 43 35 26 19 39 28 
330 43 13 0 24 35 4 21 26 30 19 47 11 3 46 39 17 25 28 
331 46 47 31 39 10 3 26 11 4 1 0 43 9 35 
332 43 36 6 47 10 31 25 4 1 17 39 30 11 
333 36 43 30 0 1 13 24 21 47 46 10 
334 39 4 6 30 21 24 28 19 13 35 36 43 0 3 47 26 25 
335 26 1 47 30 36 13 18 35 28 21 19 6 
336 6 18 30 25 9 13 17 21 11 19 10 
337 4 10 1 43 17 30 47 11 9 6 19 25 21 0 46 
338 43 4 0 47 6 24 17 1 30 18 21 28 9 31 13 25 
339 26 4 28 10 17 39 36 19 9 25 21 
340 25 26 43 35 4 6 0 3 46 1 47 18 
341 43 26 18 25 35 31 19 36 0 28 17 3 11 10 
342 19 13 4 10 25 31 1 17 46 36 28 18 
343 3 35 6 4 24 31 25 11 36 18 26 43 13 0 9 
344 43 6 0 10 30 28 46 25 24 1 3 9 21 
345 36 24 31 47 9 46 13 18 10 3 25 35 17 0 6 43 28 
346 11 43 30 21 35 18 46 17 24 10 25 28 9 26 3 
347 17 35 26 19 47 3 0 18 36 13 28 43 11 
348 43 19 47 4 13 28 46 6 11 25 1 3 10 21 9 18 
349 35 39 18 21 19 6 47 31 4 46 0 1 26 25 36 
350 10 31 26 28 21 30 24 43 9 46 19 25 39 35 18 11 
351 28 10 36 43 3 26 19 35 1 31 46 11 0 18 47 6 17 
352 26 11 46 39 17 36 18 4 3 28 6 31 
353 3 9 17 36 6 1 47 0 46 30 25 13 35 28 26 24 
354 30 36 28 21 13 18 39 25 19 47 24 17 3 26 9 31 
355 1 28 24 4 30 19 46 6 0 3 
356 43 13 36 17 18 39 26 47 24 0 1 21 35 10 
357 1 13 31 3 26 39 21 35 0 18 36 17 46 11 9 
358 1 46 17 47 9 43 19 10 35 39 13 25 11 0 6 21 4 36 
359 35 26 19 6 46 39 47 11 31 0 25 21 
360 4 35 3 43 36 47 31 26 6 13 18 9 25 
361 43 26 39 19 17 30 6 11 36 31 25 35 46 0 47 9 24 4 
362 19 47 24 43 39 6 31 9 46 1 10 25 11 28 13 35 
363 18 24 3 30 36 35 10 31 25 0 21 47 39 1 17 
364 13 11 26 35 30 47 0 24 21 36 1 31 
365 43 1 19 26 4 47 31 21 9 11 28 25 36 35 
366 43 25 1 28 9 4 26 39 11 10 13 31 0 3 46 6 17 
367 11 6 30 31 0 24 19 46 13 47 9 3 26 
368 19 9 17 36 0 13 43 4 28 10 18 47 
369 18 26 46 11 25 39 3 36 17 
370 3 6 0 10 26 39 11 17 21 18 19 
371 13 39 21 1 0 30 46 24 36 18 25 17 47 35 43 
372 46 30 26 43 36 28 4 6 1 21 31 11 
373 13 10 19 35 31 47 25 43 0 26 11 36 24 39 
374 43 36 13 21 10 31 17 46 25 1 9 18 39 3 47 35 28 
375 19 10 21 30 28 35 11 36 1 17 25 47 39 26 13 0 31 4 
376 43 18 26 1 28 30 0 31 25 11 3 24 39 13 9 35 46 
377 35 10 30 25 31 11 3 26 1 4 43 46 13 39 21 6 19 17 
378 13 3 36 25 10 11 24 0 47 46 39 9 21 28 
379 3 35 46 13 26 21 19 17 47 39 25 0 18 31 
380 43 19 28 10 3 13 6 1 0 9 35 30 47 39 46 11 
381 19 13 4 28 10 17 9 35 36 18 21 30 47 1 6 
382 9 13 11 25 39 10 0 18 26 6 24 43 36 31 
383 30 31 6 19 21 3 46 47 39 35 1 26 9 
384 30 46 28 0 17 9 24 11 
385 17 30 47 24 31 35 39 0 43 21 18 46 11 
386 1 24 46 47 36 13 6 30 3 4 19 11 
387 10 9 39 6 21 25 26 24 19 13 0 3 36 1 11 17 46 
388 1 3 36 39 19 21 26 24 43 6 11 28 30 
389 43 6 13 28 30 17 35 4 25 26 46 
390 1 39 6 10 25 43 31 30 11 17 47 4 26 3 28 46 
391 1 35 4 30 6 47 43 0 9 13 
392 3 13 26 28 10 0 39 1 21 35 43 11 47 18 
393 30 10 25 9 35 17 28 46 6 19 13 0 31 39 21 
394 18 30 31 35 6 39 1 0 43 21 46 26 19 3 10 
395 1 36 18 25 39 24 21 30 0 9 35 13 17 28 
396 19 28 0 3 24 13 26 25 36 21 31 46 10 43 
397 43 3 28 19 31 11 17 6 10 47 35 26 30 4 9 1 13 39 0 36 21 
398 35 18 0 43 30 19 24 47 4 36 13 46 10 9 21 
399 3 10 46 0 18 6 43 26 39 31 35 25 11 
400 3 11 19 39 30 47 1 35 9 31 25 0 24 6 28 
401 39 30 43 46 4 10 26 13 19 47 36 1 6 31 25 
402 43 11 18 9 13 30 46 19 36 10 3 39 26 28 17 
403 19 4 17 11 21 31 24 1 43 35 
404 17 1 3 30 28 9 35 13 4 10 18 11 26 
405 25 28 3 19 36 21 46 1 26 11 39 
406 19 43 6 30 31 21 24 1 11 13 39 17 
407 28 4 3 47 11 6 35 17 31 10 0 19 18 21 1 9 
408 30 26 3 46 39 0 35 19 13 31 10 18 9 
409 28 24 1 9 36 46 19 13 39 26 30 11 18 43 
410 43 10 47 46 0 1 6 35 36 4 9 24 28 17 21 
411 43 3 25 4 17 31 9 13 6 28 30 
412 1 26 10 6 17 25 4 0 18 13 28 30 19 
413 17 24 1 43 25 19 13 0 39 9 10 35 
414 43 18 0 31 47 46 17 39 35 30 13 6 1 
415 43 28 6 9 0 25 10 30 46 17 31 36 26 18 39 
416 31 43 39 11 0 26 3 9 19 35 13 
417 30 25 3 39 17 21 6 4 19 9 18 47 26 46 1 35 0 43 
418 36 47 1 35 19 10 21 9 26 11 3 
419 43 26 28 18 47 39 9 31 1 36 4 25 
420 43 28 9 39 13 35 46 36 0 25 21 10 17 18 4 26 6 19 
421 47 19 0 9 36 18 28 21 31 1 11 4 13 24 
422 30 4 36 43 17 0 46 3 26 10 28 6 39 11 9 1 24 
423 30 11 46 31 25 35 10 26 36 28 13 1 0 39 43 6 21 
424 1 28 6 31 18 3 19 36 10 4 26 30 24 
425 3 1 11 17 13 0 19 9 30 4 10 18 
426 13 43 28 31 4 17 25 19 0 46 26 47 3 21 
427 1 10 24 18 39 13 21 31 3 17 35 9 0 25 30 
428 4 1 39 31 11 9 6 13 3 30 25 43 0 28 17 35 26 46 19 
429 43 9 47 19 25 30 36 4 0 21 1 3 11 46 13 28 39 35 
430 1 39 36 17 35 24 30 25 46 26 4 21 9 10 0 31 
431 25 26 3 1 6 18 24 4 43 36 46 28 47 
432 43 39 17 30 1 19 21 10 9 25 11 28 
433 9 0 30 35 13 25 39 26 19 3 36 6 17 21 24 
434 21 36 47 31 35 43 18 46 17 
435 10 47 26 25 28 35 46 11 0 31 13 39 
436 10 9 13 28 11 19 1 17 6 39 31 
437 24 25 13 17 11 46 36 47 35 19 43 0 
438 43 6 30 31 4 10 24 47 11 3 18 
439 21 39 47 28 17 25 9 31 26 4 35 
440 35 47 26 17 43 21 36 25 4 11 28 39 24 6 1 
441 43 4 1 28 10 11 39 24 46 17 25 18 30 13 31 36 3 9 
442 6 17 35 10 0 24 47 13 9 31 43 
443 1 17 25 13 28 36 3 9 0 47 4 24 11 18 
444 4 3 9 36 11 6 31 25 43 19 10 35 28 21 24 0 30 47 
445 19 47 25 0 21 43 36 46 11 4 10 18 35 
446 19 10 47 6 18 24 35 30 0 39 4 21 
447 46 3 9 0 11 4 31 17 1 30 43 6 10 47 19 24 
448 1 13 4 18 21 17 30 0 24 6 47 25 
449 19 3 26 25 24 46 36 18 1 21 28 
450 3 13 4 18 47 11 0 46 36 10 6 9 1 28 
451 4 28 25 6 1 19 26 43 30 10 36 0 
452 9 35 26 10 28 21 11 43 0 13 1 46 4 6 18 25 17 
453 43 35 36 6 30 21 24 39 17 19 4 
454 35 39 10 21 31 11 28 43 6 25 47 0 36 13 17 30 3 26 
455 43 1 19 6 36 21 10 9 0 47 13 3 
456 43 1 28 0 30 6 31 25 39 35 
457 43 21 46 1 47 10 24 13 9 30 26 6 18 28 
458 28 1 46 9 36 47 10 26 0 24 18 
459 3 31 19 11 0 43 28 9 24 4 17 25 26 47 13 6 46 39 1 35 
460 18 47 1 17 43 31 25 26 0 35 36 4 24 19 11 
461 1 35 46 13 28 26 11 3 36 6 31 9 24 25 4 39 
462 18 46 4 39 43 19 10 11 36 3 17 0 26 30 47 28 
463 39 6 18 0 26 21 31 11 36 9 43 28 46 13 25 10 3 
464 6 28 35 39 36 0 43 3 13 24 26 18 11 17 
465 1 30 13 21 25 3 39 0 19 11 18 4 31 24 26 
466 19 11 36 39 0 35 46 3 47 4 18 10 24 25 
467 26 46 36 6 30 28 19 31 43 35 0 47 
468 3 26 10 18 6 30 21 4 25 46 39 13 9 1 28 
469 26 19 13 4 17 46 39 43 36 35 28 21 30 11 6 0 3 31 
470 43 46 36 17 30 35 47 4 1 9 3 6 28 39 24 31 18 21 13 11 
471 18 10 17 26 35 39 4 21 3 36 1 25 13 11 46 
472 1 46 19 6 39 18 24 47 17 9 35 25 31 26 13 0 21 
473 1 46 19 43 13 21 11 17 28 39 26 35 9 36 10 30 3 47 
474 3 19 47 1 28 18 31 0 21 24 10 26 13 25 
475 10 11 36 3 4 19 43 28 25 1 0 30 47 13 
476 13 25 3 21 35 30 26 0 36 24 
477 28 25 3 39 47 24 17 26 13 19 31 4 
478 36 10 17 26 43 13 46 19 0 24 11 35 30 9 
479 43 1 3 28 13 10 17 26 25 47 21 31 30 36 46 9 18 
480 39 13 17 35 46 6 0 26 11 21 28 47 4 25 24 31 
481 10 35 46 36 11 43 18 30 4 9 21 26 47 1 6 
482 21 24 39 36 6 47 0 11 28 10 30 31 
483 18 9 0 11 36 19 13 17 25 6 30 1 3 26 31 35 47 
484 43 19 6 31 35 10 0 47 36 11 21 46 13 25 26 30 24 
485 24 36 6 17 28 21 35 9 46 0 
486 35 4 39 30 25 1 11 36 3 17 28 0 47 46 10 
487 43 0 6 18 35 17 46 1 13 4 39 10 9 
488 46 4 25 6 13 39 21 1 28 18 43 17 
489 35 18 3 13 4 10 0 11 46 19 24 39 43 26 31 
490 46 30 18 13 31 35 10 1 21 39 25 11 
491 4 10 17 25 1 13 11 3 26 46 39 21 19 6 43 0 47 36 35 9 
492 31 39 25 11 9 13 6 24 30 18 3 28 1 35 26 46 
493 4 17 1 30 24 25 46 10 26 36 31 0 
494 25 9 18 24 3 46 39 19 4 17 35 28 10 
495 28 6 43 26 17 3 1 19 31 47 0 36 25 11 
496 6 4 35 36 0 18 1 39 17 28 11 3 47 19 21 25 
497 43 18 10 31 30 21 11 19 47 6 13 26 
498 36 39 18 1 10 30 25 0 21 9 47 28 35 
499 43 31 26 36 11 3 17 24 21 9 46 
500 4 30 43 18 36 39 35 13 21 
501 35 1 19 4 43 47 25 
502 28 19 4 43 26 11 31 17 47 39 35 36 13 0 1 9 21 10 30 
503 3 28 36 6 9 4 35 39 1 21 19 0 11 
504 43 13 36 21 31 28 0 35 17 1 11 26 18 6 46 
505 3 19 47 36 1 0 39 30 18 24 9 13 31 
506 46 18 35 43 10 1 17 21 24 47 9 11 28 0 31 
507 26 1 19 18 9 13 0 36 35 30 25 24 21 31 11 
508 28 4 19 30 1 9 13 3 6 25 0 21 11 35 24 31 
509 3 26 1 28 36 6 31 17 4 10 0 30 43 19 21 46 11 35 
510 46 17 47 9 39 18 4 43 28 6 3 
511 18 30 1 46 17 26 9 25 11 39 0 19 6 4 10 21 3 
512 19 31 25 26 1 0 30 36 28 
513 36 11 13 10 30 43 46 39 3 26 24 9 28 17 21 47 0 
514 28 26 4 1 47 6 24 43 31 
515 46 39 30 24 19 26 1 25 6 10 28 47 3 35 
516 43 19 4 30 3 13 17 6 36 26 18 9 1 35 
517 28 10 11 35 4 17 1 43 3 19 30 21 26 
518 39 24 3 43 31 47 0 18 21 26 28 25 36 10 
519 39 0 25 4 30 31 11 46 18 9 1 47 3 6 
520 46 26 47 35 39 3 1 10 13 30 17 6 21 9 18 
521 43 25 28 18 24 4 26 47 39 21 36 13 35 31 
522 43 18 11 25 28 10 6 3 0 30 46 17 13 9 1 
523 28 17 4 43 39 0 47 30 24 46 6 25 
524 39 11 31 0 1 47 19 4 9 43 21 18 26 13 10 6 
525 3 6 10 46 25 43 11 28 13 18 19 
526 26 36 10 0 9 17 18 43 4 1 25 30 31 
527 39 28 24 19 36 13 21 3 4 47 6 11 35 26 1 
528 4 26 35 13 9 0 47 11 36 39 6 17 18 31 10 19 28 21 46 30 43 
529 43 28 9 19 21 3 0 11 46 1 36 13 26 30 4 10 
530 36 6 13 43 18 11 4 47 26 21 35 9 28 39 
531 3 43 10 39 28 19 17 36 6 9 30 11 4 0 35 46 26 31 25 
532 3 28 46 19 13 10 26 1 18 31 24 11 47 17 30 43 25 
533 43 25 10 30 21 11 19 18 1 4 6 0 24 
534 6 47 9 39 35 4 17 0 11 3 31 10 24 19 21 1 
535 28 25 3 17 18 43 26 0 21 1 4 11 39 36 9 30 6 35 47 13 
536 46 39 35 10 4 28 13 17 30 25 
537 19 1 28 25 46 18 21 3 4 24 26 31 
538 30 11 19 4 17 6 43 35 3 18 24 25 39 
539 43 35 28 10 24 19 36 0 9 31 11 6 13 30 21 
540 17 47 25 19 31 1 36 13 3 10 30 26 
541 18 28 31 30 24 39 19 46 9 25 10 21 36 3 
542 30 39 36 6 21 11 46 10 3 24 31 26 18 
543 28 0 18 43 24 13 3 21 6 17 31 46 25 36 35 26 47 11 
544 18 46 19 11 0 17 43 36 35 
545 19 39 3 11 1 13 9 4 0 10 21 36 
546 9 17 30 46 0 28 39 18 13 4 21 1 36 24 11 
547 43 24 25 13 17 36 3 46 19 4 47 31 26 11 9 0 
548 13 21 26 9 30 24 35 25 11 1 6 0 28 4 43 
549 3 46 4 10 6 26 25 0 31 30 28 17 
550 39 47 9 28 6 31 19 0 13 25 30 46 10 24 43 
551 9 19 0 17 26 30 25 11 47 24 1 28 35 43 18 10 39 4 
552 19 1 9 25 35 4 46 0 11 47 
553 9 21 43 35 17 3 4 0 25 19 6 26 18 39 36 11 
554 10 31 43 17 21 47 3 30 11 36 6 26 13 18 24 
555 17 9 18 30 25 35 39 36 31 43 4 21 13 28 
556 3 28 35 43 39 26 46 36 4 0 30 31 11 9 21 25 
557 39 10 30 9 43 13 46 31 18 6 26 35 17 
558 46 39 6 4 21 35 1 17 0 19 31 26 9 28 18 
559 35 28 46 4 1 43 31 25 36 30 24 11 
560 9 6 30 39 28 13 11 46 25 21 19 18 35 
561 3 13 35 18 47 1 25 36 21 9 39 10 28 0 4 17 26 
562 10 47 21 1 46 9 36 31 11 28 25 4 35 
563 43 3 24 47 10 13 9 35 36 26 46 28 30 25 
564 28 6 18 25 36 10 24 9 47 
565 26 3 36 4 19 1 25 30 35 39 9 13 
566 3 1 6 28 24 0 30 43 11 25 4 19 35 21 39 31 46 18 
567 1 17 19 21 6 25 46 18 26 0 35 36 47 
568 3 19 21 43 46 28 4 24 0 18 30 25 10 31 36 17 
569 13 3 26 43 21 46 19 17 31 25 28 0 30 
570 9 6 43 10 4 46 31 13 28 35 0 
571 43 19 10 17 31 0 3 36 18 30 47 13 1 25 
572 43 28 18 30 24 25 36 10 3 46 0 39 47 1 19 31 6 
573 3 28 19 10 39 26 0 17 4 13 25 47 31 18 1 46 21 9 
574 3 18 24 35 17 1 39 31 6 43 30 36 47 19 9 
575 30 4 39 24 1 6 46 11 17 19 9 35 18 
576 43 30 47 1 19 25 6 17 26 9 28 11 46 4 10 39 
577 3 43 1 28 17 11 30 46 13 9 47 36 18 
578 24 11 1 13 31 25 46 0 28 26 4 47 9 19 30 
579 1 28 36 4 30 25 46 31 9 11 19 0 17 21 13 43 
580 18 39 9 43 36 46 26 10 24 19 0 47 31 6 28 17 21 
581 1 30 31 35 26 21 36 0 18 25 4 10 43 13 39 9 28 
582 13 17 24 26 43 10 47 18 36 21 3 25 28 31 35 39 1 
583 24 36 47 39 26 18 11 17 6 35 31 1 13 46 
584 4 21 26 1 9 6 31 43 19 46 11 25 47 39 30 28 18 35 
585 35 10 39 47 11 21 28 3 17 0 
586 46 47 36 13 10 9 19 18 43 0 31 30 21 
587 13 36 3 47 35 4 10 0 46 9 17 28 26 11 
588 39 18 4 35 46 1 19 3 30 6 10 17 
589 28 17 6 31 19 9 13 11 21 1 39 46 
590 43 36 46 10 1 19 31 9 13 6 11 28 
591 3 46 18 19 35 43 4 39 30 0 9 11 17 26 13 10 47 
592 17 43 3 9 13 6 39 25 19 4 21 
593 3 26 30 47 39 10 24 25 46 13 9 0 43 4 36 
594 24 47 3 10 31 6 18 9 19 21 43 36 35 4 26 28 13 
595 13 25 4 17 10 36 3 6 43 26 30 47 31 
596 13 30 25 21 9 4 17 35 0 36 28 46 43 47 11 39 
597 43 36 35 39 19 17 3 18 11 10 1 28 13 
598 30 13 6 24 43 26 31 39 28 11 17 47 25 
599 1 31 28 4 9 6 47 17 0 21 3 30 39 10 26 19 
600 26 24 9 3 39 36 46 6 10 1 31 11 
601 1 9 19 39 21 6 26 18 31 30 10 0 24 17 13 3 
602 39 43 9 36 17 25 26 10 46 6 1 35 47 24 21 13 3 
603 1 0 30 47 36 46 11 13 25 17 43 9 39 19 4 28 26 
604 35 30 21 26 9 24 11 18 47 13 4 6 
605 1 18 11 19 25 35 13 0 24 39 43 6 9 46 30 36 47 3 
606 25 6 30 4 21 43 31 28 3 11 24 46 
607 18 6 30 4 11 46 19 0 25 28 36 10 1 26 9 
608 26 28 47 39 0 24 19 10 43 36 6 11 35 
609 10 35 6 31 9 47 39 17 28 46 25 11 13 36 
610 26 30 25 28 4 10 0 21 39 36 11 
611 13 10 31 28 19 4 3 6 25 43 17 1 21 11 
612 6 18 35 25 28 4 19 17 39 36 30 46 
613 1 35 31 25 3 17 26 39 46 36 4 28 47 18 24 0 10 13 30 
614 11 39 26 47 25 4 1 31 46 36 21 24 6 18 43 
615 43 35 13 1 21 24 18 3 30 26 46 9 28 17 25 
616 36 13 3 46 0 10 47 4 26 19 43 35 6 
617 39 18 10 17 47 0 21 3 19 13 4 35 26 46 24 6 36 30 9 25 11 
618 6 4 3 0 13 26 39 18 24 25 19 11 
619 3 10 0 21 24 11 43 18 47 28 35 1 13 31 9 46 36 
620 35 0 6 10 31 46 43 24 3 30 1 11 13 36 19 47 18 
621 3 13 24 25 36 30 31 1 4 10 47 46 35 26 
622 9 35 18 46 21 39 26 25 4 31 36 30 13 
623 28 10 17 24 30 21 11 6 43 47 25 26 1 13 4 0 
624 24 1 10 6 17 18 25 4 36 13 26 3 9 28 
625 21 3 43 19 46 11 13 18 39 9 17 24 35 36 10 0 25 28 
626 36 17 21 11 31 6 0 24 1 25 19 3 26 18 10 47 4 35 
627 6 30 24 11 43 21 26 39 0 46 19 9 17 25 1 
628 43 0 25 28 10 9 19 13 21 47 1 31 17 26 6 35 
629 9 3 4 47 35 43 24 10 0 18 13 1 46 31 25 28 26 
630 9 13 0 26 4 28 6 39 10 24 25 43 
631 26 39 1 46 4 31 19 13 0 3 43 25 9 35 6 24 47 
632 10 0 4 21 31 43 13 47 19 30 1 
633 46 47 13 36 0 19 24 4 1 3 9 18 26 35 
634 0 19 11 3 39 18 30 25 46 
635 43 1 9 17 47 30 36 18 24 10 35 21 25 28 
636 9 21 31 25 26 17 0 24 1 39 
637 10 24 26 13 28 31 1 35 17 30 4 3 0 36 21 46 47 
638 17 13 46 19 21 35 18 25 24 47 0 28 39 
639 28 36 19 0 46 1 6 18 21 3 4 25 35 24 
640 19 30 46 21 25 18 4 43 39 35 0 1 31 
641 46 25 4 10 39 9 30 17 0 31 47 11 43 36 
642 26 46 17 24 10 3 6 11 36 47 35 18 28 
643 4 17 25 46 24 6 3 35 39 28 31 1 
644 17 30 18 6 43 11 39 19 4 25 26 24 36 21 35 
645 26 6 21 43 39 17 9 36 13 25 35 4 46 10 24 
646 35 43 3 1 18 10 36 17 6 46 26 
647 43 0 11 46 28 9 10 47 30 25 17 39 1 
648 43 26 46 25 21 24 35 17 18 30 1 11 39 28 31 36 10 19 
649 4 39 21 47 36 18 31 6 9 1 11 43 0 3 
650 19 6 31 43 1 0 10 24 25 35 21 30 
651 46 47 35 0 1 6 10 36 28 26 13 11 18 21 43 
652 10 18 30 31 4 1 36 0 17 6 26 24 25 47 11 
653 46 11 9 13 17 18 30 28 35 36 26 39 3 24 0 21 47 
654 3 4 35 43 30 21 26 17 0 9 39 47 
655 3 0 10 31 35 36 17 9 21 11 43 26 39 
656 13 31 9 19 10 6 39 1 36 18 43 26 24 3 17 30 
657 19 4 6 17 0 9 1 3 25 11 35 30 
658 19 21 24 36 39 17 30 3 1 31 35 10 4 28 
659 43 47 3 30 6 11 10 19 26 35 4 1 
660 28 35 21 19 46 24 25 17 3 1 10 13 0 43 47 
661 1 0 21 9 3 25 26 6 28 
662 26 28 6 18 11 17 25 0 3 13 46 1 36 39 30 
663 18 11 36 28 3 43 35 31 47 24 39 
664 6 25 18 31 39 4 11 30 21 24 0 47 17 
665 25 28 18 21 43 36 4 47 19 9 35 30 3 46 11 
666 43 19 17 36 25 39 9 35 4 18 21 46 
667 43 21 24 30 13 17 31 18 0 46 9 1 35 19 11 10 
668 4 43 31 36 1 19 26 25 0 47 3 21 24 9 
669 19 17 4 30 25 1 9 21 24 46 18 43 11 
670 19 25 9 24 36 4 28 21 39 13 10 18 47 43 
671 31 10 9 39 1 30 24 19 36 13 43 3 28 0 
672 10 11 1 18 43 19 4 26 6 30 24 25 21 
673 1 46 26 11 39 31 36 21 19 35 4 25 6 
674 9 21 6 17 18 35 19 36 11 30 39 46 28 
675 43 25 9 17 1 26 18 24 36 3 
676 26 13 10 9 43 1 39 21 28 35 46 4 0 31 11 17 
677 39 21 36 13 24 47 0 11 9 25 18 30 
678 6 21 26 19 43 1 13 3 11 0 25 4 18 17 35 31 
679 28 6 18 39 21 10 35 46 36 17 26 
680 26 19 4 0 24 31 39 3 11 18 10 30 36 47 21 
681 4 31 25 6 10 11 13 39 26 28 18 35 
682 3 26 46 36 18 39 4 6 25 11 19 13 28 
683 3 17 28 10 43 0 4 31 30 36 24 47 21 
684 21 9 46 39 36 6 30 47 24 11 26 13 3 0 4 18 31 
685 31 46 43 26 3 24 47 13 9 21 39 36 11 
686 39 47 3 0 24 13 17 43 1 35 10 31 
687 36 31 39 13 10 47 30 28 11 9 3 
688 3 1 4 39 28 46 30 47 26 17 0 9 25 18 11 19 43 
689 1 24 28 6 13 43 3 35 39 4 11 19 26 9 30 36 18 25 
690 1 3 39 17 0 11 24 6 25 4 18 
691 9 21 26 6 30 31 35 0 3 39 4 47 25 43 46 10 28 
692 11 25 39 13 26 46 1 6 35 9 24 28 47 43 18 30 21 3 
693 46 0 21 25 35 13 19 36 4 17 47 30 28 6 3 26 
694 39 30 25 9 11 46 43 6 26 31 4 36 18 28 13 
695 26 19 36 6 9 4 30 3 13 24 43 46 35 25 
696 43 1 30 28 13 31 25 11 36 10 17 3 18 26 
697 43 26 19 17 18 39 30 11 3 0 47 31 
698 21 13 26 28 19 6 18 11 43 9 36 10 
699 9 10 11 4 30 25 3 6 36 
700 6 0 35 17 43 21 24 11 19 13 46 26 18 47 31 25 
701 30 31 28 39 17 46 0 9 4 11 24 47 6 36 
702 3 1 39 26 35 19 43 25 17 30 24 10 36 6 47 31 9 46 
703 36 24 35 47 11 28 13 18 26 3 19 4 6 1 
704 1 3 39 19 18 31 17 24 36 43 
705 10 19 26 28 13 6 21 24 39 3 17 9 36 1 31 
706 28 13 9 39 10 17 31 11 6 46 19 21 24 47 35 
707 26 6 18 28 11 39 46 24 25 30 9 0 4 47 
708 35 19 25 46 6 43 28 3 11 31 18 9 17 0 24 26 
709 35 46 28 36 24 11 19 10 3 13 4 47 9 6 1 17 0 25 
710 35 17 18 13 3 24 1 47 39 0 19 25 4 30 46 
711 43 1 39 19 6 46 4 30 36 21 35 26 28 9 11 
712 36 25 46 28 39 3 0 19 10 17 11 21 4 
713 25 11 10 46 31 9 39 19 13 47 4 36 3 43 30 0 1 18 21 
714 3 9 18 31 11 30 35 13 25 21 28 36 10 46 39 17 43 
715 35 17 18 31 6 3 24 28 19 11 36 26 9 
716 30 31 9 43 3 0 39 24 13 46 26 25 1 47 
717 43 10 17 35 30 24 9 6 28 11 26 18 4 39 46 19 1 47 25 0 13 
718 39 30 28 36 47 25 4 1 31 0 18 24 
719 39 3 35 10 19 26 30 17 31 
720 35 24 28 10 18 31 0 19 3 6 4 46 39 30 
721 19 30 47 28 13 1 6 0 43 31 9 4 24 36 11 18 17 39 
722 21 31 47 17 4 39 19 36 1 0 30 46 9 6 
723 43 9 36 21 1 11 25 6 46 19 13 4 
724 43 18 21 28 47 19 4 25 17 11 26 35 9 0 
725 3 46 4 47 35 43 1 9 0 31 36 13 6 25 10 30 39 
726 47 46 17 19 0 43 9 26 1 31 3 24 10 
727 1 6 39 46 3 21 10 31 0 13 25 30 24 47 35 9 26 
728 39 10 47 13 25 46 36 28 35 11 9 17 31 
729 43 13 1 35 0 39 19 10 30 25 47 31 26 46 18 
730 26 39 19 9 3 47 30 25 1 4 31 36 28 35 0 6 17 
731 43 36 46 13 17 30 21 18 47 4 0 26 35 6 25 
732 18 21 25 30 47 28 36 13 10 17 9 35 24 31 
733 3 25 28 43 9 13 26 19 6 36 0 47 18 35 
734 28 30 0 47 4 17 1 21 9 18 35 24 11 46 6 25 
735 26 3 30 1 9 47 0 28 21 19 6 31 
736 35 28 3 4 24 21 11 17 0 18 
737 10 19 6 11 47 31 43 4 0 21 28 35 26 18 
738 31 39 17 24 1 19 18 30 21 6 0 46 11 36 10 4 13 28 
739 36 13 24 35 11 4 43 21 47 0 30 10 17 46 6 19 39 
740 1 39 47 31 18 13 26 43 19 25 46 24 10 
741 35 9 0 46 1 30 26 39 4 11 6 17 
742 10 11 1 6 18 30 24 3 36 47 25 39 31 28 19 46 9 35 
743 28 0 25 9 35 1 36 10 3 31 43 13 4 39 6 21 
744 28 30 4 26 17 47 9 6 0 46 36 39 1 18 24 
745 17 6 46 28 13 47 31 43 21 10 25 36 19 
746 21 1 26 30 28 10 17 24 47 46 
747 43 9 17 46 19 4 30 31 25 3 
748 43 3 26 28 31 35 18 47 39 36 4 13 9 11 
749 43 19 25 3 13 17 18 1 36 4 10 6 30 21 11 46 
750 28 36 6 11 25 46 4 19 3 39 47 9 26 30 24 1 18 21 
751 43 47 30 4 11 39 21 24 25 10 31 
752 9 24 35 26 18 11 46 13 21 43 36 1 0 25 19 3 6 47 
753 28 0 25 19 6 35 39 46 18 31 43 17 13 
754 46 13 47 31 28 36 17 19 43 21 3 9 4 26 39 30 35 18 11 
755 43 18 0 19 13 31 11 9 1 4 24 47 21 35 46 17 
756 43 28 46 6 17 13 3 4 11 9 25 30 19 47 39 10 
757 0 30 10 28 21 47 4 3 31 
758 19 13 6 36 10 21 18 35 9 26 28 
759 30 3 26 31 39 11 46 24 19 21 35 4 18 17 28 
760 28 47 35 30 10 36 4 26 24 3 18 31 39 43 46 
761 13 18 6 47 11 3 30 28 9 19 36 35 
762 1 17 13 6 21 46 9 19 0 47 31 43 11 35 28 3 26 36 4 
763 19 47 39 13 21 9 36 25 46 43 6 35 1 17 4 18 24 11 
764 9 31 46 39 18 19 10 36 35 26 21 47 0 28 
765 46 21 39 4 13 9 11 18 17 6 26 
766 24 28 9 19 30 1 47 0 26 39 21 3 10 17 4 13 35 
767 26 35 13 31 3 25 11 6 46 36 21 24 47 
768 31 11 25 13 26 21 1 36 39 9 47 
769 43 13 6 26 30 39 36 24 25 47 
770 47 21 31 25 36 0 43 17 19 4 18 10 46 3 39 11 1 6 
771 18 30 47 39 25 26 11 4 36 46 6 0 10 19 
772 4 43 3 35 13 18 11 39 36 31 46 24 30 25 
773 11 26 39 43 10 31 18 47 25 13 46 
774 43 36 13 24 26 11 17 0 1 25 28 9 18 31 
775 31 17 25 1 28 39 13 4 19 30 24 43 18 47 46 3 
776 6 28 46 4 10 35 1 13 43 30 17 39 
777 43 11 31 28 30 26 9 1 24 
778 26 28 4 0 21 1 3 25 36 35 6 19 47 9 18 30 
779 46 3 17 31 19 36 26 30 47 28 21 11 9 24 10 43 25 
780 46 4 10 17 26 18 35 13 0 24 3 39 30 9 25 1 
781 3 30 1 47 31 35 25 9 21 18 43 26 17 11 
782 43 28 6 18 47 39 9 21 31 36 24 25 30 3 10 0 46 13 
783 31 6 30 1 9 17 46 28 4 3 24 10 18 
784 39 28 13 10 43 1 31 25 0 30 6 17 21 26 35 19 24 
785 46 11 26 13 47 9 28 1 4 43 18 21 17 24 31 25 
786 0 31 39 36 19 4 47 43 25 46 17 9 3 24 6 
787 35 43 19 21 28 1 31 39 26 17 24 25 10 30 3 
788 9 25 17 4 19 0 31 18 10 21 26 11 35 
789 18 13 30 24 11 36 21 9 10 4 17 25 46 
790 43 0 10 19 39 6 28 3 47 1 9 26 11 36 
791 35 46 31 17 19 4 3 6 39 43 1 36 
792 43 3 31 26 9 39 11 17 1 47 24 28 36 18 25 
793 36 47 1 25 9 6 17 26 35 46 19 43 10 0 11 
794 35 21 28 9 36 4 10 47 6 11 1 3 0 24 43 
795 24 36 39 43 18 30 
796 43 19 31 9 21 47 11 10 35 25 
797 3 35 6 46 9 4 43 26 31 28 17 0 18 30 47 
798 3 6 0 26 30 21 18 43 10 28 36 4 11 
799 30 1 19 36 47 46 9 11 39 13 17 10 0 43 
800 28 1 21 11 19 24 26 39 31 43 3 6 
801 1 18 46 19 47 10 36 3 17 39 9 0 30 35 24 6 43 25 
802 43 13 46 36 31 11 35 10 0 24 39 9 
803 9 10 18 46 19 26 31 17 47 30 28 6 25 36 21 
804 3 0 25 19 21 9 43 1 13 31 6 47 36 4 39 26 
805 4 21 31 46 36 19 47 9 6 25 17 26 35 39 0 1 
806 4 24 35 1 9 13 10 30 19 46 26 6 17 
807 30 24 3 4 35 31 10 25 39 26 28 21 47 1 13 18 
808 3 9 43 19 24 47 25 10 0 28 13 26 36 17 11 
809 1 4 30 13 0 24 39 6 31 17 26 43 35 25 19 36 
810 4 47 1 39 11 36 30 0 6 46 31 3 19 21 24 35 25 13 28 
811 43 3 35 17 19 28 30 47 13 31 9 39 1 46 6 10 
812 17 31 13 26 47 19 9 35 39 3 46 21 0 
813 24 43 47 18 21 3 30 13 25 36 26 9 46 
814 1 13 43 26 17 9 6 28 0 25 47 18 24 
815 4 19 43 24 31 35 21 18 6 0 39 13 26 
816 6 11 3 0 24 39 9 35 18 25 28 26 19 1 17 30 10 
817 43 1 46 6 17 35 30 21 24 10 26 3 9 25 
818 36 31 19 6 47 4 24 13 46 35 
819 35 10 11 28 47 25 26 21 1 6 9 19 3 
820 43 0 6 31 30 24 9 19 21 39 13 10 11 25 
821 26 28 24 6 10 3 13 17 19 25 4 30 46 1 43 
822 43 11 13 4 10 18 28 39 36 3 26 31 19 25 1 21 30 
823 1 28 6 10 18 31 47 19 4 0 21 13 26 9 
824 39 36 30 10 17 1 31 28 0 18 6 26 24 3 11 13 35 19 4 21 
825 18 1 46 25 43 30 36 26 17 11 28 3 0 
826 28 4 3 11 10 0 25 36 9 24 26 43 17 30 39 
827 35 10 43 17 39 30 11 13 18 6 47 24 46 3 0 21 
828 21 47 17 43 0 1 4 31 25 13 
829 26 19 25 43 36 47 31 35 46 11 39 18 24 0 28 4 10 17 
830 46 24 19 21 35 25 13 6 17 0 39 18 10 28 
831 3 4 24 47 13 31 26 0 39 19 36 35 25 
832 18 35 39 10 31 46 19 9 21 13 43 25 47 11 28 36 
833 3 18 0 9 25 36 26 30 10 11 39 43 13 19 
834 43 24 1 28 9 4 46 6 30 36 17 18 
835 10 21 24 35 26 11 25 6 18 4 39 46 28 1 47 36 0 30 3 9 
836 43 9 36 35 25 26 24 46 10 17 13 30 18 6 1 
837 3 6 47 30 24 0 13 46 1 25 4 17 26 28 
838 35 46 39 9 1 3 47 26 6 10 
839 46 17 39 0 11 10 25 6 1 31 47 21 
840 30 25 0 43 36 10 21 1 46 3 17 19 24 
841 47 11 36 0 30 35 19 6 21 28 10 
842 26 46 13 43 19 31 25 18 28 11 10 35 4 21 47 
843 4 18 26 35 10 21 9 3 36 47 25 28 19 24 
844 11 47 36 21 13 46 26 1 18 30 3 25 
845 36 17 24 39 21 0 10 18 26 47 6 30 11 35 1 46 28 4 19 31 
846 0 43 39 30 46 17 26 4 9 18 
847 30 25 1 9 46 3 6 39 36 10 21 35 28 24 43 17 18 
848 43 39 17 25 11 0 26 4 46 10 18 36 13 30 6 24 31 19 1 
849 6 35 19 24 28 26 0 21 31 46 17 30 3 1 11 
850 28 36 13 10 47 17 11 46 43 25 35 26 9 30 21 24 18 
851 9 6 43 26 39 19 25 31 46 1 24 17 36 4 
852 26 4 24 3 18 47 35 9 6 30 28 39 17 19 43 11 
853 6 46 10 17 35 9 30 43 4 21 11 39 19 
854 17 3 43 25 35 19 1 31 4 28 18 47 0 6 10 24 
855 6 0 10 31 39 4 24 3 30 46 11 18 36 43 9 21 26 25 
856 43 46 3 10 17 0 39 30 13 25 47 19 24 6 
857 13 17 39 35 25 21 9 28 46 4 30 26 0 3 18 
858 17 0 25 26 21 36 39 4 24 13 
859 43 46 3 18 0 6 28 39 4 9 24 25 10 17 
860 21 11 46 4 36 26 17 47 19 24 10 28 43 
861 1 35 25 17 0 26 18 47 13 21 46 24 31 30 4 
862 43 39 24 18 35 10 4 46 6 30 3 28 36 1 26 9 47 
863 0 21 35 1 31 19 3 24 4 18 46 6 28 10 17 47 9 
864 26 18 25 17 30 1 
865 43 9 10 28 31 46 0 21 19 11 6 18 24 36 13 
866 28 19 10 6 17 11 4 13 1 30 46 43 36 3 18 24 
867 46 17 19 21 39 35 
868 6 11 25 3 18 30 47 17 24 31 36 
869 35 46 47 26 31 39 3 36 1 9 18 30 10 28 25 
870 3 36 13 10 25 35 1 39 18 24 4 21 11 
871 3 43 6 18 11 46 35 39 4 13 21 9 0 17 10 47 
872 26 1 11 6 17 39 0 13 21 
873 43 19 28 0 46 4 21 31 47 30 10 25 1 26 6 39 24 
874 28 4 10 0 13 24 25 6 1 3 47 31 21 11 19 
875 1 24 28 17 3 47 25 11 36 9 31 13 10 35 46 0 19 4 
876 1 10 18 31 39 47 46 43 11 3 9 35 17 
877 43 3 9 10 6 25 47 4 30 35 
878 19 0 18 6 17 43 24 46 39 36 13 4 47 25 26 10 
879 4 21 31 28 46 47 0 18 3 35 39 36 9 26 19 
880 43 36 30 47 21 3 39 1 35 18 24 
881 30 46 21 24 31 17 25 36 26 18 10 19 6 3 11 
882 43 9 35 13 6 18 24 28 0 17 10 36 19 31 25 11 21 
883 10 30 47 25 35 13 3 39 21 36 17 26 
884 18 39 28 36 13 3 30 24 21 1 17 31 11 4 6 
885 43 3 10 18 11 47 36 17 9 25 35 13 4 6 21 
886 46 30 21 39 4 18 9 26 0 24 11 1 3 25 10 
887 28 43 46 17 0 24 21 25 36 19 18 13 4 26 9 10 
888 36 31 1 4 28 17 21 35 46 3 9 26 24 39 
889 19 13 10 46 6 24 31 25 39 9 3 11 26 4 
890 43 39 36 25 28 24 9 13 30 46 21 1 26 10 17 4 18 31 
891 43 10 13 6 39 36 31 1 21 17 4 19 
892 13 36 0 30 24 28 39 3 26 35 43 4 31 46 25 1 21 
893 43 3 6 28 13 36 47 31 39 0 18 9 11 10 24 17 21 19 
894 21 31 6 0 24 43 25 46 4 30 26 36 11 9 
895 46 4 11 25 36 10 35 28 3 21 39 
896 19 24 28 10 1 46 18 25 39 21 36 26 
897 4 25 43 21 26 17 19 24 11 39 46 9 18 35 13 47 
898 26 3 0 21 1 13 9 24 19 25 18 4 6 30 31 
899 9 28 25 11 19 6 46 17 18 26 13 1 21 43 0 35 
900 1 18 11 26 28 35 19 17 46 30 36 24 39 9 13 6 25 21 
901 10 47 31 17 36 39 18 24 46 25 6 9 11 21 43 19 4 
902 25 26 24 10 11 9 31 43 13 
903 28 30 13 6 35 1 17 4 9 39 46 3 11 47 
904 30 18 26 13 1 35 46 39 9 36 10 0 47 11 
905 3 10 30 26 6 4 43 47 25 11 17 28 39 36 24 
906 0 30 13 26 21 36 46 31 9 35 43 1 47 4 10 
907 43 1 46 21 47 28 31 3 30 25 13 10 35 6 39 26 
908 39 43 36 3 9 19 31 0 35 21 26 1 30 
909 3 17 18 11 10 6 1 13 9 26 46 31 
910 1 3 9 39 4 21 17 46 10 30 18 25 13 0 26 
911 9 11 30 39 1 19 36 31 26 6 18 47 10 21 0 25 35 
912 43 3 4 9 18 31 25 13 1 28 30 11 0 47 
913 11 4 18 47 43 17 39 1 21 36 0 25 
914 0 24 25 4 30 26 31 19 11 6 13 36 
915 3 24 18 21 9 43 13 6 30 4 39 46 10 
916 39 3 46 4 11 26 1 43 6 0 
917 43 6 21 1 13 11 9 26 3 46 39 36 28 17 31 
918 24 31 39 26 46 6 36 25 1 17 9 3 
919 1 35 25 46 13 9 17 30 21 36 4 47 24 3 6 10 18 39 11 
920 35 6 36 31 4 26 39 43 9 25 46 28 24 19 3 1 0 47 
921 26 9 39 36 21 46 47 28 0 3 17 4 
922 21 47 31 17 6 4 28 36 10 9 18 26 1 25 35 
923 26 19 3 30 24 35 1 36 10 31 28 46 17 47 18 11 43 13 6 39 
924 43 39 18 30 11 9 46 6 0 17 3 25 31 10 24 4 
925 43 9 24 17 26 1 0 21 47 25 4 10 3 31 6 
926 43 4 36 35 39 46 3 31 47 17 26 1 24 
927 9 46 19 28 36 25 11 30 18 17 39 6 21 
928 39 21 11 10 36 4 47 46 17 35 
929 39 24 47 36 13 25 3 9 6 19 28 17 4 
930 43 46 24 39 13 30 47 25 26 17 18 6 21 10 35 3 11 9 
931 31 13 17 35 36 26 18 9 25 39 19 30 0 24 
932 43 28 18 17 1 0 35 3 46 26 24 39 36 10 31 
933 0 3 31 11 9 13 21 30 47 43 10 17 19 4 39 24 25 26 6 35 
934 31 11 46 28 0 9 47 24 18 43 19 17 6 3 30 1 
935 36 31 11 39 4 17 35 6 19 3 26 0 28 9 21 
936 35 0 1 47 9 26 28 18 6 43 11 30 4 10 46 39 19 
937 35 24 25 3 36 17 46 9 6 19 4 30 11 
938 17 30 36 47 24 28 13 19 3 46 31 18 
939 43 3 6 39 19 24 13 4 17 0 25 36 21 
940 31 3 17 46 36 26 21 1 28 10 30 24 35 9 
941 28 30 1 9 47 25 21 39 10 18 4 35 17 11 
942 28 4 39 13 0 24 19 26 18 21 43 36 35 17 3 
943 46 35 19 18 11 1 0 25 39 9 13 31 28 
944 6 17 21 28 24 9 3 46 19 13 30 31 4 
945 36 25 13 9 3 18 24 17 31 1 10 46 30 47 35 43 
946 13 17 30 28 39 21 47 25 26 18 46 31 19 
947 17 36 35 19 4 1 24 26 25 3 30 21 9 47 46 13 
948 1 35 39 36 30 0 3 19 4 6 9 25 24 11 
949 19 31 28 9 6 10 35 21 43 1 17 26 0 36 
950 21 31 1 18 36 24 19 13 4 6 26 0 
951 46 39 9 47 19 6 1 25 35 17 31 28 10 
952 10 47 25 13 21 18 4 6 17 26 0 28 24 11 35 9 31 1 39 
953 43 46 25 9 26 11 36 31 35 6 0 
954 43 6 0 26 3 30 47 13 10 9 24 28 
955 3 43 28 10 1 35 39 13 24 25 17 
956 0 47 24 36 13 18 35 6 46 31 39 
957 18 11 46 39 30 47 17 13 35 26 25 36 
958 43 17 39 13 19 36 47 24 30 35 0 1 26 
959 43 28 0 39 1 17 30 47 18 46 10 24 13 31 11 35 
960 17 11 46 10 31 36 4 24 6 0 30 19 28 47 
961 26 11 24 9 19 46 0 28 30 39 18 36 6 21 47 13 31 
962 1 9 43 47 13 30 35 24 31 0 17 10 
963 43 47 46 6 18 21 19 36 25 9 4 3 35 17 
964 3 17 24 4 47 13 21 11 39 1 10 30 0 28 9 19 46 26 36 31 
965 30 46 11 0 13 6 17 3 39 19 31 4 10 1 47 
966 43 28 31 3 35 4 0 21 18 11 19 26 9 46 17 13 47 
967 26 36 18 35 17 9 6 31 46 24 3 47 25 
968 46 6 21 0 25 47 39 19 43 28 9 4 35 10 17 
969 31 35 18 30 3 13 21 19 10 0 1 6 9 11 39 46 
970 43 28 10 0 17 11 3 26 30 35 36 47 18 24 
971 43 46 4 21 26 35 18 0 19 9 47 17 31 36 6 
972 17 31 35 39 10 30 47 26 36 6 24 46 19 0 3 43 
973 46 39 30 11 6 3 47 28 4 43 26 1 
974 9 46 10 31 28 36 13 11 43 6 30 1 
975 11 3 10 18 9 26 31 39 30 25 19 
976 3 46 1 9 25 4 10 6 28 19 24 31 17 
977 10 24 31 9 25 28 39 36 35 6 26 11 0 4 46 18 
978 25 9 0 21 24 13 30 4 1 26 11 6 43 35 18 
979 28 17 47 30 35 6 31 39 25 4 19 3 21 9 
980 46 47 10 26 4 19 25 6 11 36 17 0 24 35 
981 36 17 35 6 28 26 31 18 24 25 43 9 4 46 47 
982 26 4 24 36 9 30 13 6 10 25 46 19 
983 21 30 19 35 31 25 46 10 13 6 1 17 39 26 43 4 0 28 
984 46 11 1 39 36 10 18 3 30 24 4 43 
985 43 1 10 3 47 25 9 35 39 21 28 11 36 6 0 46 
986 26 30 10 46 19 47 11 18 17 35 21 31 
987 3 31 26 13 28 19 43 39 36 11 21 
988 10 3 11 4 35 24 30 25 46 13 0 28 39 21 
989 43 26 36 0 4 25 9 1 31 3 19 6 10 17 21 11 13 24 
990 43 3 35 13 6 25 31 28 30 24 39 19 17 47 36 
991 3 17 13 10 28 47 31 35 36 6 19 0 39 
992 11 17 10 43 30 9 28 35 19 13 31 3 26 6 47 25 
993 39 35 13 0 9 17 21 11 28 30 43 47 
994 3 19 25 4 43 6 18 9 28 30 26 47 1 39 24 11 17 21 
995 9 47 43 35 6 24 46 39 19 25 11 18 31 
996 36 11 28 0 4 3 39 21 35 6 46 31 26 18 24 47 1 25 
997 19 6 35 4 43 30 24 26 9 28 0 39 36 
998 31 9 39 36 17 43 11 4 26 30 47 13 6 46 28 
999 31 28 21 25 36 13 18 19 43 6 17 30 3 47 39 26 11 35 10 46 
