105 4.895145 52.36641 126636 1.0 78
22 4.895299 52.376183 28086 1.0 53
85 4.940002 52.363796 15930 1.0 8
324 4.886056 52.365932 30034 1.0 80
292 4.894791 52.372208 27308 1.0 75
4 4.892704 52.373672 27676 1.0 35
90 4.842111 52.341675 52838 1.0 99
198 4.895711 52.375614 112880 1.0 71
27 4.908147 52.361717 25434 0.0 28
316 4.886793 52.34982 34692 1.0 75
95 4.840032 52.34969 82386 1.0 84
1 4.962988 52.37064 14808 1.0 83
282 4.896643 52.372696 27362 1.0 3
294 4.898849 52.375824 27134 0.0 5
144 4.813023 52.378525 51150 1.0 44
7 4.894318 52.367043 27920 1.0 95
2 4.850617 52.392155 47258 1.0 76
186 4.893414 52.37677 28066 0.0 86
42 4.90077 52.355484 24986 0.0 68
310 4.847982 52.3785 46108 1.0 58
114 4.868477 52.33151 36384 1.0 88
29 4.918013 52.357418 17818 1.0 82
190 4.892704 52.373672 27676 1.0 49
166 4.901749 52.354282 25008 1.0 70
66 4.878884 52.369465 30422 1.0 79
230 4.905539 52.342686 23106 1.0 38
143 4.928049 52.36234 15388 1.0 48
268 4.87362 52.39091 44210 0.0 9
242 4.925197 52.39123 11440 1.0 74
101 4.811782 52.35446 60744 0.0 11
191 4.892915 52.373863 27678 1.0 10
146 4.857206 52.348705 53334 1.0 32
170 4.899598 52.357162 28548 1.0 93
266 4.940445 52.3978 102086 1.0 83
306 4.853318 52.37345 55808 1.0 55
283 4.900452 52.3718 27416 1.0 10
297 4.898339 52.375465 27156 1.0 21
204 4.888601 52.368843 30796 1.0 91
253 4.895378 52.375004 112904 0.0 14
238 4.867586 52.324646 22072 1.0 38
169 4.899749 52.356697 28766 1.0 66
207 4.891532 52.369007 27500 1.0 12
209 4.89189 52.371117 28108 1.0 87
188 4.894707 52.37886 38980 1.0 16
46 4.889481 52.38139 38738 1.0 83
154 4.7954 52.357628 67310 1.0 25
245 4.925255 52.39149 116126 0.0 31
212 4.894149 52.37243 27332 1.0 58
142 4.89095 52.372646 28096 1.0 75
171 4.899749 52.356697 28766 1.0 3
