575 13.367966 52.551105 459746 0.338 14
273 13.538272 52.52816 136891 0.246 95
170 13.409107 52.571404 21470 0.448 68
796 13.409414 52.528988 454547 0.0 42
28 13.360948 52.4882 44363 0.244 55
869 13.400703 52.522552 71072 0.195 95
572 13.434758 52.49958 358596 0.356 26
557 13.3329 52.474297 8497 0.072 16
553 13.403722 52.565327 295199 0.935 74
430 13.366136 52.55316 15671 0.078 38
615 13.283603 52.589275 170906 0.128 12
565 13.394497 52.569828 116092 0.644 12
16 13.412505 52.540867 500152 0.123 26
319 13.3350935 52.47227 96003 0.292 93
22 13.406174 52.545845 15175 0.156 10
56 13.3213625 52.50744 320925 0.007 9
894 13.412884 52.55418 175214 0.899 4
476 13.383427 52.530514 502254 0.0 19
800 13.406303 52.527225 13846 0.125 26
686 13.461308 52.511333 59051 0.693 83
247 13.321768 52.520905 2561 0.534 6
692 13.410989 52.488914 136697 0.668 15
104 13.570625 52.54121 474644 0.252 43
9 13.377005 52.50827 380739 0.705 81
70 13.419015 52.4938 28230 0.467 41
201 13.422625 52.544197 320406 0.868 8
829 13.216815 52.4387 484750 0.272 26
563 13.426202 52.49236 17668 0.21 15
212 13.526357 52.456177 175458 0.3 11
578 13.32531 52.504658 115962 0.749 77
378 13.451072 52.471954 486050 0.524 7
287 13.305442 52.51352 324963 0.234 53
181 13.390271 52.557766 266708 0.543 77
857 13.394134 52.526592 162147 0.934 92
510 13.454048 52.506874 271213 0.934 74
904 13.333334 52.50396 127498 0.746 58
211 13.401343 52.520687 124378 0.133 26
17 13.4141 52.54064 296941 0.505 30
462 13.405492 52.49583 225742 0.372 43
218 13.482422 52.50323 465009 0.287 82
431 13.427798 52.49234 234254 0.492 38
48 13.458253 52.512802 160285 0.726 55
755 13.573782 52.443317 285688 0.188 28
453 13.3299055 52.525448 9082 0.17 1
457 13.41728 52.499622 187436 0.581 28
281 13.400746 52.529995 189030 0.367 56
567 13.424582 52.52825 169942 0.813 79
126 13.320303 52.485867 981 0.798 73
393 13.42111 52.537483 331528 0.789 70
232 13.502812 52.555656 32916 0.683 88
