291 13.42941 52.494663 13984 1.0 84
721 13.502668 52.507847 457710 1.0 4
455 13.33928 52.528244 18228 0.0 38
598 13.29701 52.512886 11566 1.0 44
38 13.215617 52.428802 174878 1.0 94
956 13.347749 52.549053 23892 0.0 83
841 13.343904 52.46714 338802 1.0 4
534 13.400667 52.527725 852 1.0 11
107 13.202971 52.542553 50416 1.0 77
148 13.418258 52.54652 86604 0.0 71
149 13.421301 52.54172 73374 1.0 27
318 13.415716 52.531628 27870 1.0 79
880 13.33582 52.528564 18190 1.0 27
791 13.358963 52.550538 23156 0.5 57
373 13.416119 52.54285 288810 1.0 48
695 13.437871 52.49983 35156 1.0 62
14 13.314039 52.569885 17474 1.0 31
660 13.41058 52.54541 30370 0.0 66
82 13.398436 52.526447 466354 1.0 14
927 13.36899 52.550327 23936 1.0 70
782 13.448297 52.554096 34386 1.0 62
923 13.40289 52.48971 419336 1.0 78
892 13.342335 52.499165 76338 1.0 40
141 13.429634 52.49816 453206 0.0 45
906 13.349877 52.5006 87374 1.0 70
