1767 13.393915 52.42658 401148 1.0 5
777 13.302728 52.49965 120317 0.39 70
1784 13.402078 52.528896 185253 0.925 40
1664 13.426801 52.490284 17675 0.361 8
1500 13.4094715 52.50416 345731 0.606 15
535 13.307374 52.50514 349272 0.575 45
1523 13.460014 52.494442 49823 0.519 94
529 13.311966 52.58473 44874 0.914 1
933 13.410832 52.566906 15421 0.68 39
2017 13.325969 52.482635 4549 0.483 83
564 13.322739 52.51097 206578 1.0 65
1703 13.554597 52.55744 301227 0.681 77
1698 13.393265 52.51255 160262 0.662 99
1135 13.386036 52.51677 456623 0.617 13
2080 13.546985 52.437344 430238 0.268 30
15 13.383145 52.530758 502245 0.722 92
1591 13.373761 52.50591 48281 0.457 41
2042 13.291536 52.55384 215701 0.111 21
1145 13.344138 52.438824 107212 0.199 20
562 13.330469 52.5055 248997 0.21 3
1077 13.445043 52.499664 359485 0.385 52
889 13.409319 52.538013 445566 0.569 20
792 13.533539 52.57779 80555 0.378 87
1718 13.422456 52.53699 79293 0.305 30
1111 13.387418 52.526474 356864 0.759 97
