0 0.0 0.0 18487 0.0 492
1 0.0 0.0 9109 1.0 3
2 0.0 0.0 1257 1.0 1
3 0.0 0.0 8094 0.0 2
4 0.0 0.0 10845 1.0 3
5 0.0 0.0 17968 0.0 1
6 0.0 0.0 15554 0.0 2
7 0.0 0.0 1901 0.0 1
8 0.0 0.0 15159 1.0 1
9 0.0 0.0 9321 1.0 10
10 0.0 0.0 8477 1.0 1
11 0.0 0.0 9086 0.0 1
12 0.0 0.0 19712 0.0 1
13 0.0 0.0 10425 0.0 3
14 0.0 0.0 15261 1.0 1
15 0.0 0.0 8103 0.0 2
16 0.0 0.0 20153 0.0 1
17 0.0 0.0 13729 1.0 1
18 0.0 0.0 10453 0.0 5
19 0.0 0.0 1796 0.0 35
20 0.0 0.0 7977 1.0 1
21 0.0 0.0 18042 1.0 2
22 0.0 0.0 18781 1.0 1
23 0.0 0.0 10059 0.0 1
24 0.0 0.0 3082 1.0 1
25 0.0 0.0 19163 1.0 2
26 0.0 0.0 16213 0.0 6
27 0.0 0.0 16170 1.0 1
28 0.0 0.0 11185 1.0 1
29 0.0 0.0 18904 0.0 2
30 0.0 0.0 1804 1.0 1
31 0.0 0.0 3657 1.0 2
32 0.0 0.0 18517 1.0 1
33 0.0 0.0 13297 0.0 1
34 0.0 0.0 8511 0.0 1
35 0.0 0.0 9698 0.0 1
36 0.0 0.0 5388 0.0 1
37 0.0 0.0 11816 1.0 2
38 0.0 0.0 280 1.0 1
39 0.0 0.0 4361 0.0 1
40 0.0 0.0 9859 1.0 15
41 0.0 0.0 10052 0.0 1
42 0.0 0.0 11517 0.0 4
43 0.0 0.0 19711 0.0 1
44 0.0 0.0 7293 0.0 1
45 0.0 0.0 16232 0.0 1
46 0.0 0.0 1054 0.0 1
47 0.0 0.0 18126 1.0 1
48 0.0 0.0 14379 1.0 7
49 0.0 0.0 5191 1.0 6
