0 0.0 0.0 13933 1.0 1
1 0.0 0.0 14325 1.0 2
2 0.0 0.0 16536 1.0 32
3 0.0 0.0 3305 1.0 1
4 0.0 0.0 11151 0.0 2
5 0.0 0.0 5202 0.0 5
6 0.0 0.0 4936 1.0 1
7 0.0 0.0 8702 1.0 1
8 0.0 0.0 5908 0.0 1
9 0.0 0.0 4173 0.0 1
10 0.0 0.0 10897 0.0 1
11 0.0 0.0 15635 1.0 2
12 0.0 0.0 11230 0.0 1
13 0.0 0.0 789 1.0 2
14 0.0 0.0 8933 0.0 2
15 0.0 0.0 4198 0.0 1
16 0.0 0.0 13539 0.0 3
17 0.0 0.0 8286 0.0 1
18 0.0 0.0 991 1.0 1
19 0.0 0.0 8981 0.0 1
20 0.0 0.0 20023 1.0 1
21 0.0 0.0 5340 0.0 1
22 0.0 0.0 17117 1.0 266
23 0.0 0.0 2118 0.0 2
24 0.0 0.0 1249 1.0 5
25 0.0 0.0 10541 1.0 5
26 0.0 0.0 9067 0.0 1
27 0.0 0.0 17232 1.0 17
28 0.0 0.0 16224 0.0 1
29 0.0 0.0 19946 1.0 5
30 0.0 0.0 16874 0.0 1
31 0.0 0.0 12348 1.0 1
32 0.0 0.0 10709 1.0 1
33 0.0 0.0 754 1.0 1
34 0.0 0.0 4977 1.0 1
35 0.0 0.0 15626 1.0 1
36 0.0 0.0 13021 1.0 1
37 0.0 0.0 9014 0.0 4
38 0.0 0.0 19203 0.0 1
39 0.0 0.0 15219 0.0 4
40 0.0 0.0 1946 1.0 1
41 0.0 0.0 8126 1.0 31
42 0.0 0.0 10915 1.0 2
43 0.0 0.0 3623 1.0 3
44 0.0 0.0 8790 1.0 1
45 0.0 0.0 15864 1.0 41
46 0.0 0.0 6879 0.0 17
47 0.0 0.0 1273 0.0 1
48 0.0 0.0 11798 1.0 2
49 0.0 0.0 14091 0.0 1
