0 4.833639 52.38299 107365 1.0
1 4.861897 52.36733 27793 1.0
2 4.964466 52.388966 93416 1.0
3 4.91241 52.416355 114664 1.0
4 4.818127 52.337475 56265 1.0
5 4.867395 52.376934 121742 1.0
6 4.850498 52.394257 23631 1.0
7 4.865193 52.39358 78378 1.0
8 4.835299 52.363968 68603 0.0
9 4.850498 52.394257 23631 1.0
10 4.940124 52.399014 114934 1.0
11 4.818127 52.337475 56265 1.0
12 4.885474 52.349663 126682 1.0
13 4.889642 52.32822 126626 1.0
14 4.769642 52.354362 77665 0.0
15 4.951115 52.420914 3723 1.0
16 4.868206 52.336143 54754 1.0
17 4.810226 52.355335 59976 1.0
18 4.827265 52.373863 77938 1.0
19 4.88964 52.328297 126625 1.0
20 4.925379 52.34746 69566 1.0
21 4.828296 52.380207 55190 1.0
22 4.874338 52.415585 55432 1.0
23 4.874338 52.415585 55432 1.0
24 4.907159 52.401863 18940 1.0
25 4.970695 52.36878 118202 1.0
26 4.924305 52.36693 61096 1.0
27 4.855413 52.349022 128915 1.0
28 4.857049 52.342606 115744 1.0
29 4.925765 52.347378 10424 1.0
30 4.9122 52.33237 11382 1.0
31 4.930191 52.35352 9946 1.0
32 4.92664 52.34741 10435 1.0
33 4.876965 52.369915 103109 1.0
34 4.782758 52.367744 34583 1.0
35 4.870643 52.382713 43713 1.0
36 4.841987 52.343975 79192 0.0
37 4.894647 52.3494 62621 1.0
38 4.864533 52.38392 22449 1.0
39 4.860158 52.38358 39506 1.0
40 4.924816 52.387043 38321 1.0
41 4.800698 52.396515 50335 1.0
42 4.824457 52.355988 49995 1.0
43 4.794299 52.341915 76316 1.0
44 4.868463 52.33592 99896 1.0
45 4.783996 52.36703 34581 1.0
46 4.80106 52.39049 35411 0.56
47 4.93898 52.3504 9767 1.0
48 4.897307 52.340405 45111 1.0
