0 4.81813 52.3375 56265 1 
1 4.86519 52.3936 78378 1 
2 4.8353 52.364 68603 0 
3 4.81023 52.3553 59976 1 
4 4.82726 52.3739 77938 1 
5 4.92538 52.3475 69566 1 
6 4.8283 52.3802 55190 1 
7 4.85705 52.3426 115744 1 
8 4.9122 52.3324 11382 1 
9 4.93019 52.3535 9946 1 
10 4.92664 52.3474 10435 1 
11 4.78276 52.3677 34583 1 
12 4.84199 52.344 79192 0 
13 4.89465 52.3494 62621 1 
14 4.82446 52.356 49995 1 
15 4.89868 52.3629 14538 1 
16 4.89696 52.3429 12203 1 
17 4.81262 52.3559 30205 1 
18 4.856 52.3841 23098 1 
19 4.84588 52.3777 67241 0 
20 4.85167 52.351 62343 0.973 
21 4.91682 52.3571 8912 1 
22 4.91244 52.3897 18430 1 
23 4.87562 52.3256 10955 1 
24 4.99055 52.3579 73042 1 
