0 4.83364 52.383 107365 1 
1 4.8619 52.3673 27793 1 
2 4.91241 52.4164 114664 1 
3 4.81813 52.3375 56265 1 
4 4.8505 52.3943 23631 1 
5 4.86519 52.3936 78378 1 
6 4.8353 52.364 68603 0 
7 4.8505 52.3943 23631 1 
8 4.94012 52.399 114934 1 
9 4.81813 52.3375 56265 1 
10 4.88547 52.3497 126682 1 
11 4.76964 52.3544 77665 0 
12 4.95111 52.4209 3723 1 
13 4.86821 52.3361 54754 1 
14 4.81023 52.3553 59976 1 
15 4.82726 52.3739 77938 1 
16 4.88964 52.3283 126625 1 
17 4.92538 52.3475 69566 1 
18 4.8283 52.3802 55190 1 
19 4.87434 52.4156 55432 1 
20 4.90716 52.4019 18940 1 
21 4.92431 52.3669 61096 1 
22 4.85541 52.349 128915 1 
23 4.85705 52.3426 115744 1 
24 4.9122 52.3324 11382 1 
25 4.93019 52.3535 9946 1 
26 4.92664 52.3474 10435 1 
27 4.87697 52.3699 103109 1 
28 4.78276 52.3677 34583 1 
29 4.86453 52.3839 22449 1 
30 4.86016 52.3836 39506 1 
31 4.8007 52.3965 50335 1 
32 4.82446 52.356 49995 1 
33 4.86846 52.3359 99896 1 
34 4.784 52.367 34581 1 
35 4.93898 52.3504 9767 1 
36 4.89868 52.3629 14538 1 
37 4.89696 52.3429 12203 1 
38 4.92651 52.3681 49700 1 
39 4.90608 52.3677 110936 1 
40 4.7858 52.35 124059 1 
41 4.89415 52.3724 13666 1 
42 4.81262 52.3559 30205 1 
43 4.79795 52.3618 81225 1 
44 4.91405 52.3571 12651 1 
45 4.92521 52.3622 117350 1 
46 4.8822 52.3521 14635 1 
47 4.93602 52.3743 100885 1 
48 4.87685 52.332 62905 0.276 
49 4.92479 52.3911 57914 1 
50 4.915 52.4089 96750 1 
51 4.83925 52.3717 78018 1 
52 4.856 52.3841 23098 1 
53 4.84697 52.3763 107504 1 
54 4.84588 52.3777 67241 0 
55 4.82213 52.3795 47017 1 
56 4.8253 52.3478 77015 1 
57 4.93604 52.3987 4990 1 
58 4.93628 52.3613 112467 1 
59 4.91938 52.3537 36502 1 
60 4.85733 52.3518 90055 1 
61 4.89106 52.3535 111254 1 
62 4.85167 52.351 62343 0.973 
63 4.91682 52.3571 8912 1 
64 4.92554 52.3599 50826 1 
65 4.91047 52.3478 11484 0 
66 4.91244 52.3897 18430 1 
67 4.80394 52.3593 100748 1 
68 4.82698 52.3572 47834 1 
69 4.86546 52.3462 17681 1 
70 4.84069 52.3488 79044 1 
71 4.87562 52.3256 10955 1 
72 4.8896 52.3769 15542 0 
73 4.99112 52.3576 73039 1 
74 4.99055 52.3579 73042 1 
