1.0 3207.143746800143 11965.143737912036 8662.957212294803 5870.429692267033 3036.3426755384385 2167.9862502169385 3076.0722574412584 2491.3980888570604 2167.9862502169385 
3205.1437468001436 1.0 10109.156462069273 10015.179926047313 5656.307758025899 1402.323482497159 3618.1589159459672 3826.407443850675 2045.2276444105066 3618.1589159459672 
11965.143737912025 10107.15646206928 1.0 5489.2272510820485 14391.32956067639 9712.540031226226 11368.771229324031 10150.893473756292 11919.639650313944 11368.771229324031 
8663.837309422095 10015.17992604732 5491.227251082045 1.0 14533.267001689113 9657.7183924344 7037.766891481222 7369.53957138535 10656.950421706679 7037.766891481222 
5870.429692267027 5656.307758025894 14393.329560676408 14534.386904561838 1.0 7035.537108207726 8039.4159424839645 8934.304758928933 4034.491084430898 8039.4159424839645 
3036.3426755384394 1402.3234824971591 9712.540031226219 9655.718392434397 7035.537108207731 1.0 3188.758910020586 2445.4563097765877 3222.9919612719405 3188.758910020586 
2169.9862502169385 3620.158915945964 11370.771229324031 7036.886794353932 8039.415942483974 3190.7589100205864 1.0 1378.9903160773583 4149.033268698825 1.0 
3076.0722574412584 3824.407443850673 10150.893473756292 7370.659474258064 8932.304758928934 2445.4563097765867 1376.9903160773576 1.0 4978.494254265985 1376.9903160773576 
2531.858443332089 2002.7672899354764 11879.179295838925 10615.609970104362 4074.9514389059277 3180.5316067969093 4106.572914223792 4938.033899790956 41.460354475029696 4106.572914223792 
2169.9862502169385 3620.158915945964 11370.771229324031 7036.886794353932 8039.415942483974 3190.7589100205864 1.0 1378.9903160773583 4149.033268698825 1.0 
