0 33 6 10 19 17 14 0 34 30 26 25 22 21 20 11 15 32 45 18 40 2 28 4 24 23 7 27 8 3 31 16 35 36 37 38 42 43 44 13 47
1 29 18 13 44 35 30 27 26 22 20 16 15 12 46 17 8 42 6 25 5 3 2 31 32 33 34 47 38 41 11 14 45 19 7 23 43 4 28 36 37 39 40 24
2 37 28 34 32 16 17 23 9 31 14 15 18 21 22 29 26 24 1 39 3 38 36 33 30 13 19 20 27 25 0 12 8 7 35 5 4 41 45
3 36 35 27 25 0 46 2 40 34 31 29 28 10 12 13 22 18 17 24 21 15 23 11 4 39 19 20 14 26 9 8 30 32 33 6 37 38 41 42 44 45 47 48
4 21 27 41 17 36 29 32 33 23 22 39 38 37 13 9 15 16 8 18 19 20 42 5 4 34 45 46 1 28 24 31 30 26 25 0 12 11 6 43 44 3 2 47
5 33 22 23 35 13 15 28 25 44 37 5 36 34 12 17 24 1 3 6 10 11 30 18 29 0 21 27 20 16 31 32 14 9 38 40 41 42 2 46 47 48
6 21 41 29 12 16 18 27 23 36 34 32 30 19 22 25 39 33 31 7 9 10 13 14 15 17 26 24 28 11 8 6 5 3 2 37 40 0 42 45 46 47
7 23 36 11 38 30 26 21 35 29 16 15 10 3 13 47 45 8 42 39 19 0 7 2 32 24 25 5 12 31 6 33 22 1 20 18 40 17 43 14 48
8 25 43 28 32 9 36 33 5 7 12 29 16 22 41 20 40 31 44 10 42 30 17 18 27 26 23 21 0 19 15 14 6 4 45 34 2 1 37 38 39
9 33 37 26 20 48 24 22 19 16 14 36 34 8 30 29 15 21 17 12 41 4 1 35 18 43 11 23 25 2 40 38 45 9 7 32 47 27
10 27 20 42 5 36 31 29 13 14 17 24 2 40 38 28 26 15 0 33 46 43 35 34 23 9 11 18 10 16 8 7 32 22 21 6 4 39 41 44 45 19
11 18 34 33 17 32 31 29 27 20 9 30 21 22 46 39 38 3 37 36 12 14 28 26 23 48 25 19 16 10 8 5 2 41 43 45 0
12 32 26 34 47 45 22 24 31 42 29 28 10 44 20 12 17 23 43 25 9 27 46 4 36 37 38 40 14 16 18 19 13 21 11 6 5 3 33 1 35
13 31 28 40 4 20 14 24 21 7 11 10 9 12 47 44 15 16 17 43 19 38 5 37 33 48 25 30 27 29 32 23 35 36 22 6 39 1 18 8 45 13
14 20 39 27 22 16 15 13 48 8 44 0 26 12 25 19 18 17 28 24 46 38 37 36 29 11 33 30 31 32 34 35 10 41 42 43 9 14 47
15 32 11 27 26 33 37 19 16 29 28 21 17 12 14 35 34 10 36 18 8 40 41 22 23 4 25 43 45 46 0 30 31 24 15 13 9 38 39 5 3 47
16 25 17 13 32 22 21 40 33 31 29 26 23 14 24 44 15 16 0 18 19 38 9 37 35 34 28 3 27 4 2 12 36 8 20 39 10 42 11 45 46 47 48
17 24 29 22 33 9 30 14 28 25 20 45 41 35 16 27 44 36 5 34 31 13 21 19 23 0 26 17 15 12 11 8 7 6 4 37 38 43 2
18 41 40 33 29 22 9 20 11 13 32 31 30 8 19 48 15 16 45 18 44 10 42 24 39 38 37 26 35 3 4 28 34 27 36 1 7 21 17 47
19 24 14 37 34 11 29 17 18 19 21 28 42 41 38 4 6 8 33 32 30 13 16 20 22 27 25 26 0 12 10 9 7 35 36 3 39 40 2 1 43 45 47 48
20 23 38 36 20 21 22 26 24 8 37 13 15 29 28 25 1 45 3 44 42 39 11 35 31 16 17 19 27 0 18 30 33 34 10 40 41 4 2 48
21 16 24 36 35 31 22 20 15 0 13 32 18 26 47 10 44 12 39 37 2 19 28 21 27 25 8 23 29 30 3 17 34 6 1 40 41 42 11 46 9 48
22 27 24 20 31 34 35 39 15 38 11 37 18 2 28 30 44 10 17 19 5 36 25 33 9 8 13 14 7 40 23 42 26 29
23 14 22 24 36 29 20 18 38 25 17 16 13 12 31 46 15 42 41 37 19 2 33 30 3 0 26 4 27 28 11 32 21 34 35 7 1 39 40 43 44 10 48
24 26 36 33 28 9 21 24 34 37 31 29 22 12 13 20 19 16 17 18 45 44 32 0 23 10 25 8 7 6 4 2 39 47 48
25 31 37 16 35 28 18 30 29 19 20 21 26 36 34 4 32 6 10 12 13 14 27 17 22 23 25 48 15 11 9 7 33 2 0 38 39 41 43 46 47
26 34 27 22 17 24 33 32 30 26 21 19 13 12 48 31 47 16 44 38 9 37 36 3 4 29 28 5 14 11 23 7 35 20 40 41 10 46 15 0
27 16 17 14 35 33 32 22 38 8 11 29 28 27 21 0 39 2 36 9 31 30 26 20 23 48 19 18 15 13 12 10 34 5 4 37 42 44 45 47
28 25 26 6 34 33 22 0 38 23 20 19 16 12 31 47 15 44 42 18 39 9 36 8 35 24 32 4 27 29 28 30 48 5 3 2 7 37 41 43 11 45 46 14
29 21 39 29 22 45 42 4 38 32 10 12 31 17 18 19 23 48 5 35 34 11 14 15 30 26 25 24 28 16 13 33 7 37 6 3 41 43 44 46 47
30 37 29 14 20 31 24 39 33 13 32 18 19 26 46 2 3 43 5 42 36 11 12 16 17 30 23 28 27 25 48 22 15 10 34 35 8 40 6 45 1 47
31 29 24 42 36 21 28 27 8 30 18 19 23 26 2 3 41 39 6 37 9 34 12 13 33 17 20 22 48 16 15 31 11 10 38 5 40 4 1 43 44 45
32 23 25 15 29 16 35 13 21 18 11 39 28 30 8 9 14 45 20 22 31 33 34 24 44 7 41 40 4 17 5 2 38 47 26 27 37
33 31 28 26 27 8 13 22 23 4 9 12 15 16 20 25 0 47 45 44 40 37 36 10 32 14 17 18 29 24 21 11 33 34 35 7 6 39 5 41 42 46 48
34 24 17 22 6 11 12 31 29 21 43 41 32 15 16 28 27 42 4 39 36 8 35 19 20 48 26 18 14 30 13 33 34 9 7 38 40 2 1 44 47
35 32 10 16 34 31 29 27 0 38 28 23 20 11 12 18 24 14 43 39 19 36 21 22 33 30 25 3 7 15 37 1 42 17 45 47 48
36 24 25 6 26 36 34 9 13 32 15 30 29 23 28 27 45 43 39 37 35 33 11 12 16 17 18 31 20 0 21 14 10 38 40 41 42 2 1 46 47
37 19 31 27 11 4 36 13 14 34 18 37 32 22 23 28 43 6 8 35 10 3 12 33 17 1 29 25 26 44 38 30 21 20 16 15 9 40 46
38 19 36 30 35 34 32 12 13 22 28 47 9 15 16 24 45 43 4 40 37 14 17 31 29 27 0 26 23 21 33 10 7 6 38 3 44 46 1
39 27 36 32 29 22 12 11 0 25 17 16 10 9 13 48 41 38 37 35 30 28 21 5 23 24 3 19 31 2 33 34 18 7 8 39 40 15 42 43 44 14
40 17 39 35 32 11 29 25 23 36 10 15 22 24 47 33 31 30 9 12 28 16 26 19 20 0 21 27 14 13 7 5 34 4 3 2 40 43 44 46 1 48
41 22 25 29 21 16 24 34 33 32 30 19 14 0 47 46 15 44 39 37 5 20 28 27 23 26 31 9 4 3 2 35 36 18 38 17 40 41 42 11 13 48
42 24 39 14 42 31 27 26 20 17 48 11 10 44 43 37 35 34 33 18 19 28 25 23 22 21 5 4 6 29 30 7 16 36 38 40 41 13 12 46 47 0
43 33 31 39 32 28 45 40 7 36 35 14 16 20 23 24 46 43 6 38 37 10 11 18 21 29 25 26 27 0 22 30 19 34 9 8 4 42 3 44 1
44 26 24 40 38 37 36 16 14 44 35 34 33 9 20 13 15 12 17 18 19 5 32 22 31 48 25 28 27 10 29 30 23 8 7 11 2 41
45 27 24 25 23 34 15 10 8 0 6 12 16 17 21 31 46 45 18 19 3 41 28 32 36 11 13 44 20 22 4 7 26 40 39 33 1 35 37 38
46 25 24 33 32 6 8 39 16 20 22 2 30 40 31 43 29 12 13 27 26 36 23 21 19 18 17 15 37 28 41 42 4 44 45 34 35
47 30 27 32 24 40 13 19 22 34 33 11 31 17 20 29 44 2 42 38 37 35 14 15 16 18 23 28 0 12 10 8 6 5 39 4 41 45 48
48 24 31 0 35 28 23 18 48 36 29 9 16 12 13 26 47 41 40 39 38 4 5 34 30 6 25 7 27 14 32 21 20 37 19 10 17 11 42 43 46 15 3
49 38 18 32 11 14 17 20 23 43 35 31 29 28 16 26 24 42 39 6 7 30 13 19 21 22 27 48 15 10 9 8 33 5 36 4 3 40 41 44
50 28 24 18 6 46 29 44 23 42 9 22 11 17 41 12 19 21 10 40 25 27 47 32 37 14 15 16 2 13 7 39 4 30 31 34 35 36
51 21 30 19 18 24 6 12 46 33 27 26 20 11 17 15 0 44 43 39 9 38 7 22 35 34 31 29 4 5 32 23 36 10 40 42 13 16 1 47
52 17 25 9 20 32 30 24 2 44 8 41 40 16 19 47 4 5 6 7 12 13 35 15 21 29 26 0 27 28 22 31 18 33 36 11 10 42 43 3 1
53 32 26 23 11 16 13 30 35 12 14 18 19 21 25 41 27 5 38 7 36 40 17 20 34 28 29 8 15 39 22 2 24
54 20 15 30 29 10 41 35 28 5 23 7 21 11 19 14 13 17 18 8 46 24 25 27 0 40 37 16 12 9 45 42 4 2 31 33 34 1
55 32 5 16 20 29 40 7 33 10 31 19 21 22 28 25 24 1 45 44 41 35 11 12 13 30 18 26 27 0 23 17 14 34 8 36 37 6 4 2
56 35 21 31 41 37 29 17 20 32 18 25 24 39 36 34 8 9 10 11 12 30 16 19 28 23 0 26 27 22 15 14 13 7 33 38 2 1 42 43 44 46 47 48
57 35 13 14 23 25 31 27 7 9 16 34 18 20 21 32 30 0 46 44 40 38 5 6 8 10 11 15 19 33 29 24 26 22 17 12 36 37 42 43 2 48
58 17 18 27 26 34 19 12 46 33 3 30 25 21 20 16 15 32 0 39 10 37 35 29 6 24 14 5 22 31 8 36 9 38 11 40 41 43 44 45
59 24 27 6 30 44 41 7 9 39 13 14 15 17 32 23 28 1 47 43 8 11 12 37 18 36 31 29 26 48 22 21 33 34 35 19 16 38 5 42 4 3
60 29 25 10 37 36 33 34 3 32 6 30 23 24 13 47 45 16 43 39 19 20 21 38 0 1 35 31 27 8 28 26 5 2 11 18 41 42 17 44 14
61 31 21 39 30 25 19 15 24 40 38 35 23 9 48 14 47 16 17 44 43 20 10 4 33 32 6 26 28 27 29 7 0 34 36 1 42 45 12
62 24 3 11 44 36 33 25 21 16 37 32 29 27 19 13 17 15 45 40 30 8 26 0 23 22 9 10 20 28 7 12 48 35 39 18 43 14
63 32 7 22 21 16 19 2 30 29 25 42 8 23 18 14 15 48 20 11 10 47 5 26 40 34 35 36 38 13 17 43 45 27 4 3 31 1 33 39
64 27 24 35 23 18 13 38 3 26 22 16 15 12 11 17 19 41 6 28 29 30 32 34 36 47 42 44 10 9 46 21 7 43 25 5 4 31 33 2 37 20
65 26 32 21 20 35 22 19 17 14 34 30 27 23 8 18 15 16 13 11 44 6 48 41 4 28 3 33 38 24 47 9 7 25 29 31 39
66 17 14 28 26 42 4 36 35 12 15 43 30 25 20 47 38 5 7 8 34 11 13 31 19 21 29 23 27 44 22 0 18 32 45 10 9 6 37 3 2 40
67 27 32 26 25 23 22 36 41 39 35 31 17 12 13 14 15 43 0 33 19 20 21 4 28 24 8 6 9 29 30 18 3 37 1 40 11 16 44
68 19 28 32 12 17 18 1 43 41 5 37 14 15 22 23 29 24 44 6 39 34 33 13 16 20 21 31 30 26 27 25 0 11 35 7 4 3 45 47
69 24 26 31 19 16 48 6 39 8 32 29 11 27 4 14 15 13 17 18 38 34 30 22 23 28 25 2 5 9 33 20 36 37 3 40 42 43 44 45 47 0
70 31 33 30 39 14 21 22 24 37 10 13 18 19 25 40 3 4 38 34 8 32 12 17 29 28 0 26 27 23 20 16 15 11 36 6 1 42 44 46 48
71 24 23 13 12 44 33 25 20 19 9 11 0 8 7 1 43 16 38 18 37 34 21 32 4 29 30 27 28 31 22 5 36 6 17 39 40 41 42 15 14 45 47
72 16 41 27 23 19 48 24 10 38 13 35 32 28 25 26 0 8 9 11 36 15 4 18 34 20 31 29 6 2 30 21 33 3 37 12 39 40 42 43 44 46
73 24 16 23 22 15 13 11 0 17 14 6 10 43 41 9 4 39 8 32 19 29 28 27 26 25 7 2 21 20 48 31 18 33 35 37 38 40 5 42 12 44 45 46 47
74 36 19 22 45 38 34 11 27 20 23 30 29 14 26 25 42 40 37 35 9 10 13 28 18 21 24 12 8 31 32 33 6 5 4 41 43 44 0 46 47
75 16 22 21 0 19 15 24 12 32 17 18 31 20 23 42 43 9 38 37 36 44 34 29 45 26 25 7 27 1 47 30 3 4 33 5 14 13 11 10 39 8 6
76 43 33 24 30 22 46 38 36 5 27 0 48 45 39 14 15 16 35 18 28 20 21 26 23 10 25 9 8 19 29 11 32 6 34 17 37 3 13 40 41 42 2 12
77 35 26 27 47 42 41 9 12 14 16 34 19 32 23 28 46 45 44 6 39 8 36 11 15 33 20 21 29 25 48 30 31 22 17 13 37 38 7 5 4 43 2 24
78 22 23 15 24 42 30 29 20 0 48 43 35 25 9 47 46 16 17 39 38 37 33 32 2 8 12 26 27 28 31 11 36 6 19 18 41 1 10 14
79 4 31 24 3 33 20 16 42 41 39 23 19 12 48 14 15 1 38 18 36 9 35 22 34 6 32 26 7 30 29 28 27 25 13 8 21 10 37 40 11 47 0
80 24 21 29 20 48 37 35 34 31 12 26 18 19 25 23 44 39 10 30 15 16 17 2 22 3 14 27 28 11 32 33 9 8 7 38 6 40 5 47 0
81 14 44 17 19 22 23 40 35 34 27 1 2 3 43 6 38 8 9 37 11 36 13 15 18 20 21 32 29 28 26 25 33 24 16 12 7 39 41 42 4 0 48
82 16 30 29 18 24 34 32 0 39 37 13 14 27 21 48 44 10 1 31 4 25 22 28 23 7 19 26 3 6 33 35 36 12 38 11 40 41 43 9 45
83 21 25 35 34 16 17 19 27 3 15 31 48 45 44 4 5 6 7 8 37 10 33 32 29 22 23 28 26 24 20 30 18 13 12 11 36 38 39 40 1
84 29 34 26 23 0 25 21 8 24 40 47 13 31 28 35 33 14 15 30 18 19 27 22 45 7 9 5 46 20 44 17 16 32 11 1 10 36 37 38 42 4
85 23 25 11 33 17 18 3 37 7 31 13 14 19 20 21 44 42 41 40 8 9 12 30 29 22 27 26 24 28 15 32 6 34 35 36 38 2 43 0 45
86 9 27 29 17 18 19 22 23 38 32 11 24 43 39 4 35 33 7 8 12 13 31 28 20 21 25 26 48 15 30 14 10 6 34 36 37 3 41 42 44 45 47
87 12 28 5 33 32 13 17 27 26 42 38 37 14 16 31 22 23 45 39 36 34 9 11 15 29 20 25 48 19 30 10 8 7 3 2 41 0 47
88 29 18 45 3 25 41 39 7 9 33 21 23 26 24 40 5 36 30 12 14 28 16 17 27 20 22 0 19 15 13 31 32 35 8 37 6 4 2 43 47
89 18 21 38 23 34 13 42 33 30 29 10 14 15 25 19 47 43 40 8 11 28 26 20 22 24 17 27 12 9 7 31 32 5 36 37 4 39 3 1 44 45 0 48
90 14 30 29 28 26 33 9 18 0 40 39 38 32 12 31 42 41 7 10 11 19 20 21 23 48 25 22 27 15 13 6 36 37 4 3 44 45
91 28 21 29 5 12 32 6 14 27 26 18 19 0 42 40 39 7 31 30 10 15 20 25 23 48 17 13 11 9 33 35 38 3 43 44 45 47
92 36 43 24 30 22 17 14 21 9 42 15 29 27 39 10 11 13 37 34 33 18 19 20 32 4 45 28 3 25 23 2 31 7 47 16 35 1 6 12 8 40 41
93 25 28 19 36 33 29 13 39 37 43 32 14 31 16 30 42 0 10 12 17 18 44 27 22 8 45 26 21 4 47 20 15 6 2 40 35 1 9 23
94 20 35 4 40 28 22 45 41 32 31 27 16 14 13 48 46 24 17 18 19 39 33 8 23 26 25 12 9 7 29 30 5 21 36 37 38 10 2 42 44 15
95 42 28 41 5 30 17 39 16 48 37 34 32 23 22 13 15 14 18 24 40 38 0 19 20 21 45 10 25 44 27 9 29 43 31 7 1 35 36 4 3
96 32 25 23 14 29 27 37 6 10 26 17 18 24 45 44 40 38 34 33 28 16 19 20 22 0 21 15 13 12 11 30 31 9 7 35 36 41 42 43 48
97 39 33 5 30 25 40 34 31 29 8 27 23 22 20 14 15 46 43 18 24 13 36 28 11 48 26 32 12 4 3 2 35 38 1 19 42 17 45 16
98 29 30 2 25 21 19 24 43 28 6 27 12 18 15 38 20 22 23 37 40 26 7 3 31 33 34 35 36 13 14 17 11 39 9 5 45 32
99 28 39 16 24 44 36 31 13 0 9 23 22 12 48 43 2 6 38 32 30 20 29 27 10 8 25 26 21 19 4 18 33 35 3 37 15 40 41 42 14 45 46 47
