0 13.457231 52.4299 269514 0.377 73
1 13.289447 52.48897 4054 1.0 42
2 13.453539 52.429638 194812 1.0 63
3 13.456 52.4299 269518 0.0 93
4 13.47016 52.506256 8243 1.0 91
5 13.385117 52.46424 124733 1.0 83
6 13.388687 52.54932 201911 1.0 63
7 13.388782 52.5501 12095 1.0 84
8 13.293308 52.474472 267439 1.0 93
9 13.266063 52.512947 85402 1.0 53
10 13.400803 52.414524 20159 1.0 93
11 13.400744 52.415 139910 1.0 95
12 13.157813 52.532463 418698 0.0 53
13 13.268083 52.536743 139597 1.0 51
14 13.291195 52.475163 2104 1.0 87
15 13.294682 52.474094 236787 1.0 28
16 13.486293 52.6185 240542 1.0 1
17 13.578686 52.45702 167542 1.0 82
18 13.392473 52.54294 179786 1.0 81
19 13.421817 52.53946 438842 1.0 38
20 13.258678 52.508293 470992 1.0 86
21 13.266073 52.508969 252385 0.889 16
22 13.266475 52.513195 7433 1.0 32
23 13.3491 52.481556 423050 0.0 16
24 13.504198 52.563583 23976 1.0 44
25 13.491557 52.420765 238856 1.0 37
26 13.422036 52.534832 480767 0.0 94
27 13.501545 52.566086 23571 1.0 52
28 13.35418 52.41342 133568 1.0 59
29 13.404981 52.5285 140831 1.0 52
30 13.405526 52.50981 13620 1.0 27
31 13.334749 52.471493 8501 1.0 31
32 13.322759 52.488926 359716 1.0 19
33 13.283811 52.505817 6624 1.0 8
34 13.331422 52.48552 344856 1.0 42
35 13.340408 52.489697 465858 0.0 7
36 13.496866 52.416676 305408 1.0 65
37 13.496829 52.41828 316587 1.0 32
38 13.491408 52.42063 140971 0.0 72
39 13.497866 52.41938 316599 1.0 48
40 13.388037 52.493885 502728 1.0 58
41 13.442747 52.467796 53492 1.0 83
42 13.45509 52.473103 146531 1.0 6
43 13.439943 52.47489 413687 1.0 53
44 13.377584 52.549263 139428 1.0 80
45 13.36983 52.525063 393825 0.0 12
46 13.68628 52.442314 235354 0.0 86
47 13.314403 52.474228 9905 1.0 66
48 13.333516 52.593395 171981 1.0 14
49 13.510529 52.45639 461785 0.0 63
50 13.414207 52.553898 175213 1.0 89
51 13.289508 52.63294 294273 1.0 31
52 13.270524 52.50208 486873 1.0 16
53 13.403531 52.38668 1161 0.986 26
54 13.258864 52.43222 504145 1.0 43
55 13.407738 52.489525 223142 1.0 42
56 13.415271 52.543743 177258 1.0 54
57 13.393868 52.489246 410000 0.0 25
58 13.422441 52.500416 149795 1.0 32
59 13.431728 52.497456 131708 1.0 47
60 13.519863 52.566105 32493 1.0 39
61 13.287266 52.632454 346633 1.0 13
62 13.420358 52.532406 13950 0.0 53
63 13.469325 52.506622 8245 1.0 52
64 13.546934 52.437847 337669 1.0 18
65 13.509865 52.495983 457130 1.0 2
66 13.30553 52.509945 5843 1.0 34
67 13.325096 52.606915 195036 1.0 6
68 13.403076 52.56951 44920 0.0 15
69 13.508823 52.451458 350251 1.0 27
70 13.393733 52.489113 11101 1.0 92
71 13.301803 52.473545 88251 1.0 31
72 13.439205 52.52588 133257 1.0 40
73 13.416492 52.49894 502839 0.0 37
74 13.319707 52.49975 96287 1.0 26
75 13.468615 52.506947 8246 1.0 57
76 13.38398 52.45674 434707 1.0 64
77 13.413963 52.502197 465966 1.0 4
78 13.287725 52.63205 346639 1.0 61
79 13.418211 52.499607 502846 1.0 6
80 13.587063 52.522934 365270 0.0 72
81 13.587506 52.521034 335298 1.0 34
82 13.278535 52.50497 15092 1.0 14
83 13.275482 52.505875 36107 0.0 99
84 13.214774 52.439533 166516 0.0 81
85 13.427306 52.49897 329593 1.0 69
86 13.417069 52.499016 502839 1.0 24
87 13.455211 52.51201 251055 1.0 44
88 13.208188 52.560642 328066 1.0 19
89 13.259507 52.43308 504141 1.0 93
90 13.449253 52.505306 256551 1.0 9
91 13.397543 52.48697 243588 1.0 84
92 13.438033 52.47829 192836 1.0 17
93 13.345189 52.486446 92874 0.564 37
94 13.339893 52.503006 304599 1.0 17
95 13.157271 52.419052 236580 0.0 19
96 13.420463 52.49121 17662 1.0 4
97 13.424571 52.488884 260714 1.0 79
98 13.47451 52.51361 243804 1.0 18
99 13.329703 52.429066 70245 1.0 21
100 13.459277 52.51041 65260 1.0 23
101 13.306456 52.505665 135751 1.0 74
102 13.457055 52.51171 197588 0.0 8
103 13.46046 52.51093 66655 1.0 19
104 13.495712 52.53465 244509 1.0 28
105 13.27344 52.50988 458420 1.0 8
106 13.25934 52.431355 236343 1.0 99
107 13.340053 52.48958 7849 1.0 72
108 13.471037 52.613617 295755 1.0 19
109 13.495583 52.535515 244504 1.0 13
110 13.32931 52.563457 342766 1.0 18
111 13.312284 52.422554 269260 1.0 49
112 13.412643 52.524612 87235 1.0 17
113 13.459362 52.512505 17408 0.0 83
114 13.332755 52.59535 329910 1.0 22
115 13.275127 52.509644 353896 0.0 63
116 13.303101 52.505642 484784 1.0 99
117 13.474415 52.536045 103335 1.0 98
118 13.311037 52.46765 499492 1.0 10
119 13.262901 52.438385 470416 1.0 8
120 13.32547 52.486652 237596 1.0 57
121 13.423269 52.486988 281247 1.0 50
122 13.259912 52.43344 347329 1.0 79
123 13.354857 52.59704 282885 1.0 30
124 13.259064 52.4324 166085 0.0 77
125 13.260955 52.436077 183020 1.0 98
126 13.453929 52.514973 165142 1.0 64
127 13.442861 52.50062 62230 1.0 16
128 13.418902 52.583527 222590 0.0 47
129 13.330379 52.46672 227431 1.0 39
130 13.327319 52.479885 4562 0.488 64
131 13.418824 52.583626 223188 1.0 59
132 13.474877 52.513573 216088 1.0 31
133 13.418839 52.54012 318464 1.0 45
134 13.261517 52.436443 470391 0.0 38
135 13.389089 52.514656 500938 0.0 6
136 13.448425 52.50554 353642 0.0 85
137 13.417978 52.50003 187440 1.0 77
138 13.428018 52.486813 61843 1.0 64
139 13.403351 52.522366 251518 1.0 47
140 13.39318 52.4262 401153 1.0 83
141 13.397253 52.53242 502416 1.0 48
142 13.28979 52.55385 80836 1.0 57
143 13.411834 52.540585 135478 1.0 51
144 13.421865 52.492935 348877 1.0 22
145 13.422139 52.49282 260704 1.0 6
146 13.307329 52.517086 459672 1.0 43
147 13.337141 52.50508 304624 1.0 84
148 13.43349 52.48221 342070 1.0 26
149 13.290235 52.633526 353719 1.0 31
150 13.440182 52.517868 395546 1.0 18
151 13.450335 52.50863 66533 1.0 60
152 13.577859 52.456825 246935 1.0 53
153 13.231455 52.43791 200037 1.0 70
154 13.421846 52.485672 279750 1.0 25
155 13.347196 52.553246 10365 1.0 5
156 13.417085 52.49248 113465 1.0 44
157 13.196769 52.52554 12906 1.0 39
158 13.422704 52.492195 17667 0.0 18
159 13.42754 52.57292 236258 1.0 31
160 13.302021 52.50671 434384 1.0 13
161 13.358169 52.546864 9276 1.0 24
162 13.285381 52.589977 244539 1.0 13
163 13.414874 52.522045 396212 1.0 59
164 13.416595 52.51127 13652 1.0 37
165 13.319424 52.501522 2803 1.0 65
166 13.353074 52.54989 383895 0.0 82
167 13.355503 52.54856 179671 1.0 68
168 13.457933 52.52955 407116 1.0 27
169 13.468111 52.50439 311723 1.0 3
170 13.313861 52.506527 300405 1.0 73
171 13.461463 52.515827 321248 0.0 33
172 13.42853 52.498676 329595 1.0 21
173 13.215536 52.43817 537 1.0 88
174 13.375764 52.50895 380485 1.0 75
175 13.432484 52.511864 424843 1.0 22
176 13.204222 52.536842 405674 0.0 20
177 13.574944 52.445812 54194 1.0 68
178 13.328181 52.567585 220367 1.0 98
179 13.574752 52.45282 236940 1.0 27
180 13.306715 52.506847 5504 1.0 81
181 13.353238 52.549824 179677 1.0 24
182 13.300512 52.58334 123104 1.0 66
183 13.283332 52.58987 469415 1.0 18
184 13.568621 52.5709 474873 1.0 72
185 13.326054 52.509827 176773 1.0 18
186 13.493693 52.635906 430107 1.0 39
187 13.259064 52.4324 166085 0.0 71
188 13.315825 52.50611 6620 0.0 38
189 13.416905 52.51187 13653 1.0 29
190 13.520916 52.498024 163905 0.0 35
191 13.317915 52.506 149330 1.0 25
192 13.423821 52.51342 439001 1.0 10
193 13.424133 52.49947 389489 1.0 71
194 13.314838 52.512596 480866 1.0 88
195 13.424566 52.528126 169942 1.0 62
196 13.248385 52.53992 270710 1.0 14
197 13.412626 52.533146 141131 1.0 23
198 13.236218 52.541958 136492 1.0 51
199 13.246655 52.537292 123333 1.0 20
200 13.490874 52.511944 469092 1.0 27
201 13.350726 52.53262 458601 1.0 70
202 13.468589 52.515083 270659 1.0 88
203 13.432165 52.497295 329151 1.0 18
204 13.525114 52.40297 498985 1.0 83
205 13.373896 52.509475 499913 0.5 88
206 13.40746 52.52906 424498 1.0 3
207 13.453107 52.42927 329184 1.0 16
208 13.332239 52.46851 227433 1.0 88
209 13.425378 52.488197 185510 1.0 38
210 13.485418 52.514694 110750 1.0 95
211 13.545862 52.542953 278261 0.0 83
212 13.384803 52.44677 369175 1.0 85
213 13.461271 52.524204 448959 0.0 67
214 13.341205 52.525417 491975 0.0 83
215 13.336215 52.526726 177932 1.0 83
216 13.576307 52.458454 140521 0.0 30
217 13.446831 52.436935 140078 0.0 40
218 13.164905 52.521523 229670 1.0 81
219 13.164286 52.52155 28928 1.0 19
220 13.487449 52.465878 285621 1.0 39
221 13.452322 52.549747 213327 1.0 23
222 13.374267 52.505665 44152 1.0 75
223 13.423002 52.48661 457957 1.0 27
224 13.450581 52.548244 208800 0.0 76
225 13.391833 52.51045 49502 0.0 44
226 13.311856 52.429714 59280 1.0 66
227 13.347818 52.52 459332 0.0 94
228 13.428819 52.48831 373302 1.0 54
229 13.504439 52.547756 106922 1.0 80
230 13.431589 52.466736 501182 1.0 69
231 13.573645 52.444603 339729 1.0 21
232 13.328667 52.465256 445437 1.0 8
233 13.396214 52.51321 61702 1.0 2
234 13.289611 52.631927 356436 1.0 44
235 13.478782 52.527596 444402 1.0 9
236 13.287725 52.63205 346639 1.0 4
237 13.289611 52.631927 356436 1.0 34
238 13.287266 52.632454 346633 1.0 21
239 13.289952 52.633396 356446 1.0 81
240 13.357046 52.54837 202257 0.0 81
241 13.602683 52.53853 172345 1.0 78
242 13.384747 52.455296 267781 1.0 82
243 13.60152 52.538433 48727 1.0 9
244 13.367186 52.462578 196729 0.0 22
245 13.164337 52.55024 397968 1.0 72
246 13.424123 52.53878 496403 1.0 35
247 13.347932 52.542294 484077 0.0 68
248 13.269215 52.43806 374546 0.0 50
249 13.379608 52.522854 221648 0.0 50
250 13.412759 52.565044 227868 1.0 23
251 13.391023 52.431877 315695 1.0 89
252 13.569034 52.569313 229404 1.0 31
253 13.432322 52.505608 209654 1.0 20
254 13.387652 52.52034 387979 1.0 91
255 13.342249 52.467056 10892 1.0 29
256 13.576356 52.45454 37840 1.0 36
257 13.541375 52.396946 352370 1.0 13
258 13.493917 52.420067 360616 1.0 85
259 13.409845 52.529266 178726 1.0 87
260 13.434557 52.512222 261936 1.0 74
261 13.435523 52.42485 314792 0.0 79
262 13.471749 52.504704 278314 1.0 33
263 13.378293 52.516037 118180 1.0 32
264 13.498909 52.511013 481501 1.0 38
265 13.404582 52.5698 331017 0.0 50
266 13.403474 52.519615 442705 0.0 99
267 13.144588 52.45472 182012 1.0 63
268 13.468355 52.514538 270658 0.0 50
269 13.277319 52.510643 5909 1.0 61
270 13.391109 52.51488 60729 0.0 47
271 13.390853 52.504517 330045 1.0 70
272 13.313151 52.500546 2801 0.0 46
273 13.342192 52.502247 502465 1.0 2
274 13.433525 52.531208 14017 1.0 62
275 13.313136 52.500973 6689 1.0 1
276 13.459005 52.473595 452241 1.0 86
277 13.342068 52.525528 11507 0.242 74
278 13.404582 52.5698 331017 0.0 8
279 13.366826 52.585533 21725 1.0 16
280 13.308167 52.51647 415279 1.0 44
281 13.352238 52.49934 246112 0.0 94
282 13.32025 52.49764 4130 1.0 5
283 13.44891 52.466343 392530 1.0 29
284 13.157764 52.41935 236581 1.0 64
285 13.157764 52.41935 236581 1.0 14
286 13.390635 52.434093 423453 0.0 19
287 13.160087 52.41957 183250 1.0 65
288 13.460322 52.49277 283042 1.0 36
289 13.428964 52.51124 445718 1.0 1
290 13.414301 52.53318 344293 0.0 48
291 13.545333 52.436913 345426 1.0 86
292 13.306321 52.617424 26231 1.0 28
293 13.393939 52.49161 73423 1.0 1
294 13.387395 52.519806 79266 1.0 63
295 13.410202 52.57054 268000 1.0 32
296 13.352996 52.50226 440451 1.0 68
297 13.388635 52.493793 502734 1.0 17
298 13.383014 52.499073 307744 1.0 60
299 13.310194 52.50655 416356 0.0 6
300 13.41605 52.5183 194333 1.0 43
301 13.420645 52.495384 290359 1.0 75
302 13.421577 52.5139 499510 1.0 10
303 13.419351 52.514725 368992 1.0 5
304 13.493647 52.512173 418429 1.0 41
305 13.312395 52.49926 4255 1.0 7
306 13.343055 52.43505 87754 1.0 22
307 13.557323 52.524902 278800 1.0 28
308 13.335 52.485912 92865 1.0 41
309 13.341397 52.451103 300903 1.0 87
310 13.465367 52.524506 112329 1.0 66
311 13.387749 52.524433 33560 1.0 84
312 13.469299 52.53157 485290 1.0 8
313 13.471199 52.530407 387675 1.0 79
314 13.322759 52.488926 359716 1.0 49
315 13.32143 52.457565 261266 1.0 92
316 13.319571 52.486523 1332 1.0 70
317 13.415959 52.523266 258690 1.0 64
318 13.410194 52.521667 232894 0.0 85
319 13.388596 52.51116 458192 1.0 79
320 13.389886 52.511288 502621 1.0 59
321 13.393318 52.51323 13310 1.0 26
322 13.384396 52.532684 456223 0.0 52
323 13.320483 52.48603 980 1.0 68
324 13.398679 52.523663 13181 1.0 48
325 13.538398 52.52787 144693 0.489 14
326 13.441391 52.542053 293663 1.0 89
327 13.435158 52.500286 351529 1.0 58
328 13.382183 52.531273 411095 1.0 12
329 13.41198 52.541298 315395 1.0 64
330 13.41181 52.54118 500168 1.0 76
331 13.40694 52.51825 284554 1.0 52
332 13.408828 52.51194 60242 0.0 43
333 13.520912 52.46087 243475 1.0 69
334 13.521312 52.497467 235351 1.0 99
335 13.562871 52.54206 34564 0.556 42
336 13.524871 52.48195 327284 1.0 6
337 13.40197 52.52353 378799 1.0 45
338 13.392768 52.54256 35056 1.0 44
339 13.433556 52.53609 440512 1.0 62
340 13.414642 52.520893 396149 1.0 35
341 13.201568 52.54779 25219 1.0 50
342 13.20075 52.54874 207386 1.0 15
343 13.467752 52.50724 278016 1.0 43
344 13.463463 52.470043 148007 1.0 58
345 13.451628 52.510853 91887 1.0 90
346 13.453015 52.512398 251056 1.0 56
347 13.326839 52.564213 491798 1.0 95
348 13.328669 52.563713 127543 1.0 42
349 13.240849 52.61832 65163 1.0 33
350 13.41428 52.550686 325245 1.0 43
351 13.613566 52.508812 366514 1.0 38
352 13.422155 52.535435 88508 1.0 22
353 13.586235 52.511635 81671 1.0 55
354 13.612005 52.512302 365880 1.0 29
355 13.571525 52.412693 372757 1.0 97
356 13.333029 52.50613 502829 1.0 46
357 13.205169 52.536716 30704 1.0 91
358 13.204441 52.53807 29699 1.0 73
359 13.203027 52.536788 30696 0.4 48
360 13.204775 52.536896 103878 1.0 54
361 13.566716 52.570316 71752 1.0 72
362 13.719996 52.43913 38273 1.0 63
363 13.414309 52.5079 113098 1.0 85
364 13.535493 52.43309 271078 0.0 36
365 13.495328 52.634995 111208 0.0 20
366 13.201769 52.538204 30687 0.0 93
367 13.320815 52.45712 136028 1.0 18
368 13.431828 52.46691 501176 1.0 73
369 13.197833 52.52127 160578 1.0 45
370 13.390726 52.51699 226219 1.0 66
371 13.341813 52.501286 453095 0.0 18
372 13.196218 52.529285 88467 1.0 58
373 13.45622 52.509964 342975 1.0 15
374 13.457811 52.512787 160285 1.0 6
375 13.346357 52.436466 188406 1.0 68
376 13.351233 52.43988 133929 1.0 66
377 13.3856 52.527496 287580 0.0 69
378 13.357045 52.547684 179666 1.0 39
379 13.385836 52.4855 167765 1.0 50
380 13.358169 52.546864 9276 1.0 24
381 13.285277 52.584404 189586 1.0 70
382 13.284141 52.589344 246441 1.0 27
383 13.601357 52.482574 292868 1.0 36
384 13.52579 52.482147 424196 1.0 74
385 13.467513 52.51451 33732 0.0 87
386 13.467465 52.514362 33732 1.0 97
387 13.457256 52.516304 426794 1.0 3
388 13.520333 52.497326 235343 1.0 59
389 13.444643 52.564644 188518 1.0 13
390 13.199411 52.535164 457467 1.0 97
391 13.462461 52.49811 313595 0.0 21
392 13.332138 52.50653 486649 0.756 79
393 13.388226 52.519498 502080 0.336 34
394 13.451253 52.508522 199377 1.0 90
395 13.332844 52.595734 192933 1.0 86
396 13.347196 52.553246 10365 1.0 91
397 13.296687 52.442978 200064 1.0 6
398 13.296687 52.442978 200064 1.0 57
399 13.333298 52.469017 9869 0.0 8
400 13.296992 52.442688 14577 0.0 75
401 13.28364 52.589504 463535 0.0 14
402 13.452177 52.537457 204373 1.0 50
403 13.625223 52.455055 303285 0.0 81
404 13.292378 52.49745 1045 1.0 98
405 13.343435 52.478817 465845 0.0 55
406 13.312019 52.500584 290994 1.0 32
407 13.38906 52.512012 416929 1.0 15
408 13.414042 52.552193 382050 1.0 8
409 13.414246 52.55141 295434 0.0 76
410 13.515021 52.505352 124941 1.0 4
411 13.340533 52.48833 70437 1.0 33
412 13.183807 52.54803 444315 1.0 35
413 13.328235 52.46524 135855 1.0 29
414 13.311583 52.467205 292343 0.0 7
415 13.445714 52.52569 445899 1.0 36
416 13.322822 52.459003 187584 0.0 78
417 13.290684 52.4754 429047 1.0 41
418 13.413364 52.548504 182159 1.0 55
419 13.327424 52.502884 6788 0.0 86
420 13.295505 52.497932 149132 1.0 61
421 13.284382 52.58936 246440 1.0 53
422 13.412804 52.540966 252218 1.0 26
423 13.356669 52.486137 494559 1.0 76
424 13.357059 52.4863 494566 1.0 41
425 13.354818 52.485306 156159 0.0 71
426 13.35499 52.485577 259286 1.0 20
427 13.335019 52.504192 460506 1.0 21
428 13.29364 52.45649 210214 1.0 56
429 13.32797 52.428032 70251 1.0 26
430 13.440182 52.517868 395546 1.0 11
431 13.328475 52.428646 500886 1.0 30
432 13.326762 52.42787 70288 1.0 19
433 13.360805 52.545364 9288 1.0 62
434 13.410984 52.521736 395969 1.0 51
435 13.535457 52.432285 238546 1.0 35
436 13.420655 52.524696 111202 1.0 91
437 13.381589 52.55263 468633 1.0 9
438 13.426008 52.478733 340581 0.0 22
439 13.302057 52.49982 120312 0.0 92
440 13.383033 52.55167 179730 1.0 91
441 13.441694 52.50086 223838 1.0 91
442 13.383172 52.524094 11429 0.0 59
443 13.363439 52.412914 140027 0.0 38
444 13.420029 52.499004 329578 1.0 65
445 13.41573 52.523083 258691 1.0 62
446 13.481423 52.524452 112024 1.0 90
447 13.355145 52.596634 411727 1.0 29
448 13.522466 52.497494 163903 1.0 67
449 13.431281 52.50105 142657 1.0 63
450 13.320875 52.486393 39828 1.0 72
451 13.426059 52.477863 7922 0.0 18
452 13.424821 52.487106 457965 1.0 67
453 13.419945 52.54219 254925 0.0 70
454 13.339929 52.526527 155506 1.0 8
455 13.259881 52.434902 302219 1.0 51
456 13.34554 52.526314 493105 1.0 50
457 13.297234 52.442474 137950 1.0 94
458 13.283129 52.58974 250551 1.0 13
459 13.370957 52.54 11663 1.0 5
460 13.306173 52.507896 80081 0.581 15
461 13.499683 52.50923 18231 1.0 36
462 13.319449 52.501682 2819 1.0 27
463 13.330433 52.527264 12111 0.0 17
464 13.340608 52.526726 16670 1.0 86
465 13.339914 52.450607 444529 1.0 42
466 13.340426 52.45076 300843 1.0 2
467 13.604081 52.537216 184773 1.0 37
468 13.437963 52.47912 236639 1.0 42
469 13.377837 52.508984 383624 1.0 81
470 13.38971 52.510258 495262 0.429 25
471 13.332515 52.50717 478565 1.0 80
472 13.368881 52.540455 209444 0.0 73
473 13.319819 52.51391 279575 1.0 49
474 13.321423 52.511868 458364 1.0 61
475 13.521522 52.51385 365040 1.0 39
476 13.289241 52.51039 4919 1.0 17
477 13.385609 52.463867 136684 1.0 84
478 13.305253 52.51143 7116 0.0 48
479 13.505691 52.44577 212877 1.0 17
480 13.297234 52.442474 137950 1.0 60
481 13.602164 52.536026 172351 1.0 15
482 13.590707 52.5044 316680 0.0 6
483 13.302427 52.5842 123106 1.0 28
484 13.289914 52.49752 88232 1.0 1
485 13.273628 52.53565 132106 1.0 93
486 13.275768 52.53565 126580 0.0 48
487 13.496285 52.50575 496143 1.0 82
488 13.34892 52.507748 105913 1.0 88
489 13.306071 52.50888 5500 1.0 57
490 13.335843 52.52497 136301 1.0 51
491 13.305143 52.512165 142918 1.0 7
492 13.305823 52.50997 5845 1.0 42
493 13.399487 52.386677 445951 0.403 12
494 13.426185 52.543056 256960 1.0 45
495 13.402918 52.38668 1163 1.0 19
496 13.401629 52.38634 403473 0.454 27
497 13.281354 52.589302 39959 1.0 89
498 13.423893 52.48676 503714 0.0 10
499 13.381405 52.552505 468635 1.0 88
500 13.382036 52.552467 468639 1.0 71
501 13.204441 52.53807 29699 1.0 86
502 13.430383 52.469112 291581 1.0 50
503 13.6531 52.374996 280350 1.0 66
504 13.203632 52.537476 29702 1.0 70
505 13.385827 52.466297 353424 0.0 10
506 13.2491 52.610115 182846 1.0 14
507 13.386426 52.549637 179721 1.0 55
508 13.408073 52.52896 424499 1.0 58
509 13.385636 52.446808 129772 1.0 63
510 13.385716 52.445564 129759 0.0 38
511 13.434927 52.481052 344778 1.0 29
512 13.384561 52.46079 353856 1.0 32
513 13.20262 52.537918 28527 0.0 1
514 13.433732 52.48189 132819 1.0 78
515 13.273578 52.536934 10511 1.0 24
516 13.625223 52.455055 303285 0.0 33
517 13.203932 52.537 31522 1.0 2
518 13.306718 52.506355 500787 0.0 45
519 13.441511 52.470398 313393 0.0 69
520 13.435927 52.480415 230495 1.0 26
521 13.43796 52.454144 27435 0.0 16
522 13.384884 52.484985 15009 0.0 6
523 13.204431 52.53619 30698 1.0 92
524 13.291782 52.497215 36934 1.0 4
525 13.456857 52.431065 202795 1.0 39
526 13.455811 52.430473 202805 0.0 96
527 13.411751 52.57151 21477 1.0 44
528 13.60358 52.537083 208870 1.0 45
529 13.288036 52.453136 318594 1.0 4
530 13.425378 52.488197 185510 1.0 16
531 13.403958 52.580963 21507 1.0 2
532 13.329873 52.562874 220736 1.0 23
533 13.320815 52.45712 136028 1.0 48
534 13.546751 52.54399 348530 1.0 45
535 13.303527 52.525593 2977 1.0 46
536 13.309338 52.51692 415262 0.0 4
537 13.310064 52.431583 5739 1.0 60
538 13.557406 52.506603 444972 0.0 36
539 13.456984 52.491188 259317 1.0 22
540 13.302211 52.426777 350859 1.0 32
541 13.28081 52.477623 137123 1.0 8
542 13.57882 52.458225 140522 0.0 8
543 13.474581 52.513916 242982 1.0 10
544 13.442699 52.54295 174324 1.0 55
545 13.309652 52.54703 173767 1.0 80
546 13.280159 52.47693 278806 0.0 94
547 13.297243 52.51062 2145 1.0 74
548 13.297761 52.510754 237292 0.0 42
549 13.458108 52.49083 189378 1.0 88
550 13.314346 52.51219 258487 1.0 55
551 13.477404 52.51399 482691 0.0 85
552 13.476693 52.51366 408546 1.0 24
553 13.384441 52.458168 264297 1.0 50
554 13.44081 52.47337 83650 0.0 54
555 13.285109 52.58772 25004 1.0 1
556 13.285645 52.587776 130877 0.0 35
557 13.40625 52.535194 24299 1.0 32
558 13.232425 52.4371 472685 0.0 54
559 13.510252 52.456516 235178 1.0 22
560 13.292845 52.483166 6602 1.0 58
561 13.408053 52.536995 247108 1.0 18
562 13.592219 52.529156 76846 0.0 47
563 13.32569 52.506287 197079 1.0 63
564 13.418347 52.536602 12647 0.0 68
565 13.370018 52.53979 101255 1.0 63
566 13.389476 52.512226 416942 1.0 18
567 13.337693 52.500553 6748 0.0 9
568 13.488975 52.467148 285618 1.0 85
569 13.489559 52.54257 179244 1.0 32
570 13.297016 52.49804 5083 1.0 84
571 13.503996 52.548588 356377 1.0 98
572 13.504566 52.548508 273610 1.0 58
573 13.451554 52.54851 272264 1.0 70
574 13.452683 52.548965 100909 1.0 35
575 13.44968 52.54784 136708 1.0 87
576 13.451404 52.54813 132895 1.0 21
577 13.477975 52.526775 353831 1.0 1
578 13.458136 52.549816 382767 1.0 16
579 13.271336 52.536674 145251 1.0 17
580 13.263891 52.537468 154380 1.0 5
581 13.371445 52.422558 192466 0.0 6
582 13.35903 52.57387 84113 0.0 54
583 13.452517 52.518536 408892 1.0 33
584 13.403918 52.38668 1161 0.737 69
585 13.344596 52.435596 24780 0.0 34
586 13.328186 52.563484 427402 0.0 40
587 13.454843 52.549065 195239 1.0 1
588 13.344131 52.43591 24780 1.0 37
589 13.28911 52.47627 345284 0.0 62
590 13.193997 52.430885 382320 1.0 60
591 13.455928 52.529655 198768 1.0 80
592 13.304987 52.508682 192565 1.0 35
593 13.41171 52.51976 355996 1.0 41
594 13.592145 52.545757 390099 1.0 5
595 13.304987 52.508682 192565 1.0 27
596 13.495896 52.63449 491515 1.0 87
