0 13.373548 52.507854 225269 1.0 51
1 13.376552 52.51054 501611 0.0 94
2 13.388598 52.51957 229601 1.0 1
3 13.379687 52.516552 79180 1.0 32
4 13.356774 52.54765 9271 1.0 45
5 13.334581 52.550865 31758 1.0 30
6 13.395677 52.53881 20481 1.0 31
7 13.411517 52.52017 355995 0.0 99
8 13.410192 52.52025 424175 1.0 2
9 13.389906 52.511024 502538 1.0 26
10 13.389619 52.51138 502629 0.762 97
11 13.377124 52.508244 380739 1.0 39
12 13.383158 52.530655 502245 1.0 92
13 13.398783 52.52331 13193 1.0 98
14 13.270908 52.509045 459495 1.0 24
15 13.323905 52.47522 11526 1.0 48
16 13.406003 52.54562 15175 0.0 9
17 13.353688 52.488674 10842 1.0 17
18 13.509152 52.456837 173691 1.0 30
19 13.414311 52.540646 296941 1.0 52
20 13.420533 52.53861 361713 1.0 24
21 13.530785 52.4295 262617 0.0 14
22 13.412481 52.540863 500151 1.0 61
23 13.292368 52.457172 251118 0.0 34
24 13.443998 52.49773 335782 1.0 33
25 13.217429 52.427116 483733 1.0 6
26 13.360931 52.48803 40695 0.0 67
27 13.32768 52.5031 2809 1.0 75
28 13.34834 52.51464 380435 0.0 50
29 13.343697 52.516922 453875 1.0 24
30 13.346179 52.518845 3150 1.0 70
31 13.467732 52.468323 258699 0.0 62
32 13.466623 52.505424 278291 1.0 83
33 13.340356 52.470093 96413 1.0 13
34 13.422526 52.4336 230567 1.0 7
35 13.387157 52.52595 457488 1.0 24
36 13.526315 52.49203 179459 0.466 27
37 13.443212 52.496933 99436 1.0 54
38 13.361973 52.488445 44364 1.0 88
39 13.367587 52.49092 416853 1.0 89
40 13.457211 52.50965 278297 1.0 69
41 13.357276 52.425564 406876 1.0 30
42 13.557014 52.546604 366576 0.0 71
43 13.461518 52.512115 8249 1.0 3
44 13.356718 52.42787 98812 1.0 60
45 13.466623 52.505424 278291 1.0 18
46 13.393733 52.489113 11101 1.0 28
47 13.459362 52.512505 17408 0.0 31
48 13.20197 52.537228 22315 0.0 37
49 13.472363 52.515556 17311 1.0 71
50 13.458833 52.511433 17408 1.0 45
51 13.457005 52.515934 99504 1.0 47
52 13.463058 52.516747 271229 1.0 5
53 13.456634 52.510838 65259 0.0 20
54 13.457811 52.512787 160285 1.0 98
55 13.446021 52.52463 132566 1.0 73
56 13.130707 52.444393 119728 1.0 54
57 13.322908 52.49779 4247 1.0 32
58 13.4358 52.532436 320880 1.0 56
59 13.438748 52.542355 14188 1.0 32
60 13.322908 52.49779 4247 1.0 77
61 13.601228 52.482044 142594 1.0 80
62 13.321239 52.507347 320924 1.0 73
63 13.418722 52.49193 460053 1.0 72
64 13.419302 52.493603 28229 1.0 75
65 13.416869 52.54991 205845 1.0 83
66 13.418722 52.49193 460053 1.0 15
67 13.403779 52.55129 37009 1.0 63
68 13.408283 52.55158 142871 1.0 31
69 13.398215 52.515476 13289 1.0 76
70 13.398536 52.518867 48474 1.0 16
71 13.40295 52.537266 122494 1.0 59
72 13.400782 52.53709 198441 0.345 65
73 13.368185 52.544952 11613 1.0 53
74 13.39828 52.53498 95060 1.0 31
75 13.46427 52.528942 342127 1.0 2
76 13.355103 52.486763 495358 0.0 50
77 13.419302 52.493603 28229 1.0 71
78 13.42052 52.493282 28225 1.0 13
79 13.307116 52.456192 476460 1.0 15
80 13.362995 52.413036 301974 1.0 49
81 13.456788 52.529865 478317 1.0 91
82 13.404336 52.53313 49825 0.0 19
83 13.531826 52.430847 238547 1.0 31
84 13.41348 52.549706 84971 1.0 22
85 13.403721 52.537197 12622 1.0 45
86 13.358105 52.547085 179665 1.0 88
87 13.387824 52.52627 356862 1.0 53
88 13.384431 52.52227 2893 1.0 90
89 13.384397 52.52056 352312 1.0 1
90 13.383793 52.52326 140894 1.0 87
91 13.401785 52.5296 462007 0.0 8
92 13.382402 52.52255 388760 1.0 45
93 13.363613 52.413956 53335 1.0 99
94 13.424256 52.517834 65999 1.0 31
95 13.40625 52.535194 24299 1.0 78
96 13.330835 52.503864 470535 1.0 99
97 13.392896 52.52748 310521 1.0 31
98 13.563454 52.542225 34565 1.0 59
99 13.40222 52.531437 83820 1.0 69
100 13.394591 52.528717 233181 1.0 67
101 13.275945 52.448475 339292 1.0 18
102 13.40108 52.533108 58777 1.0 51
103 13.280776 52.58913 39961 1.0 89
104 13.432919 52.49611 344750 1.0 18
105 13.232662 52.438087 200045 1.0 83
106 13.367237 52.493263 96272 1.0 32
107 13.401584 52.532818 198639 1.0 43
108 13.322688 52.42909 298524 1.0 36
109 13.325678 52.467102 8521 1.0 29
110 13.570735 52.541073 474643 1.0 45
111 13.413159 52.546005 300763 1.0 72
112 13.376986 52.509315 499880 1.0 88
113 13.281907 52.58918 132606 1.0 46
114 13.415274 52.54736 36766 1.0 38
115 13.308027 52.508877 80045 1.0 97
116 13.305813 52.507896 6612 1.0 47
117 13.528723 52.454388 192860 1.0 74
118 13.526686 52.485546 18606 1.0 41
119 13.326255 52.50948 425276 0.0 10
120 13.320491 52.485836 981 1.0 26
121 13.303715 52.499817 461272 0.0 25
122 13.295722 52.5159 421765 1.0 98
123 13.379077 52.60065 157332 1.0 1
124 13.466725 52.505375 278292 1.0 12
125 13.379533 52.509365 258876 1.0 98
126 13.388181 52.52253 322860 0.0 7
127 13.293853 52.443867 64202 1.0 23
128 13.305933 52.50859 192570 1.0 56
129 13.421292 52.545177 36760 0.0 96
130 13.342147 52.517365 469052 1.0 35
131 13.579581 52.497334 81731 1.0 84
132 13.721807 52.419353 59508 1.0 94
133 13.433779 52.48993 241386 1.0 59
134 13.42065 52.496155 50232 1.0 74
135 13.290867 52.4973 415053 1.0 20
136 13.324476 52.511326 257764 1.0 33
137 13.426185 52.543056 256960 1.0 59
138 13.496101 52.511875 311640 1.0 48
139 13.464436 52.493286 75269 1.0 89
140 13.422817 52.541496 12656 0.0 83
141 13.359654 52.486465 12131 0.0 25
142 13.46522 52.493015 75270 1.0 19
143 13.410622 52.518517 424302 1.0 40
144 13.404949 52.52035 328161 0.0 53
145 13.454388 52.50293 441932 0.888 31
146 13.457972 52.593307 16962 0.0 38
147 13.376992 52.50904 380322 0.0 51
148 13.281864 52.44802 368882 1.0 96
149 13.315524 52.44714 300657 1.0 43
150 13.397018 52.52707 13179 0.0 39
151 13.206542 52.430508 644 1.0 7
152 13.385161 52.44851 305024 1.0 71
153 13.39344 52.51246 160262 1.0 85
154 13.44309 52.470573 313319 0.0 25
155 13.429695 52.500675 277254 1.0 30
156 13.455713 52.47386 390780 1.0 50
157 13.325905 52.514572 322800 1.0 84
158 13.430081 52.499317 166885 1.0 71
159 13.44118 52.50093 17557 1.0 4
160 13.411963 52.568043 329201 1.0 15
161 13.323446 52.52341 168236 1.0 49
162 13.192993 52.52409 12913 1.0 59
163 13.214516 52.439479 166516 0.429 44
164 13.206964 52.5383 30709 1.0 38
165 13.278539 52.44882 300030 1.0 11
166 13.388576 52.519733 229600 1.0 14
167 13.439062 52.488873 191996 1.0 70
168 13.409704 52.57068 268007 1.0 56
169 13.404145 52.581776 295394 1.0 54
170 13.32186 52.456995 55850 0.5 38
171 13.42472 52.474903 7937 1.0 70
172 13.409214 52.571026 63671 1.0 48
173 13.435329 52.491158 17706 1.0 28
174 13.387874 52.440388 360976 1.0 81
175 13.390604 52.557487 266708 1.0 40
176 13.439643 52.477566 426851 1.0 10
177 13.375878 52.455734 303713 1.0 96
178 13.305221 52.41787 74601 1.0 95
179 13.246397 52.56185 50126 1.0 72
180 13.449475 52.479137 162319 1.0 65
181 13.413651 52.572002 235028 0.0 49
182 13.414346 52.57161 421264 1.0 53
183 13.285184 52.506435 330237 1.0 34
184 13.408739 52.537655 247107 1.0 17
185 13.409588 52.538452 445565 1.0 64
186 13.373725 52.51777 227459 0.323 13
187 13.467291 52.504898 278293 1.0 83
188 13.52471 52.45516 354869 1.0 66
189 13.410412 52.5508 37019 1.0 27
190 13.303974 52.426716 299358 1.0 70
191 13.456597 52.490307 177138 1.0 76
192 13.425036 52.480633 16885 0.0 41
193 13.432194 52.48809 281776 0.0 40
194 13.495471 52.51381 176296 1.0 25
195 13.382382 52.49377 219885 1.0 47
196 13.507938 52.52795 176908 1.0 39
197 13.432491 52.51864 14434 1.0 72
198 13.425107 52.494434 17672 1.0 84
199 13.35743 52.542313 177915 1.0 59
200 13.38236 52.51644 79182 1.0 21
201 13.428922 52.491367 280090 1.0 73
202 13.260418 52.501053 83716 1.0 21
203 13.422662 52.5446 43305 1.0 80
204 13.420352 52.54202 15211 1.0 26
205 13.432953 52.480106 53515 1.0 87
206 13.418009 52.49333 114034 1.0 95
207 13.578451 52.457817 140523 0.0 70
208 13.224146 52.57483 294058 1.0 35
209 13.401046 52.520782 124377 1.0 37
210 13.526437 52.456013 175457 1.0 59
211 13.379132 52.528984 11442 1.0 70
212 13.298413 52.48574 252046 0.0 76
213 13.393549 52.526226 424479 1.0 96
214 13.296652 52.50146 1582 1.0 41
215 13.320349 52.481133 8269 1.0 69
216 13.430815 52.497994 144655 0.895 62
217 13.500993 52.548534 260003 0.0 88
218 13.308263 52.51015 5850 1.0 90
219 13.41972 52.512337 191954 1.0 99
220 13.482429 52.503414 465008 1.0 30
221 13.594262 52.448902 93631 0.708 41
222 13.417173 52.540382 320896 1.0 34
223 13.470857 52.415436 187903 1.0 4
224 13.416088 52.544197 177666 1.0 77
225 13.267362 52.48405 331427 1.0 53
226 13.422524 52.54466 43304 1.0 80
227 13.415529 52.54782 36761 1.0 67
228 13.307664 52.501545 296498 1.0 81
229 13.431416 52.49866 17588 1.0 7
230 13.299246 52.50465 129582 1.0 93
231 13.39979 52.386677 445951 0.547 26
232 13.462591 52.550808 345415 1.0 81
233 13.41261 52.531563 169960 1.0 74
234 13.313301 52.480923 457711 1.0 88
235 13.412185 52.502636 262093 1.0 99
236 13.41261 52.531563 169960 1.0 44
237 13.193728 52.430565 199972 0.0 62
238 13.502649 52.555546 24067 1.0 31
239 13.402466 52.53121 49830 1.0 33
240 13.470913 52.510334 43407 1.0 90
241 13.232372 52.437397 380414 1.0 74
242 13.405258 52.54096 198343 1.0 35
243 13.204489 52.5367 405676 1.0 95
244 13.323497 52.51381 331360 1.0 87
245 13.40644 52.536312 12602 0.0 78
246 13.502514 52.636333 42233 0.0 55
247 13.309754 52.507843 115620 1.0 30
248 13.296652 52.501316 7108 1.0 57
249 13.393911 52.619164 68543 1.0 90
250 13.323277 52.51419 196469 1.0 47
251 13.402511 52.523987 219768 1.0 8
252 13.305597 52.50968 192555 1.0 35
253 13.321781 52.52103 2561 1.0 54
254 13.322565 52.5233 168237 1.0 32
255 13.456324 52.490253 58559 1.0 48
256 13.417987 52.54202 35456 1.0 4
257 13.381615 52.453976 197648 1.0 49
258 13.41164 52.550888 325209 1.0 94
259 13.280903 52.446987 239956 1.0 94
260 13.391109 52.51488 60729 0.0 97
261 13.467215 52.46852 108279 1.0 71
262 13.396966 52.536934 452304 0.532 89
263 13.411319 52.551342 243786 0.0 12
264 13.582679 52.455353 350190 1.0 36
265 13.385366 52.55271 12056 1.0 28
266 13.386304 52.553413 12057 1.0 56
267 13.399117 52.508194 226244 1.0 81
268 13.387773 52.550465 12109 1.0 32
269 13.397414 52.53593 402919 1.0 74
270 13.354688 52.487488 83430 0.0 46
271 13.208742 52.50957 202097 1.0 32
272 13.211567 52.509712 202087 1.0 18
273 13.49403 52.502792 332587 1.0 93
274 13.49832 52.510048 391388 1.0 84
275 13.538272 52.528103 136891 0.246 53
276 13.538245 52.528103 136891 0.189 68
277 13.421903 52.53549 79296 1.0 23
278 13.529342 52.4328 246594 0.0 40
279 13.433858 52.472782 487426 1.0 82
280 13.300589 52.501797 2235 1.0 62
281 13.45517 52.51011 95771 1.0 56
282 13.4851 52.51238 251382 1.0 9
283 13.401017 52.53005 189030 0.0 14
284 13.402395 52.52836 189028 1.0 36
285 13.43611 52.424496 203040 1.0 94
286 13.540548 52.52685 289344 1.0 39
287 13.26885 52.51138 12370 0.0 62
288 13.260406 52.51605 456642 0.0 64
289 13.292273 52.474823 267438 1.0 40
290 13.301482 52.488567 501935 0.158 17
291 13.292096 52.474648 267436 1.0 43
292 13.292524 52.4745 267434 0.0 16
293 13.30499 52.513405 7058 1.0 93
294 13.281837 52.477505 246793 0.0 55
295 13.357462 52.487446 227455 1.0 70
296 13.361479 52.48578 278656 1.0 64
297 13.39292 52.48923 11100 1.0 80
298 13.35207 52.48026 291677 1.0 66
299 13.462487 52.514736 404948 1.0 74
300 13.39292 52.48923 11100 1.0 85
301 13.26222 52.515656 85435 1.0 52
302 13.393034 52.520134 13228 1.0 35
303 13.424776 52.534985 341196 1.0 57
304 13.413721 52.55891 272299 1.0 86
305 13.402466 52.53121 49830 1.0 40
306 13.261517 52.436443 470391 0.0 72
307 13.302231 52.60003 49438 1.0 8
308 13.407604 52.539368 177206 1.0 50
309 13.360659 52.494457 7731 1.0 94
310 13.377609 52.537003 484665 1.0 16
311 13.352754 52.484238 265304 1.0 74
312 13.325402 52.455524 152079 0.0 80
313 13.489464 52.51227 370128 1.0 69
314 13.496664 52.417065 362708 1.0 7
315 13.230725 52.607876 257237 1.0 18
316 13.448472 52.512177 387382 1.0 25
317 13.292853 52.45806 293127 1.0 93
318 13.414196 52.542763 213525 0.0 64
319 13.411419 52.540188 179 0.0 55
320 13.403641 52.523106 13839 1.0 60
321 13.324843 52.491344 2113 1.0 15
322 13.324843 52.491344 2113 1.0 69
323 13.320802 52.502857 4179 1.0 97
324 13.296178 52.49759 1312 1.0 2
325 13.335279 52.47247 8496 1.0 38
326 13.308292 52.503082 258240 1.0 61
327 13.382227 52.552013 179733 1.0 52
328 13.289614 52.554886 80832 1.0 62
329 13.371998 52.546326 9295 1.0 88
330 13.369382 52.546543 53966 1.0 34
331 13.340841 52.488332 465871 0.391 72
332 13.378417 52.55048 9297 1.0 45
333 13.491408 52.42063 140971 0.0 18
334 13.375121 52.548264 84023 1.0 73
335 13.302619 52.500053 280360 1.0 83
336 13.279097 52.507236 362346 0.0 66
337 13.258372 52.508053 223876 1.0 80
338 13.294722 52.50641 2155 1.0 29
339 13.31402 52.507137 264489 1.0 9
340 13.42532 52.533875 13941 1.0 32
341 13.293772 52.505337 2149 0.0 54
342 13.298181 52.5097 4764 1.0 78
343 13.544832 52.529842 40371 1.0 59
344 13.52646 52.458775 303751 0.0 11
345 13.314556 52.474205 9889 1.0 95
346 13.533794 52.578625 80554 1.0 27
347 13.366073 52.58414 21674 1.0 18
348 13.292663 52.5179 7532 0.0 91
349 13.300777 52.499878 280358 1.0 22
350 13.420214 52.53612 36684 1.0 61
351 13.381893 52.552013 84061 1.0 10
352 13.364032 52.497295 91482 1.0 55
353 13.370758 52.545475 9291 0.0 21
354 13.338074 52.5237 146329 0.0 93
355 13.349124 52.4904 8008 1.0 16
356 13.353978 52.49474 7726 0.0 57
357 13.360721 52.486534 441249 1.0 90
358 13.351032 52.48621 291673 1.0 28
359 13.463357 52.42516 198255 1.0 12
360 13.468743 52.504585 311724 1.0 68
361 13.346626 52.43622 86741 1.0 24
362 13.208328 52.56157 69933 1.0 36
363 13.645585 52.34814 229882 1.0 5
364 13.315719 52.48935 261099 1.0 36
365 13.568269 52.444717 340445 1.0 74
366 13.477975 52.526775 353831 1.0 84
367 13.326389 52.48658 38256 1.0 31
368 13.324538 52.487434 1303 1.0 84
369 13.437213 52.48695 227936 1.0 27
370 13.39986 52.58098 22849 1.0 61
371 13.434325 52.49031 281053 1.0 57
372 13.433713 52.489952 241385 1.0 12
373 13.415146 52.546806 36767 1.0 22
374 13.438723 52.48863 191997 1.0 48
375 13.308038 52.497158 110696 1.0 10
376 13.433376 52.481792 16892 1.0 53
377 13.445964 52.47203 83644 1.0 56
378 13.44309 52.470573 313319 0.0 5
379 13.454812 52.472748 146536 1.0 39
380 13.451285 52.471962 147279 1.0 74
381 13.401783 52.587036 164315 1.0 83
382 13.401675 52.580555 171600 0.0 48
383 13.339358 52.494312 288046 1.0 44
384 13.34408 52.504322 346586 1.0 83
385 13.333778 52.515144 187592 1.0 66
386 13.363281 52.566265 15501 1.0 26
387 13.374563 52.508114 318884 1.0 99
388 13.545948 52.438423 160106 1.0 96
389 13.574108 52.445015 41729 1.0 88
390 13.374645 52.508213 227681 0.0 91
391 13.322567 52.45872 261267 1.0 82
392 13.317253 52.504223 261160 1.0 78
393 13.416169 52.54054 438829 1.0 38
394 13.321845 52.45857 187583 1.0 40
395 13.421522 52.53771 86162 1.0 41
396 13.375149 52.508904 383615 1.0 91
397 13.456795 52.509506 380289 1.0 27
398 13.418839 52.54012 318464 1.0 41
399 13.41051 52.53931 43296 1.0 88
400 13.406004 52.505534 380356 0.341 71
401 13.307054 52.51763 322463 1.0 71
402 13.411419 52.540188 179 0.0 55
403 13.313509 52.503647 261180 1.0 48
404 13.322344 52.50369 435854 1.0 75
405 13.322266 52.504784 3456 1.0 52
406 13.315034 52.501915 114131 1.0 32
407 13.339162 52.46283 10906 1.0 27
408 13.468554 52.51265 276597 1.0 24
409 13.563057 52.554935 39979 1.0 29
410 13.41739 52.502594 126959 1.0 2
411 13.609263 52.53622 478188 1.0 61
412 13.389602 52.535744 332313 1.0 31
413 13.420488 52.53379 12643 1.0 95
414 13.420214 52.53612 36684 1.0 81
415 13.567799 52.518723 318012 1.0 1
416 13.290673 52.517868 193008 0.0 44
417 13.32762 52.464165 360358 1.0 34
418 13.294999 52.44238 300384 1.0 38
419 13.399912 52.522877 13197 1.0 42
420 13.328149 52.4645 115090 0.0 83
421 13.405018 52.54033 177205 1.0 54
422 13.433432 52.498367 214010 0.0 16
423 13.353198 52.489902 168222 0.0 61
424 13.366291 52.553356 15670 1.0 93
425 13.374961 52.506935 44148 1.0 49
426 13.389895 52.51124 458189 1.0 50
427 13.301863 52.473705 88252 1.0 51
428 13.322751 52.485508 210882 1.0 33
429 13.390128 52.508095 79243 1.0 42
430 13.286267 52.45307 19480 1.0 89
431 13.487668 52.551205 55556 1.0 99
432 13.368025 52.552074 88797 1.0 58
433 13.408173 52.530453 12637 1.0 45
434 13.457055 52.51171 197588 0.0 21
435 13.535493 52.43309 271078 0.0 92
436 13.513084 52.449158 91398 1.0 46
437 13.427766 52.492004 442412 1.0 83
438 13.393627 52.524994 494825 1.0 30
439 13.410368 52.520874 418580 1.0 42
440 13.47014 52.506035 351119 1.0 17
441 13.434511 52.498493 213904 1.0 38
442 13.314978 52.514378 83028 1.0 29
443 13.40087 52.526154 232605 0.0 17
444 13.300138 52.52128 5807 1.0 19
445 13.362079 52.552013 144428 1.0 71
446 13.413185 52.532806 170474 1.0 41
447 13.330155 52.525646 9081 1.0 12
448 13.417036 52.502567 144610 1.0 29
449 13.416695 52.502 17729 0.0 85
450 13.330668 52.52724 19599 0.0 3
451 13.417978 52.50003 187440 1.0 3
452 13.418918 52.501385 17729 1.0 13
453 13.431183 52.50093 187460 0.0 47
454 13.430443 52.499 226604 1.0 93
455 13.42853 52.498676 329595 1.0 11
456 13.405633 52.496044 232064 1.0 65
457 13.41492 52.502476 28265 0.0 65
458 13.393292 52.516342 357440 1.0 80
459 13.417296 52.49977 187436 1.0 50
460 13.418189 52.50013 442152 1.0 7
461 13.420316 52.501 149792 1.0 50
462 13.415364 52.503056 13733 1.0 76
463 13.454991 52.51614 99506 1.0 2
464 13.375515 52.54243 9308 0.0 92
465 13.526977 52.48206 289761 1.0 43
466 13.201551 52.505848 91333 1.0 14
467 13.409715 52.533676 1275 0.0 4
468 13.339049 52.52666 323164 1.0 56
469 13.397326 52.529373 233183 1.0 81
470 13.367822 52.488274 342005 0.661 77
471 13.385128 52.49834 288683 1.0 87
472 13.442289 52.48576 37606 1.0 15
473 13.293655 52.517582 7525 0.0 39
474 13.383322 52.530495 502253 1.0 33
475 13.346342 52.436703 197197 1.0 45
476 13.420352 52.54202 15211 1.0 1
477 13.410408 52.53744 344303 0.0 99
478 13.414502 52.55459 50975 1.0 43
479 13.443954 52.484577 313948 1.0 36
480 13.322872 52.51053 206576 1.0 68
481 13.386654 52.500984 44681 1.0 89
482 13.396276 52.44018 490692 0.215 29
483 13.337795 52.505047 304629 1.0 76
484 13.382897 52.48321 304861 1.0 97
485 13.441112 52.479195 226052 1.0 99
486 13.146316 52.416138 4439 1.0 76
487 13.348222 52.541183 359852 1.0 23
488 13.367649 52.508698 11808 1.0 44
489 13.411228 52.49144 250674 1.0 85
490 13.347743 52.540993 371544 1.0 1
491 13.328484 52.50583 248991 1.0 70
492 13.296388 52.46431 196459 1.0 48
493 13.394081 52.490326 187899 1.0 9
494 13.394184 52.52729 414277 1.0 31
495 13.421685 52.48721 248849 0.0 77
496 13.422772 52.487045 457913 1.0 80
497 13.387743 52.526287 356863 1.0 43
498 13.392896 52.52748 310521 1.0 50
499 13.408266 52.488895 16898 1.0 18
500 13.410136 52.490566 223668 1.0 87
501 13.417832 52.534523 286059 0.0 52
502 13.408285 52.489605 223676 1.0 18
503 13.402183 52.523064 193535 1.0 43
504 13.454039 52.506943 271213 1.0 97
505 13.277233 52.506145 461462 1.0 69
506 13.400238 52.52251 138031 1.0 25
507 13.417184 52.51244 13654 1.0 41
508 13.431502 52.532074 14016 1.0 64
509 13.29038 52.49824 1062 1.0 81
510 13.394428 52.488266 255665 0.0 11
511 13.388784 52.5201 239167 1.0 86
512 13.391111 52.520363 302259 1.0 48
513 13.396332 52.489227 410028 1.0 43
514 13.397895 52.546284 12172 1.0 84
515 13.396208 52.53172 122437 1.0 64
516 13.442548 52.47229 313571 1.0 15
517 13.423472 52.47895 220259 1.0 37
518 13.415554 52.49457 126336 1.0 97
519 13.385773 52.509594 283202 0.0 24
520 13.423475 52.490894 290347 1.0 15
521 13.409715 52.53857 43297 1.0 84
522 13.411579 52.537872 141646 1.0 35
523 13.341478 52.43383 70268 1.0 78
524 13.327232 52.4296 82955 1.0 94
525 13.423955 52.477386 220259 0.0 79
526 13.343925 52.438652 107211 1.0 65
527 13.406747 52.535713 24298 0.0 63
528 13.465671 52.55347 33395 1.0 56
529 13.4666 52.51712 173630 1.0 28
530 13.402043 52.489887 209666 1.0 37
531 13.428819 52.48831 373302 1.0 24
532 13.435541 52.532684 14030 1.0 53
533 13.295131 52.43768 299569 1.0 33
534 13.425705 52.492443 17667 1.0 41
535 13.349503 52.524414 79509 1.0 66
536 13.349322 52.524582 69902 1.0 51
537 13.349503 52.524414 79509 1.0 7
538 13.349503 52.524414 79509 1.0 31
539 13.348587 52.52213 79508 1.0 26
540 13.348587 52.52213 79508 1.0 94
541 13.376719 52.521755 2885 1.0 65
542 13.444204 52.49992 359485 1.0 27
543 13.466231 52.51184 18118 0.0 21
544 13.278885 52.48 9786 1.0 93
545 13.309877 52.502026 6698 1.0 94
546 13.590277 52.52076 339848 1.0 86
547 13.416095 52.540356 438827 0.0 17
548 13.333203 52.525505 152126 0.0 84
549 13.348597 52.523598 20570 1.0 78
550 13.256272 52.42889 47251 0.0 36
551 13.332713 52.47444 8497 0.0 63
552 13.328547 52.504726 248867 1.0 30
553 13.526887 52.50904 143003 0.633 61
554 13.37106 52.564354 434003 1.0 99
555 13.403695 52.56553 295199 1.0 56
556 13.290192 52.55376 80840 1.0 41
557 13.575692 52.44485 93383 1.0 56
558 13.400314 52.565697 343152 1.0 20
559 13.39438 52.569772 116092 0.643 83
560 13.410447 52.538292 178126 1.0 31
561 13.426452 52.491993 442411 1.0 9
562 13.428967 52.487766 234451 1.0 98
563 13.398181 52.52503 371862 1.0 86
564 13.420583 52.49625 83990 1.0 40
565 13.426291 52.494694 301881 0.0 12
566 13.419035 52.530758 79309 1.0 45
567 13.279777 52.518288 435496 1.0 39
568 13.316396 52.51788 9679 1.0 39
569 13.426401 52.49876 131690 1.0 7
570 13.434656 52.499874 228239 1.0 75
571 13.398719 52.533062 177344 1.0 95
572 13.428681 52.486702 123760 1.0 76
573 13.424582 52.528126 169942 0.812 14
574 13.431502 52.532074 14016 1.0 8
575 13.323553 52.50232 2815 1.0 94
576 13.330479 52.46926 301914 1.0 93
577 13.325359 52.503098 258862 1.0 59
578 13.423369 52.495472 353183 1.0 8
579 13.354692 52.618004 25910 1.0 42
580 13.325585 52.50464 258860 1.0 63
581 13.367906 52.550762 194785 1.0 97
582 13.309602 52.507843 149382 0.09 96
583 13.321473 52.50282 4180 1.0 6
584 13.320802 52.502857 4179 1.0 35
585 13.383099 52.4924 89912 1.0 63
586 13.40958 52.55248 12569 1.0 31
587 13.19609 52.53035 30678 1.0 32
588 13.411113 52.503033 418158 1.0 41
589 13.296905 52.519554 270252 1.0 30
590 13.29705 52.506844 434946 1.0 26
591 13.314473 52.57103 8736 1.0 28
592 13.285393 52.508213 14715 1.0 71
593 13.305798 52.448166 77120 1.0 61
594 13.467172 52.552998 346601 1.0 93
595 13.401169 52.547497 15186 1.0 84
596 13.299076 52.511185 142899 1.0 2
597 13.32761 52.50546 266596 1.0 13
598 13.391451 52.512222 502543 0.0 33
599 13.508263 52.49967 341518 1.0 61
600 13.430913 52.49782 131706 1.0 9
601 13.376515 52.51038 380705 0.0 47
602 13.376805 52.51236 125196 1.0 13
603 13.44417 52.560593 17153 0.0 56
604 13.214172 52.439407 166516 1.0 76
605 13.600941 52.479244 57223 0.0 16
606 13.41498 52.50395 50995 0.0 73
607 13.278027 52.588398 138059 1.0 83
608 13.501319 52.626957 188145 1.0 10
609 13.438965 52.49687 52240 1.0 88
610 13.470217 52.511333 296870 1.0 94
611 13.444664 52.48512 125810 1.0 17
612 13.410755 52.552383 12571 1.0 30
613 13.408053 52.536995 247108 1.0 29
614 13.444443 52.483635 222028 1.0 30
615 13.428681 52.486702 123760 1.0 43
616 13.320117 52.471592 8096 0.0 1
617 13.417729 52.493008 114032 1.0 57
618 13.323302 52.491528 39838 1.0 11
619 13.418421 52.493885 126339 1.0 57
620 13.418273 52.493664 114035 1.0 26
621 13.28364 52.589504 463535 0.0 4
622 13.414556 52.49312 113464 1.0 44
623 13.409588 52.538452 445565 1.0 26
624 13.644728 52.378765 448760 0.0 28
625 13.282804 52.589306 132607 1.0 82
626 13.303873 52.501995 1586 1.0 39
627 13.434147 52.536945 23077 1.0 27
628 13.28712 52.59013 244546 1.0 2
629 13.432953 52.480106 53515 1.0 40
630 13.363557 52.526436 16579 1.0 38
631 13.427101 52.487274 123762 1.0 24
632 13.429486 52.486286 424994 0.0 81
633 13.438155 52.500397 150961 1.0 57
634 13.314797 52.518 9674 1.0 14
635 13.450862 52.522438 24222 1.0 22
636 13.439214 52.499702 52235 1.0 23
637 13.494683 52.514328 33599 0.0 33
638 13.386305 52.5316 502440 1.0 53
639 13.296652 52.501316 7108 1.0 80
640 13.294465 52.513428 7529 1.0 18
641 13.297944 52.501057 977 0.0 97
642 13.29919 52.500656 976 0.0 80
643 13.462272 52.51319 8248 1.0 64
644 13.291163 52.506634 5923 0.0 8
645 13.432633 52.4694 313471 1.0 62
646 13.432415 52.470142 164702 0.0 10
647 13.171373 52.482647 490299 1.0 54
648 13.575049 52.446465 54968 0.0 76
649 13.373981 52.509483 499914 1.0 52
650 13.664894 52.41096 310653 1.0 77
651 13.323408 52.517048 426885 1.0 83
652 13.144901 52.45266 41270 0.0 16
653 13.3865 52.49057 5779 1.0 64
654 13.393386 52.512802 160261 1.0 98
655 13.442963 52.499138 49340 0.0 70
656 13.419068 52.49449 388098 1.0 67
657 13.203632 52.537476 29702 1.0 44
658 13.392191 52.490547 187900 1.0 25
659 13.395598 52.50674 477202 1.0 8
660 13.331503 52.463837 9878 0.0 92
661 13.576339 52.44601 246884 1.0 87
662 13.436876 52.51703 400967 1.0 58
663 13.429317 52.500854 142656 1.0 66
664 13.231811 52.585716 499104 1.0 32
665 13.417649 52.51342 333968 1.0 36
666 13.419982 52.50225 149797 1.0 95
667 13.348799 52.52465 478134 1.0 89
668 13.417271 52.50054 28262 1.0 63
669 13.437863 52.536 14088 1.0 31
670 13.440405 52.50063 465749 1.0 63
671 13.420056 52.550735 295438 1.0 35
672 13.311743 52.571724 104265 1.0 53
673 13.380491 52.46576 304040 1.0 68
674 13.413208 52.512608 13641 1.0 38
675 13.42952 52.467655 140356 1.0 87
676 13.4316 52.501396 142657 0.0 17
677 13.430186 52.467747 468643 1.0 80
678 13.427673 52.468113 140357 0.0 28
679 13.328673 52.458794 237822 1.0 92
680 13.46102 52.51108 59051 1.0 70
681 13.3764 52.52853 498757 1.0 85
682 13.463598 52.514828 240124 1.0 41
683 13.199477 52.535522 480103 1.0 55
684 13.404749 52.48866 417205 0.0 51
685 13.385357 52.455906 153132 1.0 84
686 13.422524 52.54466 43304 1.0 25
687 13.422424 52.476906 280643 1.0 43
688 13.203632 52.537476 29702 1.0 14
689 13.390524 52.545765 171627 1.0 24
690 13.411497 52.48951 244401 0.0 45
691 13.412498 52.532784 141132 1.0 57
692 13.36286 52.56537 80464 1.0 22
693 13.461518 52.512115 8249 1.0 18
694 13.46102 52.51108 59051 1.0 93
695 13.307277 52.50888 80076 1.0 28
696 13.449795 52.521584 14537 1.0 50
697 13.439214 52.499702 52235 1.0 33
698 13.423597 52.500088 40728 0.0 21
699 13.156855 52.53337 273633 0.0 24
700 13.424651 52.528126 169941 1.0 17
701 13.381174 52.465637 304131 1.0 49
702 13.383544 52.465794 245826 1.0 14
703 13.431144 52.536957 13980 1.0 64
704 13.489452 52.46389 288091 1.0 40
705 13.424868 52.481663 7921 0.0 31
706 13.430317 52.53724 13981 1.0 50
707 13.328157 52.48019 4576 1.0 67
708 13.329798 52.46615 227430 1.0 15
709 13.459698 52.49463 498214 0.0 7
710 13.320982 52.458004 243556 0.0 56
711 13.271036 52.536514 80780 0.0 59
712 13.313886 52.46431 5734 1.0 75
713 13.569628 52.563152 39370 1.0 87
714 13.265663 52.536816 80788 0.0 66
715 13.624474 52.44813 38248 1.0 99
716 13.385959 52.516975 346459 1.0 10
717 13.398055 52.483444 177864 1.0 18
718 13.397416 52.42389 19467 1.0 42
719 13.402525 52.519066 355953 0.0 67
720 13.402846 52.520115 327404 0.0 26
721 13.293783 52.461937 45479 1.0 79
722 13.402726 52.52423 297996 1.0 78
723 13.287604 52.452885 329296 1.0 40
724 13.289735 52.45294 96346 0.0 6
725 13.459069 52.52048 130862 1.0 26
726 13.42487 52.481876 145377 1.0 53
727 13.461049 52.550568 103963 1.0 44
728 13.295505 52.497932 149132 1.0 22
729 13.361862 52.5494 9551 1.0 64
730 13.462703 52.54972 144535 1.0 96
731 13.387393 52.51019 11154 1.0 9
732 13.389332 52.458683 202297 0.0 66
733 13.402846 52.520115 327404 0.0 23
734 13.423035 52.499043 329569 1.0 36
735 13.406291 52.54745 408789 1.0 60
736 13.37365 52.50637 395271 1.0 15
737 13.427959 52.488342 313633 1.0 22
738 13.383484 52.530674 488837 1.0 31
739 13.514515 52.505314 360595 1.0 69
740 13.425583 52.489407 280353 1.0 2
741 13.51776 52.509888 18381 1.0 24
742 13.431712 52.48955 280797 1.0 19
743 13.424283 52.539555 439253 1.0 40
744 13.430384 52.533314 426990 1.0 98
745 13.431479 52.552177 23290 0.0 91
746 13.379498 52.5235 11433 1.0 49
747 13.324045 52.486702 82501 1.0 28
748 13.326244 52.48645 38255 1.0 40
749 13.467411 52.553944 135670 0.462 14
750 13.206894 52.56209 60280 1.0 63
751 13.34776 52.48899 463214 1.0 35
752 13.346185 52.489204 309392 1.0 40
753 13.573865 52.44322 285687 1.0 34
754 13.443397 52.484165 307053 1.0 92
755 13.422382 52.540405 288930 1.0 67
756 13.451536 52.509598 223835 1.0 26
757 13.355866 52.54306 408940 1.0 28
758 13.444726 52.492855 448578 1.0 8
759 13.405018 52.54033 177205 1.0 64
760 13.411359 52.521687 231836 1.0 91
761 13.428109 52.493313 234252 1.0 25
762 13.612215 52.51179 236496 1.0 55
763 13.353666 52.493446 203199 1.0 84
764 13.353258 52.49104 203201 1.0 23
765 13.41858 52.530193 79313 1.0 5
766 13.353258 52.49104 203201 1.0 31
767 13.433019 52.468117 160109 1.0 98
768 13.625069 52.4538 403955 1.0 38
769 13.386909 52.531258 209372 1.0 22
770 13.37802 52.444633 171452 0.0 7
771 13.412749 52.548637 209823 1.0 31
772 13.379064 52.498085 48652 1.0 48
773 13.423333 52.493088 184 1.0 94
774 13.409836 52.54813 15183 1.0 63
775 13.426369 52.490124 17674 1.0 73
776 13.336992 52.52656 92540 1.0 70
777 13.413564 52.5116 329049 1.0 37
778 13.327786 52.428623 462778 1.0 30
779 13.428061 52.492925 234253 0.571 69
780 13.413183 52.511723 113093 0.0 8
781 13.289742 52.63328 356440 1.0 77
782 13.428025 52.492634 17668 1.0 73
783 13.331636 52.53221 132986 1.0 83
784 13.379043 52.524864 434413 1.0 59
785 13.386368 52.51367 11140 1.0 49
786 13.448256 52.47757 197381 1.0 18
787 13.396898 52.532467 43788 1.0 15
788 13.391997 52.520058 13229 1.0 65
789 13.430587 52.48645 313799 1.0 33
790 13.356593 52.523613 436418 1.0 95
791 13.460891 52.510822 65252 1.0 44
792 13.319819 52.512867 347309 0.0 95
793 13.410176 52.528046 454587 0.0 15
794 13.40943 52.52894 454546 1.0 44
795 13.446256 52.549973 290279 1.0 94
796 13.335232 52.530586 458415 0.0 64
797 13.502867 52.45549 146912 0.0 12
798 13.502867 52.45549 146912 0.0 37
799 13.38693 52.549786 427333 1.0 94
800 13.421457 52.495598 322434 1.0 1
801 13.287015 52.43385 300205 1.0 36
802 13.421903 52.53549 79296 1.0 20
803 13.30104 52.5261 296644 0.0 83
804 13.448101 52.49072 313740 1.0 48
805 13.404675 52.527573 13846 1.0 35
806 13.406545 52.527233 13845 1.0 98
807 13.407454 52.523838 214343 1.0 27
808 13.311266 52.508873 156602 0.0 43
809 13.405257 52.523468 196694 1.0 19
810 13.4642 52.509617 44218 1.0 84
811 13.335679 52.47151 251625 1.0 90
812 13.440287 52.48947 376445 1.0 30
813 13.25987 52.43044 205994 1.0 73
814 13.439214 52.499702 52235 1.0 56
815 13.335914 52.521988 158305 1.0 95
816 13.398666 52.522995 71524 1.0 43
817 13.578451 52.457817 140523 0.0 93
818 13.402683 52.533478 58779 1.0 78
819 13.415206 52.544155 341988 1.0 33
820 13.460055 52.517292 271227 1.0 64
821 13.436184 52.48372 267312 1.0 48
822 13.434718 52.46898 134584 1.0 4
823 13.216934 52.438923 484749 1.0 2
824 13.371763 52.533237 205283 1.0 79
825 13.43598 52.48218 136141 0.0 16
826 13.322049 52.497253 4260 1.0 9
827 13.427593 52.490227 17675 1.0 28
828 13.43598 52.48218 136141 0.0 13
829 13.412515 52.568325 22355 1.0 16
830 13.38289 52.52311 334386 1.0 22
831 13.412827 52.49055 388097 0.324 48
832 13.483186 52.49681 183594 1.0 14
833 13.39978 52.522022 71516 1.0 27
834 13.402091 52.528965 185253 1.0 16
835 13.446578 52.521362 14458 1.0 17
836 13.3361 52.523415 155463 1.0 93
837 13.412969 52.546776 15177 1.0 60
838 13.405422 52.548725 408783 1.0 99
839 13.443907 52.500076 62229 0.0 33
840 13.442267 52.498463 17580 1.0 38
841 13.301297 52.49467 241338 1.0 1
842 13.421984 52.499027 329579 1.0 83
843 13.433525 52.531208 14017 1.0 98
844 13.329119 52.52124 344994 1.0 9
845 13.346265 52.503704 320771 1.0 2
846 13.373891 52.50947 499912 1.0 38
847 13.56362 52.57082 229420 1.0 43
848 13.448519 52.5124 426646 0.0 67
849 13.484297 52.4633 285628 1.0 47
850 13.423982 52.48985 260712 1.0 36
851 13.384354 52.53205 11731 0.0 14
852 13.323135 52.491047 359715 0.0 93
853 13.249256 52.610035 324632 1.0 6
854 13.419536 52.543182 15166 1.0 27
855 13.261969 52.487827 394372 1.0 49
856 13.297907 52.510456 4763 1.0 85
857 13.389668 52.52577 2341 1.0 52
858 13.261341 52.444695 20966 1.0 13
859 13.393977 52.526485 162147 1.0 34
860 13.392896 52.52748 310521 1.0 40
861 13.39354 52.5264 162148 1.0 8
862 13.393407 52.525993 322540 0.0 48
863 13.400814 52.522522 71071 1.0 98
864 13.390853 52.504517 330045 1.0 29
865 13.257287 52.435043 299646 1.0 30
866 13.412672 52.541386 177349 1.0 66
867 13.354459 52.498238 115564 1.0 98
868 13.414556 52.49312 113464 1.0 64
869 13.482468 52.50409 225876 1.0 98
870 13.403474 52.519615 442705 0.0 57
871 13.440391 52.49659 17580 0.0 74
872 13.421033 52.48189 139394 1.0 78
873 13.261501 52.51674 85419 1.0 3
874 13.405018 52.54033 177205 1.0 1
875 13.408846 52.522915 71092 0.0 80
876 13.474241 52.45349 195480 0.0 73
877 13.401751 52.52199 327272 0.0 98
878 13.454704 52.507397 271199 1.0 73
879 13.35825 52.49443 325079 1.0 32
880 13.379608 52.522854 221648 0.0 1
881 13.327902 52.473034 88430 0.0 99
882 13.33582 52.528564 9095 1.0 44
883 13.405951 52.531082 12632 1.0 24
884 13.477806 52.50467 217369 1.0 81
885 13.437622 52.50331 346748 1.0 90
886 13.45642 52.50183 140002 0.0 98
887 13.446 52.54622 346674 1.0 46
888 13.412723 52.55398 175214 1.0 6
889 13.297343 52.495617 149112 1.0 82
890 13.431502 52.532074 14016 1.0 44
891 13.395331 52.527817 393017 1.0 95
892 13.458391 52.51056 65259 1.0 13
893 13.395463 52.525032 329278 1.0 42
894 13.397901 52.524956 371860 1.0 49
895 13.353309 52.492004 203200 1.0 28
896 13.353666 52.493446 203199 1.0 46
897 13.353666 52.493446 203199 1.0 75
898 13.353666 52.493446 203199 1.0 99
899 13.353911 52.497036 8003 1.0 15
900 13.353911 52.497036 8003 1.0 32
901 13.388354 52.43912 315965 1.0 66
902 13.294 52.508909 88778 0.833 80
903 13.391111 52.520363 302259 1.0 79
904 13.455795 52.507626 199386 1.0 41
905 13.433302 52.470802 435080 1.0 87
906 13.397983 52.53507 355607 1.0 6
907 13.332956 52.501728 256468 1.0 35
908 13.328391 52.46814 135847 1.0 35
909 13.326866 52.50202 337356 0.0 98
910 13.333597 52.50421 127498 1.0 25
911 13.32249 52.497105 2116 1.0 18
912 13.431284 52.48565 313864 1.0 64
913 13.32177 52.493023 2067 1.0 97
914 13.456634 52.510838 65259 0.0 41
915 13.29743 52.49726 488568 0.0 19
916 13.319855 52.50589 149331 1.0 77
917 13.45644 52.507412 17401 0.0 45
918 13.423175 52.53522 13962 1.0 69
919 13.35449 52.49732 491765 1.0 24
920 13.624425 52.447693 38247 1.0 18
921 13.352212 52.496796 8002 1.0 90
922 13.35429 52.49809 491762 1.0 27
923 13.323332 52.49778 4248 1.0 41
924 13.432448 52.48388 162313 1.0 15
925 13.453033 52.503267 441934 0.811 28
926 13.323332 52.49778 4248 1.0 28
927 13.326918 52.496437 4148 1.0 37
928 13.312592 52.51311 455829 1.0 44
929 13.422812 52.532867 412000 0.0 16
930 13.309633 52.47631 243868 1.0 15
931 13.394318 52.519257 443164 1.0 77
932 13.441768 52.482933 162306 1.0 44
933 13.333258 52.528797 356724 1.0 84
934 13.407777 52.517284 355924 1.0 22
935 13.301482 52.509796 7348 1.0 3
936 13.427953 52.491993 234254 1.0 84
937 13.322266 52.504784 3456 1.0 30
938 13.41089 52.530045 344508 1.0 47
939 13.319816 52.50406 227884 1.0 89
940 13.319816 52.50406 227884 1.0 56
941 13.325779 52.531715 141242 1.0 23
942 13.322504 52.511234 320935 1.0 9
943 13.38016 52.516666 379877 1.0 2
944 13.379976 52.51656 379875 1.0 81
945 13.385432 52.52352 334365 1.0 37
946 13.320826 52.505157 1206 1.0 84
947 13.28805 52.518898 129543 1.0 44
948 13.289226 52.631935 409785 1.0 8
949 13.400814 52.548405 73562 1.0 84
950 13.290194 52.518368 48433 1.0 54
951 13.407135 52.533257 12629 1.0 5
952 13.428415 52.484432 18845 1.0 29
953 13.422536 52.532963 412003 0.0 71
954 13.416935 52.53534 297850 1.0 25
955 13.422746 52.532993 13957 1.0 55
956 13.422825 52.532967 13958 1.0 34
957 13.328606 52.47712 408828 1.0 92
958 13.430723 52.46847 134586 0.0 76
959 13.41254 52.493397 381651 1.0 6
960 13.430777 52.499866 339508 1.0 17
961 13.424089 52.532536 13940 1.0 85
962 13.419596 52.531273 457564 0.0 13
963 13.311448 52.511993 501428 1.0 38
964 13.39592 52.496105 436373 0.0 80
965 13.431156 52.483196 132810 1.0 21
966 13.4263 52.485283 344323 0.0 95
967 13.316997 52.50252 419250 1.0 30
968 13.436664 52.470833 98836 1.0 37
969 13.3258 52.482704 360650 1.0 52
970 13.319571 52.486523 1332 1.0 67
971 13.542723 52.527584 141026 0.0 79
972 13.423301 52.500576 40728 1.0 90
973 13.420826 52.495617 230202 0.339 6
974 13.420645 52.495384 290359 1.0 34
975 13.306154 52.50861 5501 1.0 97
976 13.431502 52.532074 14016 1.0 38
977 13.412094 52.523468 329269 1.0 17
978 13.291605 52.553947 46239 1.0 44
979 13.418338 52.529636 88490 1.0 79
980 13.336215 52.526726 177932 1.0 65
981 13.40656 52.538498 412088 0.0 52
982 13.544932 52.436768 290135 1.0 42
983 13.5548 52.501064 308859 1.0 69
984 13.292851 52.446327 92623 0.0 10
985 13.359439 52.55076 9550 1.0 76
986 13.347978 52.5213 286417 1.0 33
987 13.341384 52.45076 429210 1.0 54
988 13.323998 52.512024 330321 1.0 27
989 13.307308 52.499348 127532 1.0 22
990 13.338749 52.44895 222368 1.0 40
991 13.280787 52.587013 483544 1.0 47
992 13.373469 52.486504 110761 1.0 54
993 13.367173 52.551334 458390 1.0 67
994 13.394178 52.485852 317471 0.067 80
995 13.314838 52.512596 480866 1.0 51
996 13.33352 52.505276 397552 1.0 88
997 13.293868 52.5118 10608 1.0 12
998 13.327971 52.46456 115090 1.0 94
999 13.393939 52.49161 73423 1.0 33
1000 13.561266 52.537926 32998 1.0 51
1001 13.407604 52.539368 177206 1.0 98
