0 13.540479 52.521614 179664 1.0 45
1 13.564802 52.572456 471602 1.0 2
2 13.23415 52.527023 405488 1.0 25
3 13.311028 52.467983 405234 1.0 68
4 13.301191 52.515804 250225 1.0 71
5 13.272121 52.51918 415199 0.0 25
6 13.208134 52.559002 52004 1.0 13
7 13.696143 52.437023 146340 1.0 36
8 13.563564 52.513332 276128 1.0 78
9 13.581378 52.51405 137546 1.0 64
10 13.456929 52.453156 286921 0.0 65
11 13.551647 52.553593 127671 1.0 82
12 13.478583 52.4839 145178 1.0 32
13 13.371007 52.469925 396561 1.0 87
14 13.175129 52.517082 413643 1.0 22
15 13.191426 52.5359 74810 1.0 89
16 13.390625 52.49232 243018 1.0 95
17 13.241986 52.444313 342724 1.0 24
18 13.235855 52.62065 206383 1.0 75
19 13.402063 52.41469 31302 1.0 14
20 13.588085 52.50545 184938 1.0 74
21 13.610814 52.504585 184740 1.0 3
22 13.538705 52.51023 173625 1.0 94
23 13.300534 52.616173 493792 1.0 95
24 13.619505 52.504105 368849 1.0 67
25 13.624155 52.50449 476752 1.0 83
26 13.374317 52.489418 350220 0.0 3
27 13.616979 52.5051 333871 1.0 29
28 13.301897 52.50776 234158 1.0 79
29 13.442837 52.465073 27423 1.0 29
30 13.242203 52.444134 265829 0.0 15
31 13.223261 52.429626 218421 1.0 21
32 13.578497 52.452175 102051 1.0 82
33 13.429715 52.57152 409489 1.0 41
34 13.366121 52.449127 367467 1.0 46
35 13.433147 52.445172 288284 0.675 63
36 13.59229 52.454304 102061 1.0 57
37 13.347029 52.412056 116571 0.0 75
38 13.351233 52.43988 133929 1.0 91
39 13.571445 52.471924 286001 1.0 45
40 13.243504 52.6017 111228 1.0 42
41 13.203346 52.522964 114927 0.417 65
42 13.502297 52.48283 110181 1.0 90
43 13.376772 52.500637 412768 1.0 40
44 13.499274 52.524307 192577 1.0 76
45 13.449723 52.45611 31351 0.0 19
46 13.575798 52.48981 162649 1.0 80
47 13.499172 52.521363 207741 0.481 36
48 13.488777 52.526608 42015 1.0 46
49 13.452421 52.533764 498582 0.0 43
50 13.265585 52.41819 252098 1.0 45
51 13.414803 52.556347 212233 1.0 72
52 13.345196 52.490314 2128 1.0 74
53 13.26438 52.419277 252100 1.0 27
54 13.341518 52.537033 374179 1.0 82
55 13.572806 52.414368 435245 1.0 75
56 13.347304 52.596687 129716 1.0 31
57 13.327849 52.60882 501257 1.0 54
58 13.315388 52.61314 26176 1.0 3
59 13.318907 52.610977 494305 1.0 69
60 13.400249 52.394833 199443 1.0 56
61 13.426086 52.457176 30846 0.0 46
62 13.403774 52.58276 392096 1.0 85
63 13.31912 52.49963 4117 0.0 90
64 13.358781 52.412952 133577 1.0 13
65 13.384771 52.448845 427459 0.5 86
66 13.471317 52.43331 417632 1.0 88
67 13.355123 52.413174 407916 0.0 65
68 13.520044 52.531155 476825 1.0 35
69 13.180447 52.504757 133592 1.0 99
70 13.419408 52.514706 423342 1.0 36
71 13.36526 52.56239 172195 1.0 97
72 13.324029 52.5612 116504 1.0 17
73 13.466467 52.596622 494174 1.0 1
74 13.312154 52.50632 149358 1.0 16
75 13.407808 52.564026 450849 1.0 82
76 13.221825 52.536648 137058 1.0 33
77 13.518679 52.52242 204301 1.0 70
78 13.394316 52.42582 251349 1.0 33
79 13.371105 52.558712 11640 1.0 17
80 13.533662 52.53051 289570 0.0 11
81 13.339219 52.47451 282521 1.0 77
82 13.66617 52.409966 224909 1.0 45
83 13.237425 52.43278 18480 1.0 54
84 13.465465 52.436302 140117 1.0 38
85 13.603793 52.545216 413432 1.0 89
86 13.459296 52.562275 108923 1.0 38
87 13.328953 52.561626 16070 1.0 81
88 13.266398 52.513147 7435 0.429 25
89 13.262573 52.51471 12384 1.0 74
90 13.500503 52.54331 391970 1.0 7
91 13.452345 52.43871 31136 1.0 99
92 13.474265 52.425537 253945 1.0 77
93 13.528095 52.55653 140604 1.0 33
94 13.502091 52.48106 119111 1.0 16
95 13.502823 52.460373 350185 1.0 55
96 13.575942 52.505184 134992 0.0 90
97 13.45 52.61792 250955 0.0 71
98 13.574478 52.504673 81763 1.0 20
99 13.284955 52.522236 257707 1.0 94
100 13.282816 52.554203 215342 1.0 40
101 13.426026 52.452366 287075 0.0 78
102 13.418234 52.528347 103117 1.0 62
103 13.441099 52.530594 108921 1.0 94
104 13.367434 52.561516 41946 1.0 59
105 13.330525 52.571224 171953 1.0 32
106 13.183285 52.540012 334331 1.0 57
107 13.487003 52.422855 135151 1.0 80
108 13.31507 52.583705 439933 0.95 14
109 13.434722 52.59441 22603 1.0 40
110 13.284286 52.59508 83937 1.0 50
111 13.384579 52.470093 6890 1.0 40
112 13.297494 52.550343 430344 1.0 66
113 13.472223 52.565502 408448 1.0 42
114 13.428351 52.567825 352145 1.0 79
115 13.432804 52.600906 49575 1.0 75
116 13.410003 52.582073 103138 1.0 65
117 13.379025 52.576084 214984 1.0 18
118 13.441395 52.481388 451833 1.0 61
119 13.430035 52.58625 494466 1.0 58
120 13.178705 52.549057 397920 1.0 20
121 13.350399 52.535404 344257 1.0 24
122 13.324249 52.525593 431197 1.0 27
123 13.442447 52.465546 484062 1.0 99
124 13.304359 52.619434 485648 1.0 59
125 13.442788 52.424454 314948 1.0 81
126 13.466595 52.560913 433898 1.0 12
127 13.149506 52.45756 411768 1.0 9
128 13.558925 52.43478 473871 1.0 26
129 13.346832 52.591553 443047 1.0 33
130 13.361752 52.545017 457012 1.0 78
131 13.436799 52.456997 30818 1.0 49
132 13.433093 52.499275 267096 1.0 82
133 13.366973 52.464993 303546 1.0 16
134 13.482306 52.426098 382247 1.0 41
135 13.479835 52.428368 135172 1.0 31
136 13.45077 52.535522 427097 1.0 95
137 13.319399 52.51273 429829 1.0 77
138 13.381129 52.440403 492366 1.0 45
139 13.424668 52.45222 287073 1.0 13
140 13.199311 52.54281 251074 1.0 24
141 13.346797 52.579163 499076 1.0 6
142 13.333687 52.52083 417386 1.0 99
143 13.207365 52.52928 480831 1.0 84
144 13.421442 52.45902 441845 1.0 93
145 13.491695 52.558735 497999 1.0 50
146 13.552939 52.431316 488855 1.0 40
147 13.260473 52.508404 437788 1.0 57
148 13.370334 52.435364 385718 1.0 28
149 13.191649 52.434593 107910 1.0 20
150 13.34134 52.51991 416284 1.0 91
151 13.32066 52.48429 167133 1.0 17
152 13.28759 52.49575 234247 0.539 11
153 13.328179 52.531105 356749 1.0 7
154 13.294289 52.50166 1050 1.0 89
155 13.34536 52.546326 329 1.0 29
156 13.329717 52.563217 267958 1.0 79
157 13.313445 52.479557 87109 1.0 40
158 13.30655 52.577553 130123 1.0 6
159 13.30926 52.56797 221 1.0 55
160 13.210484 52.527187 491943 1.0 69
161 13.281055 52.508278 311458 1.0 52
162 13.227858 52.507328 502944 0.0 58
163 13.302941 52.518883 192853 1.0 54
164 13.549925 52.551933 127684 1.0 60
165 13.379223 52.569057 291534 1.0 41
166 13.331402 52.492992 501945 0.0 36
167 13.568935 52.545013 103558 1.0 50
168 13.527053 52.556797 140610 1.0 55
169 13.449724 52.497017 281554 0.0 51
170 13.309344 52.49251 245654 1.0 89
171 13.421672 52.514008 227893 1.0 30
172 13.536437 52.53189 247078 0.0 8
173 13.365013 52.427303 357464 0.0 72
174 13.332343 52.59847 25844 0.0 81
175 13.335789 52.56436 190134 0.0 84
176 13.469518 52.54334 100881 1.0 21
177 13.531255 52.509808 176763 0.13 67
178 13.241099 52.537926 186267 1.0 75
179 13.467991 52.547413 100859 1.0 45
