0 13.408053 52.536995 247108 1.0
1 13.401839 52.52412 212649 1.0
2 13.416461 52.48374 377541 1.0
3 13.431619 52.481586 16891 1.0
4 13.38762 52.515556 11137 1.0
5 13.410275 52.48983 250644 0.0
6 13.604442 52.537834 172326 1.0
7 13.388478 52.487305 482792 0.0
8 13.401325 52.580494 493144 1.0
9 13.455455 52.429455 390023 1.0
10 13.359654 52.486465 12131 0.0
11 13.385049 52.49313 308835 1.0
12 13.414673 52.50132 13696 1.0
13 13.416983 52.500595 205231 1.0
14 13.401792 52.52453 402628 0.0
15 13.381992 52.52414 64115 1.0
16 13.423624 52.49039 260711 1.0
17 13.413022 52.558144 222346 1.0
18 13.6254 52.456482 38245 0.0
19 13.430779 52.55253 226142 1.0
20 13.394685 52.516186 147301 1.0
21 13.412053 52.520466 396063 1.0
22 13.570124 52.40128 7784 1.0
23 13.463785 52.516617 17292 0.0
24 13.446578 52.521362 14458 1.0
25 13.410732 52.539524 43294 1.0
26 13.413636 52.540024 169458 0.748
27 13.317934 52.45519 248144 1.0
28 13.439346 52.47753 426851 0.0
29 13.413303 52.539864 169451 1.0
30 13.322125 52.473522 8414 0.0
31 13.439346 52.47753 426851 0.0
32 13.40228 52.524048 212649 0.0
33 13.323123 52.510517 206576 0.0
34 13.40108 52.533108 58777 1.0
35 13.397655 52.53597 355608 1.0
36 13.512898 52.460934 235597 1.0
37 13.328688 52.50629 248938 1.0
38 13.532236 52.451797 429387 0.0
39 13.395293 52.518616 356801 1.0
40 13.38412 52.55604 9360 1.0
41 13.45436 52.506886 271212 1.0
42 13.312336 52.48948 44709 1.0
43 13.387928 52.493484 243 1.0
44 13.428226 52.479004 340584 1.0
45 13.373957 52.50914 499916 1.0
46 13.548048 52.43553 70920 0.0
47 13.42334 52.504448 207532 1.0
48 13.420495 52.50124 355611 1.0
49 13.36782 52.488274 342005 0.659
50 13.419642 52.501186 149791 1.0
51 13.421511 52.501823 347112 1.0
52 13.424824 52.483524 313672 1.0
53 13.309386 52.550606 242619 1.0
54 13.609428 52.53628 478188 0.571
55 13.401989 52.525124 219796 1.0
56 13.202313 52.53571 72813 1.0
57 13.430779 52.55253 226142 1.0
58 13.337427 52.504036 460489 1.0
59 13.373891 52.50947 499912 1.0
60 13.401361 52.565643 343155 1.0
61 13.43978 52.477608 426854 1.0
62 13.396099 52.51885 325140 1.0
63 13.396063 52.529793 467964 1.0
64 13.368552 52.54414 157218 1.0
65 13.321433 52.46689 8299 1.0
66 13.259761 52.43176 299658 1.0
67 13.407791 52.516647 182211 1.0
68 13.388056 52.492355 384044 1.0
69 13.326565 52.46433 204350 1.0
70 13.297688 52.44207 137951 1.0
71 13.443637 52.52525 435107 0.0
72 13.448782 52.51177 426614 0.0
73 13.364526 52.49173 449512 1.0
74 13.388209 52.487133 142443 0.0
75 13.477856 52.51642 17742 1.0
76 13.450966 52.516613 395674 1.0
77 13.201438 52.536762 64324 1.0
78 13.415001 52.543312 144409 1.0
79 13.425245 52.491547 135446 1.0
80 13.417085 52.49248 113465 1.0
81 13.363797 52.54353 326305 1.0
82 13.328834 52.51009 436410 1.0
83 13.502879 52.498993 284073 1.0
84 13.419296 52.531982 343299 1.0
85 13.385128 52.49834 288683 1.0
86 13.434526 52.471382 413463 0.0
87 13.415894 52.53526 170471 1.0
88 13.465351 52.50144 104596 1.0
89 13.381627 52.524513 277532 1.0
90 13.421908 52.495975 83991 1.0
91 13.434603 52.504623 352618 1.0
92 13.203115 52.53841 74524 0.0
93 13.372402 52.50723 197311 1.0
94 13.426204 52.494724 277287 0.0
95 13.427959 52.488342 313633 1.0
96 13.461518 52.512115 8249 1.0
97 13.430338 52.528957 206283 1.0
98 13.326593 52.494194 17390 1.0
99 13.348165 52.503426 346593 1.0
100 13.427593 52.490227 17675 1.0
101 13.568293 52.57138 275626 0.0
102 13.395265 52.51904 280939 1.0
103 13.41843 52.55128 295431 1.0
104 13.429278 52.484184 342075 1.0
105 13.359515 52.534126 431763 0.0
106 13.410289 52.529827 177339 1.0
107 13.290194 52.518368 48433 1.0
108 13.381081 52.50111 341080 1.0
109 13.319461 52.504433 424013 0.0
110 13.285913 52.583725 50161 0.0
111 13.270908 52.509045 459495 1.0
112 13.388333 52.52053 478866 1.0
113 13.388805 52.52017 480809 1.0
114 13.388668 52.52343 325145 1.0
115 13.388668 52.52343 325145 1.0
116 13.359515 52.534126 431763 0.0
117 13.372617 52.509293 161836 1.0
118 13.435391 52.525326 470808 1.0
119 13.41119 52.526066 13868 0.0
120 13.439969 52.517895 395547 1.0
121 13.401296 52.52549 13174 1.0
122 13.457811 52.512787 160285 1.0
123 13.541827 52.54219 477369 1.0
124 13.386611 52.4989 236641 1.0
125 13.450992 52.54884 154644 1.0
126 13.472408 52.51429 347464 1.0
127 13.51213 52.462223 322913 1.0
128 13.330462 52.477062 40688 1.0
129 13.302352 52.499043 90229 1.0
130 13.442946 52.49759 99437 0.0
131 13.317712 52.454277 300738 1.0
132 13.206372 52.538597 31042 1.0
133 13.366735 52.488274 342003 0.677
134 13.308455 52.506535 416357 0.0
135 13.328385 52.467087 10959 1.0
136 13.202313 52.53571 72813 1.0
137 13.308954 52.512012 465755 0.0
138 13.47754 52.51718 71053 1.0
139 13.558711 52.512016 290471 1.0
140 13.443302 52.524536 312969 1.0
