0 13.5648 52.5725 471602 1 
1 13.311 52.468 405234 1 
2 13.2721 52.5192 415199 0 
3 13.2081 52.559 52004 1 
4 13.6961 52.437 146340 1 
5 13.5814 52.514 137546 1 
6 13.5516 52.5536 127671 1 
7 13.1914 52.5359 74810 1 
8 13.3906 52.4923 243018 1 
9 13.6108 52.5046 184740 1 
10 13.5387 52.5102 173625 1 
11 13.3005 52.6162 493792 1 
12 13.6195 52.5041 368849 1 
13 13.3743 52.4894 350220 0 
14 13.2422 52.4441 265829 0 
15 13.5923 52.4543 102061 1 
16 13.347 52.4121 116571 0 
17 13.3512 52.4399 133929 1 
18 13.5714 52.4719 286001 1 
19 13.2033 52.523 114927 0.417 
20 13.4993 52.5243 192577 1 
21 13.4497 52.4561 31351 0 
22 13.5758 52.4898 162649 1 
23 13.4524 52.5338 498582 0 
24 13.4148 52.5563 212233 1 
25 13.2644 52.4193 252100 1 
26 13.5728 52.4144 435245 1 
27 13.3278 52.6088 501257 1 
28 13.3154 52.6131 26176 1 
29 13.4261 52.4572 30846 0 
30 13.3848 52.4488 427459 0.5 
31 13.4713 52.4333 417632 1 
32 13.3551 52.4132 407916 0 
33 13.3653 52.5624 172195 1 
34 13.4665 52.5966 494174 1 
35 13.2218 52.5366 137058 1 
36 13.3943 52.4258 251349 1 
37 13.3711 52.5587 11640 1 
38 13.6662 52.41 224909 1 
39 13.2374 52.4328 18480 1 
40 13.4655 52.4363 140117 1 
41 13.4593 52.5623 108923 1 
42 13.2664 52.5131 7435 0.429 
43 13.4523 52.4387 31136 1 
44 13.5745 52.5047 81763 1 
45 13.2828 52.5542 215342 1 
46 13.3305 52.5712 171953 1 
47 13.1833 52.54 334331 1 
48 13.3846 52.4701 6890 1 
49 13.4722 52.5655 408448 1 
50 13.4328 52.6009 49575 1 
51 13.379 52.5761 214984 1 
52 13.4414 52.4814 451833 1 
53 13.3504 52.5354 344257 1 
54 13.4428 52.4245 314948 1 
55 13.1495 52.4576 411768 1 
56 13.3468 52.5916 443047 1 
57 13.367 52.465 303546 1 
58 13.3811 52.4404 492366 1 
59 13.4247 52.4522 287073 1 
60 13.1993 52.5428 251074 1 
61 13.3468 52.5792 499076 1 
62 13.3337 52.5208 417386 1 
63 13.2074 52.5293 480831 1 
64 13.4214 52.459 441845 1 
65 13.4917 52.5587 497999 1 
66 13.5529 52.4313 488855 1 
67 13.2605 52.5084 437788 1 
68 13.1916 52.4346 107910 1 
69 13.3207 52.4843 167133 1 
70 13.2876 52.4958 234247 0.539 
71 13.3282 52.5311 356749 1 
72 13.3454 52.5463 329 1 
73 13.3134 52.4796 87109 1 
74 13.2811 52.5083 311458 1 
75 13.2279 52.5073 502944 0 
76 13.3029 52.5189 192853 1 
77 13.5271 52.5568 140610 1 
78 13.3093 52.4925 245654 1 
79 13.4217 52.514 227893 1 
80 13.5364 52.5319 247078 0 
81 13.4695 52.5433 100881 1 
82 13.468 52.5474 100859 1 
83 13.2833 52.5755 436568 1 
84 13.4978 52.5469 173224 1 
85 13.5092 52.4568 173691 1 
86 13.5761 52.4475 41212 1 
87 13.5404 52.4198 307893 1 
88 13.5276 52.4247 293452 1 
89 13.37 52.4216 96219 1 
90 13.5076 52.4995 125756 0 
91 13.4958 52.5458 187276 1 
92 13.2892 52.5106 12999 1 
93 13.4963 52.5182 141348 1 
94 13.2868 52.5861 483645 0 
95 13.3997 52.3867 445951 0.522 
96 13.3701 52.5419 93109 1 
97 13.3957 52.3867 307802 1 
98 13.3855 52.5502 35217 1 
99 13.3684 52.4189 376377 1 
100 13.3889 52.5501 141707 1 
101 13.3851 52.5499 370577 1 
102 13.3438 52.4351 70263 1 
103 13.4033 52.5247 43291 1 
104 13.4552 52.5493 220270 1 
105 13.4053 52.3867 1160 0.715 
106 13.409 52.3871 200195 1 
107 13.414 52.55 392824 1 
108 13.4536 52.4294 202812 1 
109 13.4247 52.488 382953 0 
110 13.2888 52.633 346620 1 
111 13.4792 52.5162 329370 0 
112 13.4475 52.4375 373149 1 
113 13.4403 52.4992 17573 1 
114 13.4793 52.5198 336508 0 
115 13.3921 52.5541 12061 0 
116 13.5356 52.5111 203355 1 
117 13.2886 52.4768 1002 1 
118 13.3981 52.5348 177345 1 
119 13.3364 52.5234 155462 1 
120 13.3037 52.4493 240231 1 
121 13.3368 52.5267 177931 1 
122 13.3426 52.5027 302144 1 
123 13.3354 52.5265 9096 1 
124 13.305 52.5129 7061 1 
125 13.3045 52.5173 5497 1 
126 13.3503 52.5417 481598 0.8 
127 13.3242 52.4606 136020 1 
128 13.2419 52.4236 28084 1 
129 13.1556 52.5326 454697 1 
130 13.2661 52.4144 59261 1 
131 13.28 52.5378 207238 1 
132 13.302 52.508 6682 1 
133 13.3361 52.5021 110429 0 
134 13.2823 52.478 382126 1 
135 13.3046 52.5166 5581 1 
136 13.2835 52.4784 6444 0 
137 13.5117 52.5042 79358 1 
138 13.2614 52.516 322027 1 
139 13.2698 52.5108 437514 1 
140 13.2684 52.5116 437510 1 
141 13.3134 52.6207 167989 1 
142 13.2014 52.5478 25218 1 
143 13.5436 52.5236 38802 1 
144 13.4628 52.5235 263359 1 
145 13.478 52.4293 348456 1 
146 13.3389 52.4867 7828 1 
147 13.4922 52.4203 140976 1 
148 13.33 52.4582 18808 1 
149 13.2978 52.5105 4762 1 
150 13.4037 52.5804 178251 1 
151 13.3635 52.4996 14928 0 
152 13.3599 52.4337 393313 1 
153 13.4629 52.4254 198252 1 
154 13.3318 52.5066 478892 1 
155 13.5477 52.4383 54519 0 
156 13.5429 52.436 76493 0 
157 13.259 52.4322 166087 1 
158 13.4095 52.4899 444582 1 
159 13.3975 52.5658 72361 0 
160 13.3224 52.4588 136024 1 
161 13.4159 52.491 465283 1 
162 13.4133 52.5029 13702 1 
163 13.5176 52.5673 148238 1 
164 13.3507 52.5324 477771 1 
165 13.5256 52.5679 32617 1 
166 13.5076 52.5645 148287 1 
167 13.4118 52.5406 135478 1 
168 13.3618 52.5685 15645 1 
169 13.4194 52.4993 227207 1 
170 13.4025 52.5693 485839 1 
171 13.3851 52.4983 288683 1 
172 13.3344 52.5268 92538 1 
173 13.4982 52.514 94625 1 
174 13.4552 52.512 251055 1 
175 13.3632 52.5509 369117 1 
176 13.1578 52.4194 131296 1 
177 13.4732 52.5138 422477 1 
178 13.3453 52.4367 107203 1 
179 13.2616 52.4109 46841 1 
180 13.1772 52.5471 29007 1 
181 13.4955 52.5359 244508 0 
182 13.3197 52.457 149665 1 
183 13.2597 52.4353 92637 1 
184 13.2602 52.4345 32051 1 
185 13.3571 52.4074 125526 1 
186 13.2824 52.51 207593 1 
187 13.3801 52.4387 246340 1 
188 13.4414 52.5435 14177 1 
189 13.2896 52.6341 353718 1 
190 13.2868 52.6326 356450 1 
191 13.51 52.457 473223 1 
192 13.451 52.5158 258550 1 
193 13.353 52.55 383885 1 
194 13.4091 52.5043 345730 1 
195 13.3455 52.5542 261683 0 
196 13.6011 52.4807 57238 0 
197 13.4304 52.4691 291581 1 
198 13.3938 52.5403 468290 1 
199 13.4397 52.5238 14468 1 
200 13.5213 52.4975 235351 1 
201 13.5845 52.4289 246908 1 
202 13.5769 52.4555 236936 1 
203 13.5762 52.4546 37839 1 
204 13.4617 52.5161 321248 1 
205 13.3873 52.4919 159119 1 
206 13.4258 52.5297 13991 1 
207 13.3611 52.4947 227240 1 
208 13.2188 52.5578 31730 1 
209 13.521 52.4518 272786 1 
210 13.2413 52.5433 139636 1 
211 13.2386 52.5426 136486 1 
212 13.3714 52.5652 434023 1 
213 13.1698 52.5184 165225 1 
214 13.2685 52.5367 128890 1 
215 13.3497 52.4826 182644 1 
216 13.5244 52.4828 289718 0 
217 13.3876 52.5261 460239 1 
218 13.5585 52.5059 284563 1 
219 13.4315 52.5321 14016 1 
220 13.3294 52.6095 131768 1 
221 13.4024 52.5814 266266 0 
222 13.2698 52.4515 423855 1 
223 13.3727 52.446 330058 1 
224 13.3898 52.4349 139935 1 
225 13.41 52.5288 454613 1 
226 13.3023 52.4379 137962 1 
227 13.4602 52.4941 49823 0.846 
228 13.287 52.4329 299549 1 
229 13.3132 52.423 20316 1 
230 13.3035 52.4267 256087 0 
231 13.3237 52.4718 428012 1 
232 13.4512 52.5099 252248 1 
233 13.2706 52.4385 485058 1 
234 13.3559 52.5483 179667 1 
235 13.1952 52.4301 737 1 
236 13.5636 52.5708 229420 1 
237 13.4714 52.5284 395108 1 
238 13.4119 52.5676 294727 1 
239 13.3858 52.4656 353440 0.5 
240 13.4316 52.4674 464444 1 
241 13.2901 52.5189 48434 1 
242 13.3091 52.5167 204648 0 
243 13.4934 52.6362 80121 1 
244 13.3307 52.5001 470533 1 
245 13.5875 52.5212 335300 1 
246 13.5581 52.5251 350453 1 
247 13.4484 52.4853 77262 1 
248 13.4206 52.4954 290359 1 
249 13.3121 52.4981 3625 1 
250 13.311 52.4962 4216 1 
251 13.3362 52.5304 9092 1 
252 13.3419 52.4472 342959 1 
253 13.3266 52.4798 419476 1 
254 13.4505 52.4892 17603 1 
255 13.396 52.5107 242811 1 
256 13.47 52.5319 496188 1 
257 13.4867 52.5409 36517 1 
258 13.3288 52.563 282625 1 
259 13.3944 52.507 2218 1 
260 13.4426 52.543 174323 1 
261 13.3189 52.4814 4511 1 
262 13.4096 52.5216 391070 1 
263 13.3867 52.5119 193077 1 
264 13.3291 52.4817 4546 1 
265 13.2715 52.5102 459507 1 
266 13.35 52.5264 10233 1 
267 13.5559 52.5201 37168 0 
268 13.5426 52.5267 175725 0.543 
269 13.5424 52.5278 141037 1 
270 13.5726 52.4123 372761 0 
271 13.4134 52.5493 391798 1 
272 13.35 52.5498 386708 1 
273 13.1881 52.5374 145274 1 
274 13.6137 52.5094 142630 1 
275 13.5918 52.5073 81667 0 
276 13.5827 52.5177 438053 1 
277 13.4566 52.4903 177138 1 
278 13.4143 52.5079 113098 1 
279 13.4135 52.4934 188772 1 
280 13.2346 52.6075 29980 1 
281 13.3071 52.4987 4738 1 
282 13.4452 52.4791 162355 0 
283 13.2037 52.5375 28527 1 
284 13.2165 52.4273 483740 1 
285 13.1953 52.5355 39597 1 
286 13.4422 52.4678 458210 0 
287 13.1972 52.521 12828 1 
288 13.1949 52.5202 406893 1 
289 13.1959 52.5286 75232 1 
290 13.3423 52.556 100062 1 
291 13.4888 52.467 52595 1 
292 13.1978 52.5219 12939 0 
293 13.6118 52.5133 387389 1 
294 13.5725 52.568 451154 1 
295 13.4446 52.5646 188518 1 
296 13.428 52.4935 183 0 
297 13.4654 52.5146 422506 1 
298 13.3282 52.4671 5282 1 
299 13.3352 52.5952 230271 1 
300 13.3431 52.4799 10805 0 
301 13.3289 52.4288 500883 1 
302 13.4188 52.492 113467 1 
303 13.1425 52.525 267079 1 
304 13.3587 52.5464 60526 1 
305 13.3201 52.5016 149208 1 
306 13.4065 52.5354 24298 1 
307 13.2925 52.4575 301656 1 
308 13.2899 52.4755 3016 1 
309 13.3982 52.4234 185272 1 
310 13.297 52.498 5083 1 
311 13.345 52.4913 7692 0.5 
312 13.3852 52.4481 137741 0 
313 13.4499 52.5234 24225 0 
314 13.3178 52.4579 150330 0 
315 13.3277 52.4546 152082 1 
316 13.5363 52.4331 238970 1 
317 13.4108 52.5219 395930 1 
318 13.5918 52.5209 335337 1 
319 13.3979 52.5277 13161 0 
320 13.4153 52.5187 13832 1 
321 13.2754 52.5362 439961 1 
322 13.419 52.5221 132309 1 
323 13.3863 52.5594 120947 0 
324 13.426 52.4775 180650 1 
325 13.367 52.5517 458397 1 
326 13.3978 52.5325 43792 1 
327 13.3883 52.503 216219 0 
328 13.3378 52.4317 70275 1 
329 13.308 52.5067 129558 1 
330 13.3066 52.5071 500784 1 
331 13.406 52.5527 12566 1 
332 13.4559 52.5011 234039 0 
333 13.2985 52.4413 137953 1 
334 13.5088 52.4515 350251 1 
335 13.3794 52.5249 334412 1 
336 13.3882 52.5187 317734 1 
337 13.4352 52.4941 6989 1 
338 13.2069 52.5621 60280 1 
339 13.5585 52.5054 185144 1 
340 13.2955 52.4975 246811 1 
341 13.3056 52.5097 192555 1 
342 13.4199 52.5422 254925 0 
343 13.3087 52.5114 255627 0 
344 13.3567 52.4861 494559 1 
345 13.3152 52.448 6213 1 
346 13.3442 52.4789 441721 1 
347 13.3157 52.4417 300260 1 
348 13.3072 52.4469 14586 1 
349 13.504 52.5486 356377 1 
350 13.355 52.4856 259286 1 
351 13.3049 52.5257 52275 1 
352 13.4343 52.4814 404345 1 
353 13.4382 52.4789 236623 1 
354 13.4343 52.4814 404345 1 
355 13.4266 52.4852 344341 1 
356 13.4352 52.4809 435622 1 
357 13.4496 52.474 27867 1 
358 13.3861 52.4671 303658 1 
359 13.4256 52.4793 189563 1 
360 13.4629 52.4702 148006 1 
361 13.4268 52.4761 128335 1 
362 13.4387 52.4774 192834 0 
363 13.3945 52.4918 13529 1 
364 13.2924 52.4975 1045 1 
365 13.4336 52.4637 313363 1 
366 13.3858 52.4459 129771 1 
367 13.3857 52.4456 129759 0 
368 13.384 52.4567 434707 1 
369 13.3855 52.4468 137741 1 
370 13.4488 52.5531 17193 0 
371 13.4241 52.4899 290342 1 
372 13.4236 52.4904 260711 1 
373 13.4372 52.4562 30817 1 
374 13.4385 52.4535 493575 1 
375 13.4137 52.5588 272300 1 
376 13.4567 52.4424 140129 1 
377 13.4102 52.5708 387723 1 
378 13.5058 52.4458 292219 1 
379 13.5094 52.4527 95384 0 
380 13.4038 52.5824 295395 1 
381 13.3355 52.5596 383861 0 
382 13.4234 52.4911 7003 0 
383 13.3688 52.5449 11614 1 
384 13.4427 52.4803 162315 0 