0 4.87346 52.339233 82459 1.0 1
1 4.962988 52.37064 7404 1.0 73
2 4.850617 52.392155 23629 1.0 13
3 4.883542 52.36412 39947 0.0 73
4 4.892704 52.373672 13838 1.0 81
5 4.918249 52.346664 56942 1.0 4
6 4.890016 52.354965 72164 1.0 73
7 4.894318 52.367043 13960 1.0 2
8 4.883625 52.364616 14987 1.0 22
9 4.89338 52.36673 104889 1.0 64
10 4.920289 52.354404 69638 1.0 28
11 4.91976 52.35482 69651 1.0 2
12 4.899174 52.37177 13724 1.0 76
13 4.897834 52.376692 107810 0.796 87
14 4.899334 52.37221 14156 1.0 94
15 4.89951 52.372528 92531 0.0 60
16 4.866991 52.37585 69205 1.0 57
17 4.894868 52.366615 40592 1.0 37
18 4.891328 52.35157 106981 1.0 79
19 4.923178 52.368366 8714 0.0 65
20 4.891517 52.352848 109396 1.0 3
21 4.89078 52.35405 14314 1.0 24
22 4.895299 52.376183 14043 1.0 42
23 4.883625 52.364616 14987 1.0 4
24 4.895667 52.36633 105011 1.0 52
25 4.897403 52.374832 13540 1.0 26
26 4.927867 52.35611 47434 1.0 28
27 4.908147 52.361717 12717 0.0 76
28 4.926031 52.35863 56967 1.0 60
29 4.918013 52.357418 8909 1.0 89
30 4.893709 52.36695 104988 1.0 62
31 4.845326 52.37127 88701 1.0 69
32 4.914398 52.39585 46804 1.0 60
33 4.890946 52.367855 13810 1.0 40
34 4.90754 52.39988 18845 0.0 19
35 4.914457 52.3955 46803 1.0 78
36 4.894891 52.365974 13929 1.0 57
37 4.911609 52.390884 71443 1.0 67
38 4.867508 52.366005 15990 1.0 53
39 4.91244 52.38973 18430 1.0 63
40 4.861195 52.36051 27307 1.0 94
41 4.871835 52.367188 93209 1.0 18
42 4.90077 52.355484 12493 0.0 56
43 4.863066 52.360428 128 1.0 61
44 4.868346 52.326843 18149 0.333 75
45 4.899867 52.376472 125027 1.0 25
46 4.889481 52.38139 19369 1.0 6
47 4.925883 52.367966 61430 1.0 80
48 4.827021 52.353546 103088 0.512 77
49 4.826975 52.353546 103088 0.409 47
50 4.912439 52.398277 18888 1.0 53
51 4.850548 52.36985 599 1.0 79
52 4.902621 52.393475 18545 1.0 81
53 4.867612 52.344246 124099 1.0 79
54 4.811088 52.34548 40802 1.0 2
55 4.916926 52.346535 37417 1.0 96
56 4.911086 52.347363 11483 0.0 1
57 4.871701 52.325874 11001 1.0 87
58 4.890579 52.354553 109918 1.0 69
59 4.907532 52.35317 12544 1.0 51
60 4.893828 52.366875 105013 1.0 47
61 4.894029 52.367058 13958 1.0 41
62 4.873822 52.362465 45671 1.0 2
63 4.912201 52.366795 113862 1.0 62
64 4.912484 52.367214 13141 1.0 6
65 4.857322 52.350525 129287 1.0 8
66 4.878884 52.369465 15211 1.0 22
67 4.876066 52.372437 105199 0.0 84
68 4.899262 52.3793 86750 0.0 51
69 4.883625 52.364616 14987 1.0 62
70 4.891013 52.380543 19377 1.0 11
71 4.885096 52.383835 22537 1.0 12
72 4.913641 52.357716 12522 1.0 62
73 5.008272 52.35172 121421 1.0 49
74 4.944603 52.401047 2856 1.0 15
75 4.944227 52.401188 2902 0.0 17
76 4.927546 52.356163 56978 1.0 86
77 4.837769 52.38923 94750 0.535 94
78 4.853756 52.37074 67688 1.0 6
79 4.882102 52.361835 121412 1.0 91
80 4.9948 52.35492 51954 1.0 31
81 4.990323 52.35805 73043 1.0 7
82 4.88856 52.363464 14993 1.0 1
83 4.945943 52.36815 7334 1.0 14
84 4.911151 52.356377 53264 1.0 2
85 4.940002 52.363796 7965 1.0 88
86 4.911118 52.35643 8871 1.0 46
87 4.912255 52.355824 12615 1.0 67
88 4.899368 52.379406 86751 1.0 24
89 4.854488 52.357887 27231 0.0 95
90 4.842111 52.341675 26419 1.0 50
91 4.896567 52.377247 13545 1.0 90
92 4.925495 52.359646 108698 1.0 56
93 4.927867 52.35611 47434 1.0 29
94 4.92233 52.35428 8993 1.0 51
95 4.840032 52.34969 41193 1.0 67
96 4.932692 52.361023 53287 1.0 64
97 4.883717 52.362694 38633 1.0 74
98 4.78428 52.359055 73420 1.0 71
99 4.800221 52.358093 70492 1.0 29
100 4.890667 52.344677 66012 1.0 9
101 4.811782 52.35446 30372 0.0 53
102 4.895731 52.366367 104982 1.0 92
103 4.81028 52.354042 57528 1.0 21
104 4.895667 52.36633 105011 1.0 88
105 4.895145 52.36641 63318 1.0 79
106 4.874697 52.363346 16459 1.0 51
107 4.811333 52.35439 33114 1.0 94
108 4.927747 52.362447 7696 0.9 77
109 4.939877 52.347782 70099 1.0 58
110 4.873174 52.338104 93563 1.0 60
111 4.927457 52.362705 106251 1.0 53
112 4.873184 52.33658 93550 0.0 75
113 4.892216 52.40115 19317 1.0 22
114 4.868477 52.33151 18192 1.0 5
115 4.868487 52.330734 18193 1.0 50
116 4.928794 52.36097 53281 1.0 91
117 4.868487 52.330734 18193 1.0 88
118 4.900598 52.37449 13610 1.0 60
119 4.916508 52.351402 9993 1.0 27
120 4.883625 52.364616 14987 1.0 52
121 4.884105 52.364838 107088 1.0 96
122 4.884105 52.364838 107088 1.0 73
123 4.884286 52.36491 15406 1.0 44
124 4.932384 52.360836 80992 0.0 48
125 4.884105 52.364838 107088 1.0 12
126 4.818328 52.374928 30071 1.0 28
127 4.889473 52.367233 61040 1.0 58
128 4.846377 52.351593 38131 0.0 49
129 4.879517 52.381397 58771 1.0 92
130 4.819377 52.378273 30087 1.0 31
131 4.801192 52.358288 70493 1.0 11
132 4.928377 52.361282 7726 1.0 30
133 4.93124 52.363373 7970 0.0 85
134 4.811405 52.354924 123415 0.136 34
135 4.927387 52.36225 7685 1.0 6
136 4.917513 52.357758 72210 1.0 33
137 4.926693 52.362537 117349 1.0 56
138 4.925982 52.36527 106248 1.0 50
139 4.92687 52.36447 8074 1.0 98
140 4.910274 52.356175 53261 0.455 42
141 4.914003 52.357178 12559 1.0 14
142 4.89095 52.372646 14048 1.0 28
143 4.928049 52.36234 7694 1.0 10
144 4.813023 52.378525 25575 1.0 44
145 4.888601 52.368843 15398 1.0 39
146 4.857206 52.348705 26667 1.0 84
147 4.876283 52.362907 39666 1.0 35
148 4.87358 52.365414 15979 1.0 33
149 4.875623 52.364822 15704 1.0 39
150 4.940024 52.36181 76711 1.0 30
151 4.940179 52.36172 108580 1.0 10
152 4.871317 52.367043 93210 1.0 2
153 4.87467 52.36391 14639 1.0 53
154 4.7954 52.357628 33655 1.0 36
155 4.869939 52.36653 95572 1.0 65
156 4.86735 52.365906 107457 1.0 52
157 4.956687 52.392426 2536 1.0 77
158 4.899945 52.38035 73704 1.0 93
159 4.86833 52.366093 95569 1.0 69
160 4.890029 52.355297 39493 0.0 55
161 4.890286 52.355343 39496 1.0 27
162 4.888847 52.35473 72166 1.0 72
163 4.890466 52.355637 14361 0.0 4
164 4.889566 52.34995 514 1.0 66
165 4.894992 52.352016 128242 1.0 18
166 4.901749 52.354282 12504 1.0 80
167 4.890662 52.35691 14333 1.0 79
168 4.897369 52.356514 14346 1.0 82
169 4.899749 52.356697 14383 1.0 52
170 4.899598 52.357162 14274 1.0 52
171 4.899749 52.356697 14383 1.0 12
172 4.938141 52.3738 509 0.0 70
173 4.894791 52.372208 13654 1.0 56
174 4.772938 52.355629 110388 0.803 23
175 4.873174 52.338104 93563 1.0 11
176 4.891834 52.37613 13575 1.0 36
177 4.88914 52.381584 19370 0.0 66
178 4.894763 52.37856 53706 1.0 22
179 4.894707 52.37886 19490 1.0 83
180 4.896045 52.377865 85933 1.0 46
181 4.895129 52.37852 19488 1.0 39
182 4.89427 52.37845 19492 1.0 94
183 4.894707 52.37886 19490 1.0 58
184 4.895459 52.37825 19487 1.0 65
185 4.895577 52.37775 14147 0.0 43
186 4.893414 52.37677 14033 0.0 53
187 4.895709 52.377766 14084 1.0 10
188 4.894707 52.37886 19490 1.0 93
189 4.895794 52.3778 14084 0.0 49
190 4.892704 52.373672 13838 1.0 87
191 4.892915 52.373863 13839 1.0 58
192 4.893934 52.37414 104678 1.0 13
193 4.893653 52.374184 104679 1.0 39
194 4.896071 52.375893 124705 1.0 4
195 4.896505 52.377644 14151 1.0 50
196 4.896071 52.375893 124705 1.0 84
197 4.896071 52.375893 124705 1.0 78
198 4.895711 52.375614 56440 1.0 20
199 4.896071 52.375893 124705 1.0 34
200 4.897098 52.37696 56447 1.0 59
201 4.897942 52.37673 65301 1.0 50
202 4.88756 52.368748 15327 0.0 49
203 4.884267 52.368862 15274 1.0 43
204 4.888601 52.368843 15398 1.0 85
205 4.888472 52.370167 552 1.0 38
206 4.892697 52.371822 61052 0.0 39
207 4.891532 52.369007 13750 1.0 34
208 4.890693 52.368236 13812 0.542 34
209 4.89189 52.371117 14054 1.0 15
210 4.895067 52.372116 13664 1.0 28
211 4.896776 52.37153 13677 1.0 10
212 4.894149 52.37243 13666 1.0 11
213 4.895462 52.371986 13663 1.0 12
214 4.881177 52.3644 108854 1.0 40
215 4.883625 52.364616 14987 1.0 94
216 4.858378 52.40504 24554 0.0 78
217 4.891142 52.360157 14508 0.0 59
218 4.798571 52.352203 79119 1.0 64
219 4.81064 52.354057 57837 1.0 3
220 4.877427 52.382977 49702 1.0 63
221 4.83925 52.34414 76275 1.0 57
222 4.848484 52.351578 26642 1.0 74
223 4.853361 52.364094 92676 0.452 22
224 4.863438 52.353096 87588 1.0 16
225 4.848544 52.348522 26682 1.0 76
226 4.938357 52.374058 74353 0.5 9
227 4.86046 52.351414 26599 1.0 10
228 4.861893 52.34804 26779 1.0 81
229 4.865515 52.346626 17633 1.0 50
230 4.905539 52.342686 11553 1.0 21
231 4.907201 52.341404 121873 1.0 68
232 4.906998 52.341293 65988 1.0 47
233 4.906684 52.342133 65987 1.0 49
234 4.882629 52.32604 10829 1.0 49
235 4.883937 52.33211 96443 0.505 83
236 4.87396 52.336845 86012 0.219 18
237 4.875785 52.33201 53874 1.0 10
238 4.867586 52.324646 11036 1.0 53
239 4.868171 52.326443 76166 1.0 7
240 4.936783 52.397987 4988 0.0 58
241 4.939513 52.365433 8381 1.0 38
242 4.925197 52.39123 5720 1.0 4
243 4.935902 52.399307 50345 1.0 52
244 4.884492 52.3846 84195 1.0 96
245 4.925255 52.39149 58063 0.0 37
246 4.887644 52.362698 14995 0.0 52
247 4.889991 52.366966 123992 1.0 44
248 4.896071 52.375893 124705 1.0 79
249 4.891064 52.412773 20713 1.0 93
250 4.938646 52.373837 79731 1.0 70
251 4.895201 52.375786 99017 0.333 68
252 4.892333 52.363552 111004 0.0 67
253 4.895378 52.375004 56452 0.0 2
254 4.878394 52.372875 37950 1.0 39
255 4.878496 52.372738 15571 1.0 63
256 4.896312 52.377594 14150 1.0 22
257 4.898927 52.36225 14474 1.0 54
258 4.899824 52.379517 86769 0.0 65
259 4.904095 52.38269 78365 1.0 38
260 4.897634 52.365818 13872 1.0 73
261 4.90079 52.37882 119437 0.0 32
262 4.838535 52.38871 116727 1.0 38
263 4.996182 52.39602 58331 1.0 30
264 4.951893 52.35441 111501 1.0 38
265 4.838889 52.389202 94754 1.0 54
266 4.940445 52.3978 51043 1.0 66
267 4.858303 52.37143 67681 1.0 89
268 4.87362 52.39091 22105 0.0 44
269 4.93804 52.39761 113697 1.0 29
270 4.891192 52.35971 87245 1.0 7
271 4.89081 52.3577 107901 1.0 19
272 4.916091 52.37748 8541 1.0 68
273 4.870591 52.337383 41777 1.0 84
274 4.893259 52.35524 14355 0.429 5
275 4.890545 52.356186 14375 1.0 66
276 4.855671 52.354366 56638 1.0 13
277 4.954361 52.392815 96338 1.0 61
278 4.900191 52.380077 110228 1.0 4
279 4.900619 52.379837 86475 1.0 6
280 4.89957 52.380455 41784 1.0 83
281 4.899945 52.38035 73704 1.0 55
282 4.896643 52.372696 13681 1.0 50
283 4.900452 52.3718 13708 1.0 95
284 4.895915 52.37556 56439 1.0 33
285 4.805363 52.35994 76528 0.0 39
286 4.895378 52.375004 56452 0.0 34
287 4.895666 52.376095 14042 0.0 80
288 4.893934 52.37414 104678 1.0 52
289 4.897098 52.37696 56447 1.0 52
290 4.893675 52.373615 13865 1.0 11
291 4.891485 52.369232 13436 1.0 17
292 4.894791 52.372208 13654 1.0 3
293 4.896034 52.371777 13677 0.0 29
294 4.898849 52.375824 13567 0.0 47
295 4.92953 52.37065 8161 1.0 18
296 4.898006 52.37523 13565 1.0 77
297 4.898339 52.375465 13578 1.0 66
298 4.897886 52.375156 13555 1.0 95
299 4.898006 52.37523 13565 1.0 94
300 4.897403 52.374832 13540 1.0 38
301 4.897403 52.374832 13540 1.0 17
302 4.897886 52.375156 13555 1.0 21
303 4.897375 52.375355 13510 1.0 84
304 4.860004 52.37474 67754 1.0 35
305 4.897886 52.375156 13555 1.0 65
306 4.853318 52.37345 27904 1.0 47
307 4.856649 52.37438 73306 1.0 85
308 4.847333 52.372536 67808 1.0 45
309 4.848547 52.37273 28340 1.0 20
310 4.847982 52.3785 23054 1.0 91
311 4.855134 52.37086 107491 1.0 54
312 4.859778 52.3749 69243 1.0 74
313 4.862361 52.375233 69238 1.0 41
314 4.860968 52.375065 69241 1.0 2
315 4.860968 52.375065 69241 1.0 36
316 4.886793 52.34982 17346 1.0 30
317 4.861626 52.375137 69239 1.0 12
318 4.857509 52.34497 66502 1.0 81
319 4.868098 52.34425 124093 1.0 53
320 4.884287 52.374004 107720 1.0 82
321 4.885424 52.381355 22501 1.0 42
322 4.89014 52.3743 71796 1.0 80
323 4.883846 52.374054 69000 1.0 33
324 4.886056 52.365932 15017 1.0 1
325 4.899749 52.356697 14383 1.0 72
326 4.909838 52.356186 53242 1.0 37
327 4.888115 52.373253 104750 1.0 71
328 4.895719 52.371887 51211 1.0 9
329 4.895856 52.377903 19486 1.0 5
330 4.79321 52.341537 113175 1.0 36
331 4.792651 52.341404 32373 0.0 71
332 4.890287 52.344505 111654 1.0 99
333 4.921418 52.33774 47988 1.0 74
334 4.927488 52.34447 9506 1.0 35
335 4.882675 52.35918 44705 0.0 63
336 4.892427 52.373814 13902 1.0 94
337 4.892358 52.37373 61842 1.0 12
338 4.901026 52.379623 119433 1.0 61
339 4.900543 52.378643 119431 0.0 87
340 4.911876 52.415657 126148 1.0 99
341 4.826562 52.417618 102751 1.0 39
342 4.952697 52.365005 84426 1.0 54
