0 32 62 97 12 54 5 98 22 30 37 
1 22 97 98 12 30 62 32 75 
2 62 75 83 30 32 97 
3 7 83 52 75 62 98 23 
4 62 96 32 54 88 83 27 98 
5 54 37 83 88 98 
6 23 83 54 5 32 103 
7 75 88 85 5 15 83 22 7 
8 97 37 75 12 54 5 
9 27 32 37 23 96 
10 54 83 27 6 103 32 5 23 
11 32 22 54 5 27 15 83 
12 52 37 97 12 5 83 75 23 88 103 
13 30 97 22 15 
14 27 15 32 23 37 5 83 88 
15 54 97 96 12 83 37 
16 37 52 62 103 7 88 5 32 83 98 
17 97 54 83 85 32 
18 54 37 97 75 88 23 
19 97 83 5 32 98 
20 52 5 83 37 27 54 
21 5 88 22 23 37 27 12 83 
22 22 37 97 83 23 82 
23 27 98 5 83 32 
24 5 23 32 37 15 27 30 12 54 82 22 83 98 
25 15 88 54 12 37 27 
26 32 83 37 89 88 52 
27 83 103 97 32 52 5 
28 54 97 5 12 83 37 6 
29 88 12 102 97 37 5 30 
30 83 32 37 52 5 97 88 89 
31 15 22 85 62 89 54 
32 83 88 37 82 
33 22 37 88 32 103 54 
34 37 98 54 23 89 83 
35 6 82 88 5 83 
36 83 22 12 37 5 
37 27 37 83 5 88 
38 97 23 30 75 83 62 27 
39 23 12 54 37 75 5 
40 12 88 6 7 27 54 75 83 5 
41 12 15 83 96 32 75 23 30 37 102 
42 83 5 27 23 32 30 37 
43 5 54 23 
44 12 88 37 6 15 83 
45 6 27 12 5 96 88 
46 75 5 37 30 83 102 
47 12 88 102 30 37 22 6 97 5 83 
48 12 88 32 30 83 22 5 37 98 27 54 
49 15 32 83 6 5 97 
50 5 75 54 83 15 96 62 
51 97 30 83 54 
52 52 22 103 5 98 83 37 97 
53 37 97 22 83 12 23 82 27 32 
54 5 83 32 75 37 
55 12 5 83 37 96 75 88 
56 32 62 98 23 27 6 
57 82 62 15 12 5 27 30 
58 32 5 37 83 75 
59 5 54 6 32 83 
60 27 6 23 82 5 88 32 83 103 96 
61 98 5 32 83 7 
62 5 75 85 37 83 12 96 32 52 82 6 23 
63 96 30 37 5 12 83 
64 103 88 15 54 83 62 82 23 75 98 
65 83 85 23 5 37 89 
66 12 5 83 32 15 27 23 88 102 
67 32 37 27 
68 88 83 98 54 5 12 
69 23 54 62 88 5 37 
70 83 5 85 88 22 27 12 54 37 
71 37 5 27 6 54 98 83 
72 5 54 37 62 98 83 15 
73 75 54 5 32 37 83 88 30 
74 15 23 97 54 6 88 83 5 
75 23 27 22 88 96 54 83 32 
76 5 62 54 37 32 15 23 
77 83 30 62 23 5 32 
78 15 52 96 30 62 83 5 88 103 97 
79 30 98 83 22 27 88 12 5 23 37 
80 37 62 6 103 
81 37 32 88 12 83 15 
82 54 23 88 98 82 30 12 83 
83 5 54 75 32 83 
84 32 23 
85 98 5 22 32 12 102 83 37 88 
86 23 5 37 
87 88 75 23 27 12 62 5 
88 5 23 82 
89 5 23 6 96 83 37 30 52 
90 27 88 75 5 83 
91 98 37 83 97 
92 32 83 88 54 30 22 
93 62 37 83 5 96 23 
94 5 88 37 83 23 
95 27 83 5 88 23 
96 88 15 82 32 5 37 
97 5 62 83 97 23 98 37 
98 5 96 37 83 52 102 82 85 
99 27 5 12 32 37 83 88 
100 5 88 22 12 83 
101 12 5 97 54 32 98 27 88 
102 32 27 54 62 
103 22 82 32 75 97 12 23 
104 52 98 54 30 83 37 5 
105 22 88 12 5 37 
106 30 88 54 6 62 37 27 97 103 5 32 
107 32 30 15 37 5 102 62 88 
108 6 5 82 23 88 83 
109 27 88 37 30 96 23 6 98 5 75 
110 5 32 37 23 75 27 82 88 83 
111 88 23 30 52 83 5 32 97 37 22 54 
112 83 5 22 88 103 23 
113 27 5 52 12 54 
114 54 88 83 15 23 32 96 6 37 
115 27 97 83 32 54 62 30 6 5 88 
116 97 32 83 15 23 37 12 5 6 
117 5 62 88 83 32 
118 5 83 85 89 98 
119 98 82 83 54 5 12 
120 5 52 88 62 83 15 30 
121 37 83 88 82 5 27 75 
122 5 88 15 102 32 83 54 
123 83 97 5 37 27 30 62 54 103 
124 22 83 97 85 54 5 75 
125 83 32 37 88 5 12 23 96 
126 52 5 62 37 22 83 
127 88 83 22 5 32 
128 102 6 82 88 103 5 
129 37 5 98 12 103 15 
130 88 75 5 15 62 
131 82 15 54 89 32 37 83 5 
132 37 97 5 27 82 23 83 54 
133 27 32 37 5 62 89 
134 37 82 62 54 88 52 5 12 23 
135 82 83 5 62 6 54 88 23 32 27 75 
136 5 62 54 
137 32 22 88 54 83 5 
138 96 62 5 83 75 6 22 
139 30 88 37 12 5 75 83 
140 52 23 102 82 83 97 37 6 88 
141 62 22 32 23 37 5 30 
142 97 5 6 15 83 37 62 88 
143 27 5 23 88 
144 30 103 5 6 32 27 54 
145 96 54 83 30 
146 5 54 32 37 
147 54 83 62 75 32 37 
148 37 62 75 54 5 88 52 
149 83 5 37 88 23 
150 30 37 82 5 62 27 
151 83 32 37 30 23 88 
152 62 7 22 83 32 5 27 54 88 
153 32 88 5 
154 75 88 54 83 37 23 5 82 89 
155 15 98 83 
156 97 37 5 
157 5 96 12 88 52 83 
158 54 62 37 23 5 88 22 83 30 75 82 98 
159 22 54 12 103 5 
160 37 5 83 62 
161 83 37 6 12 88 102 15 75 
162 22 83 37 5 62 88 98 
163 32 23 83 37 5 
164 5 12 37 30 6 54 88 
165 30 83 32 37 22 
166 88 97 12 23 30 54 82 83 
167 22 88 37 83 
168 37 5 54 23 83 75 88 32 
169 5 96 83 23 
170 82 54 88 
171 23 30 98 5 32 75 37 12 83 54 
172 83 22 37 7 27 
173 5 83 85 37 98 54 88 89 
174 37 96 103 27 54 
175 12 83 5 15 98 37 89 97 
176 32 83 82 30 15 5 6 
177 23 37 54 5 32 83 88 
178 103 83 22 88 37 5 
179 23 83 98 37 27 97 88 
180 5 54 27 97 83 37 15 
181 88 12 23 
182 23 37 102 96 12 5 62 32 
183 54 5 15 27 22 37 83 
184 32 54 98 5 103 85 6 27 102 
185 32 98 
186 83 98 88 54 85 52 5 37 6 7 32 96 12 
187 27 37 32 83 54 82 22 5 
188 83 88 32 37 5 23 
189 54 62 32 83 75 37 22 
190 12 75 32 22 23 37 
191 97 83 5 6 37 54 98 
192 37 62 82 88 54 83 5 15 
193 5 15 32 23 30 
194 88 98 37 97 23 
195 88 97 37 22 27 
196 5 54 88 15 30 83 
197 37 32 23 83 97 54 5 
198 32 82 54 83 12 
199 37 103 52 75 83 12 
200 15 52 5 83 
201 83 6 37 54 7 
202 5 83 54 88 37 62 
203 6 22 30 5 27 23 88 12 98 
204 23 98 37 54 
205 103 23 83 27 22 37 
206 32 62 23 6 27 88 
207 98 37 83 5 97 30 23 6 52 
208 5 88 37 83 103 22 32 15 
209 103 37 83 5 32 88 
210 54 23 37 83 
211 12 32 23 62 37 
212 37 96 12 85 97 32 83 62 
213 83 5 30 23 
214 37 62 23 83 96 
215 88 23 83 96 5 82 32 97 
216 83 37 5 54 
217 83 96 12 54 27 32 98 52 
218 54 75 23 96 103 30 5 88 27 37 
219 27 30 12 22 15 54 5 37 
220 54 97 62 37 82 15 5 88 27 32 23 
221 37 83 54 23 62 5 
222 12 23 7 15 83 5 27 37 
223 54 12 5 37 103 75 
224 75 88 23 37 30 15 6 5 97 
225 27 22 83 52 88 62 37 30 54 97 32 
226 27 23 30 54 37 102 5 83 
227 5 96 7 62 75 102 37 54 83 
228 83 32 
229 37 96 62 32 
230 83 5 
231 7 22 27 5 83 96 54 62 88 
232 12 30 103 5 15 37 62 27 83 54 
233 5 32 12 83 
234 5 83 88 98 62 32 22 30 37 
235 62 97 37 83 85 54 102 12 23 
236 83 37 5 
237 32 52 15 37 7 22 82 
238 32 54 30 23 88 7 6 98 
239 5 23 37 83 32 22 54 
240 5 83 98 62 27 54 
241 23 37 88 83 
242 83 62 88 82 37 
243 37 5 27 96 
244 37 75 96 5 62 102 83 
245 98 75 32 37 62 
246 103 5 12 83 6 37 88 
247 37 54 5 83 
248 27 5 54 83 88 52 30 
249 37 
250 62 23 52 32 
251 5 96 7 37 54 
252 12 23 32 88 15 96 54 82 
253 5 23 52 96 37 62 
254 23 83 32 5 62 75 88 
255 102 75 37 83 54 5 88 
256 15 37 30 54 
257 23 32 97 54 52 37 12 83 
258 5 97 30 12 83 
259 37 88 27 
260 5 6 32 7 83 
261 5 37 54 32 
262 23 83 27 37 98 15 
263 12 103 30 83 98 32 54 22 37 27 
264 32 15 7 82 83 5 88 22 
265 22 54 75 37 88 27 83 89 32 15 5 
266 54 103 15 37 83 88 
267 27 32 37 96 88 97 23 
268 32 62 83 82 5 
269 22 82 75 83 37 102 
270 102 23 83 15 62 54 
271 37 83 102 12 5 32 96 97 75 
272 32 5 62 103 97 102 37 83 
273 62 
274 37 88 96 98 75 5 97 
275 23 37 62 98 5 15 
276 5 54 37 62 32 12 98 83 30 22 
277 30 32 22 82 37 89 27 
278 37 5 96 102 83 
279 83 54 22 23 62 5 
280 6 22 62 15 82 54 
281 7 37 12 5 
282 5 83 37 96 88 98 
283 98 22 83 32 37 75 96 54 23 5 62 
284 83 54 97 52 37 85 6 
285 5 7 83 27 54 37 
286 23 83 37 22 98 54 32 5 
287 83 88 22 54 23 32 
288 23 83 32 54 82 27 
289 37 83 15 12 88 96 32 82 5 
290 54 32 5 85 75 88 23 12 
291 5 54 85 96 27 32 
292 83 5 37 
293 5 30 52 23 
294 88 54 12 83 32 37 15 96 23 97 
295 30 5 12 75 
296 54 83 5 23 62 32 37 30 7 
297 6 98 30 
298 62 32 37 52 88 30 83 
299 15 83 32 82 88 54 75 5 37 
300 88 102 83 5 27 32 
301 6 37 89 96 22 54 75 83 88 30 62 
302 27 83 12 32 82 88 
303 12 27 5 7 22 30 54 37 23 
304 5 32 88 83 37 97 
305 96 98 52 54 32 22 62 83 12 
306 12 37 62 6 83 5 
307 62 5 83 37 
308 22 37 54 75 32 27 5 83 
309 83 12 102 23 54 37 
310 12 5 37 85 83 75 23 
311 23 37 83 32 
312 30 37 5 6 32 
313 96 54 88 12 5 
314 5 32 62 22 88 37 83 30 
315 88 102 23 5 30 96 83 37 97 
316 12 103 83 85 30 97 37 62 
317 5 83 37 62 88 54 15 
318 22 75 83 102 82 54 5 
319 102 88 22 62 6 27 37 5 
320 83 30 88 
321 5 96 32 62 6 83 12 
322 15 97 37 12 32 5 96 
323 12 75 6 22 37 23 82 54 83 
324 23 88 5 83 32 75 
325 37 83 23 
326 97 102 15 5 37 54 
327 75 6 85 23 27 54 37 
328 23 98 32 103 37 
329 23 97 5 37 
330 30 15 54 98 32 88 85 5 
331 22 88 103 83 
332 83 88 89 5 37 12 54 75 32 82 
333 5 54 15 62 37 12 75 
334 37 32 
335 83 5 96 88 22 30 37 75 
336 30 54 89 75 83 
337 23 37 96 30 88 83 
338 5 37 83 12 82 22 54 30 23 
339 7 12 23 89 88 5 83 
340 54 32 5 37 83 
341 54 82 27 37 83 6 23 
342 5 88 23 52 83 97 6 103 
343 83 32 88 23 22 7 5 52 
344 15 75 83 37 12 
345 5 12 83 37 103 30 54 
346 27 88 83 32 
347 5 32 37 12 23 96 
348 62 23 22 103 5 96 37 83 
349 88 32 89 98 
350 23 54 5 37 
351 5 98 32 54 83 27 
352 54 23 97 88 30 5 
353 83 
354 12 37 83 103 5 30 32 
355 98 88 97 32 54 37 
356 83 5 12 22 89 15 82 23 
357 5 32 37 62 88 54 89 
358 32 54 97 23 88 37 5 
359 5 96 75 27 37 83 
360 32 27 54 12 96 
361 12 5 98 32 37 89 
362 52 5 
363 23 88 83 97 5 102 
364 52 96 22 54 88 97 83 6 5 27 103 
365 5 37 23 52 83 
366 27 98 
367 6 15 98 62 88 37 96 5 22 
368 54 75 97 30 15 5 98 37 23 
369 83 97 32 30 103 6 5 37 
370 54 83 7 23 88 75 37 5 
371 23 32 54 82 5 97 98 37 83 
372 5 54 97 32 
373 5 22 102 23 27 6 
374 37 98 5 88 6 12 7 83 
375 75 88 98 12 85 52 83 5 
376 23 96 22 83 15 75 
377 23 37 6 22 54 96 27 62 32 75 
378 75 83 88 37 5 
379 103 83 5 62 37 23 27 32 
380 15 88 5 83 96 
381 5 23 
382 5 22 52 37 
383 5 37 54 83 12 30 32 
384 32 88 52 97 23 83 37 
385 54 85 88 32 6 23 27 
386 75 37 5 22 32 23 6 
387 32 23 88 82 83 62 12 
388 83 6 37 89 
389 6 37 75 98 54 83 
390 22 30 32 37 83 
391 23 22 54 37 30 32 5 75 
392 22 27 88 97 37 102 32 98 83 
393 30 85 5 37 83 27 88 
394 5 89 
395 37 54 88 96 5 62 103 
396 75 97 32 22 62 83 
397 37 103 54 5 75 52 83 15 
398 89 54 98 30 15 82 12 5 22 27 103 
399 5 37 62 82 97 88 
400 5 23 83 37 54 62 
401 83 5 27 62 37 88 
402 103 22 32 37 82 83 88 97 96 98 
403 22 23 37 85 12 88 30 
404 5 54 97 83 12 
405 5 52 97 54 82 7 22 
406 23 52 37 5 83 27 32 
407 75 37 54 5 83 62 
408 88 23 32 97 5 52 83 
409 62 75 83 37 5 
410 62 85 23 37 32 22 54 83 
411 54 82 23 32 88 15 27 37 
412 27 12 37 83 97 5 32 
413 12 102 5 6 
414 32 27 89 37 30 5 54 85 
415 82 52 85 54 12 23 88 37 98 
416 88 5 54 96 83 75 
417 5 12 22 82 37 75 
418 32 98 62 54 22 37 23 
419 54 88 7 32 52 62 83 22 30 5 37 27 
420 54 22 23 32 30 
421 54 12 23 32 83 98 
422 83 27 5 23 88 97 
423 30 5 37 88 32 23 
424 98 97 12 27 37 5 83 75 
425 6 12 75 83 5 
426 82 97 96 83 5 
427 5 82 37 83 88 12 54 
428 30 32 98 54 5 37 83 
429 96 23 88 
430 5 83 30 89 37 98 
431 27 37 23 22 30 88 54 62 32 5 
432 37 54 88 83 23 97 27 
433 62 82 97 54 27 5 
434 37 103 83 89 5 22 52 97 27 32 88 
435 82 83 62 32 23 
436 83 37 54 27 5 
437 54 23 30 5 12 27 97 
438 23 37 
439 62 98 5 37 23 27 83 82 30 
440 30 5 7 54 102 62 
441 83 5 82 23 54 
442 15 27 54 30 23 37 83 
443 5 37 23 30 96 83 88 32 
444 37 5 12 97 75 83 
445 22 54 52 82 85 23 7 5 
446 83 15 98 5 88 32 97 30 103 
447 30 96 37 12 62 52 83 
448 83 5 6 23 15 52 37 
449 12 5 54 83 30 27 103 88 
450 37 23 32 62 83 54 12 88 
451 7 22 37 52 82 32 96 30 
452 5 54 96 37 83 102 27 
453 23 83 12 27 62 
454 97 88 83 
455 23 88 32 98 83 96 54 5 15 12 37 
456 5 83 23 96 30 82 97 37 98 
457 54 83 15 5 6 27 
458 83 5 37 75 
459 22 89 27 
460 85 5 37 83 27 32 30 12 82 
461 30 75 23 27 
462 37 54 83 85 97 5 23 
463 5 23 54 37 98 12 22 62 75 
464 12 54 37 32 5 83 52 27 
465 54 32 89 15 27 88 62 
466 5 23 15 103 12 
467 23 83 62 5 27 30 37 
468 89 82 97 7 23 37 83 30 62 
469 5 23 83 103 37 
470 32 5 62 88 30 
471 27 83 88 23 5 52 15 82 96 
472 6 37 83 23 22 30 
473 37 83 23 54 22 
474 97 89 32 83 
475 37 52 82 5 54 62 102 22 15 7 6 
476 37 96 27 6 23 88 
477 83 97 88 102 
478 5 54 62 32 85 23 52 37 88 
479 32 23 83 22 5 
480 15 97 83 85 102 62 5 
481 82 30 62 83 52 
482 88 75 54 83 97 15 96 32 5 
483 15 88 102 37 32 6 27 83 
484 37 23 32 83 5 
485 83 27 30 37 5 98 
486 83 97 
487 103 96 62 37 5 
488 5 75 23 96 97 22 
489 6 32 22 30 54 
490 98 75 83 37 12 
491 37 83 15 27 
492 5 30 82 97 7 98 83 32 37 62 
493 6 37 32 22 62 23 83 97 
494 32 54 75 89 37 98 83 
495 5 37 12 83 6 88 
496 5 32 97 83 96 54 27 22 
497 54 6 32 5 83 37 
498 32 62 54 5 
499 32 37 97 
500 5 15 6 62 37 83 
501 5 23 83 27 96 
502 83 5 82 96 37 52 88 32 
503 23 32 97 83 12 5 
504 88 83 22 27 103 23 30 5 82 62 
505 83 23 88 
506 15 23 32 83 12 54 6 97 
507 88 37 12 27 83 98 54 62 
508 37 6 27 85 75 5 12 83 
509 62 83 22 54 15 
510 22 96 30 32 12 5 85 
511 83 27 37 88 62 12 
512 6 23 32 15 37 
513 5 12 62 97 52 37 32 23 
514 37 27 83 97 54 
515 5 54 83 97 12 15 
516 22 23 32 5 30 98 27 37 
517 6 5 23 54 37 27 
518 54 83 23 22 37 32 
519 62 23 6 
520 37 83 12 
521 5 
522 5 30 96 37 54 22 
523 27 83 82 37 23 12 5 
524 32 89 83 82 23 5 
525 30 15 54 37 52 
526 83 5 54 
527 37 52 12 83 23 32 6 97 75 5 
528 6 37 96 27 54 23 
529 37 5 82 27 83 
530 15 37 32 83 5 
531 83 96 97 23 27 37 54 
532 5 103 12 54 82 37 83 88 
533 75 32 12 23 83 98 
534 102 5 103 
535 5 32 83 
536 75 96 5 54 22 
537 52 54 5 22 23 83 
538 54 96 32 83 88 
539 37 5 23 83 
540 15 30 12 103 5 37 
541 7 88 23 37 27 5 
542 88 83 32 
543 83 54 98 75 5 12 96 
544 32 83 15 23 96 
545 37 30 103 
546 6 12 23 5 15 32 83 88 
547 75 15 96 23 82 37 83 103 
548 96 37 52 22 85 5 
549 23 30 98 5 22 88 
550 23 37 54 30 83 12 22 
551 96 5 12 32 89 98 27 37 62 23 
552 12 15 52 83 5 
553 62 23 88 37 96 52 
554 32 82 37 83 75 88 
555 32 83 75 5 37 22 62 97 
556 22 30 15 97 83 27 5 54 88 
557 54 75 83 
558 23 83 88 5 32 62 75 
559 23 5 37 12 83 30 62 22 32 
560 23 62 27 30 22 97 5 83 
561 75 37 5 102 27 62 
562 37 82 54 83 98 
563 23 37 5 
564 82 5 27 83 96 
565 5 88 37 96 97 89 
566 5 97 32 88 
567 62 88 32 37 54 82 
568 12 52 5 30 88 96 75 6 37 103 98 
569 83 32 
570 82 97 12 37 75 62 54 30 
571 5 97 37 83 12 32 
572 22 30 32 23 
573 32 12 75 88 54 5 
574 75 5 54 103 23 
575 83 23 30 6 98 
576 32 83 22 37 62 23 
577 30 5 82 98 83 96 37 12 
578 96 97 37 15 5 30 75 
579 32 5 22 83 52 37 
580 5 23 27 75 88 37 82 85 6 54 
581 22 75 98 37 12 27 32 83 89 
582 23 12 27 32 83 88 54 5 37 
583 52 22 32 88 96 27 98 62 
584 6 5 98 37 97 83 96 23 62 
585 52 102 5 22 27 37 83 88 89 32 
586 54 32 88 22 96 52 
587 30 37 83 23 97 6 
588 27 83 30 22 32 
589 97 15 5 83 37 23 22 
590 27 98 83 30 32 97 37 5 
591 12 37 83 97 5 
592 82 97 37 54 75 15 12 83 98 
593 37 23 88 
594 5 23 83 97 88 103 27 6 
595 5 83 12 22 
596 5 62 37 83 27 
597 5 83 98 52 89 32 6 
598 5 23 6 22 30 83 
599 5 82 12 54 22 23 
600 12 5 62 54 37 52 
601 27 32 103 37 12 
602 5 37 23 
603 23 32 83 62 5 6 88 
604 75 15 83 
605 5 37 23 
606 30 83 52 54 
607 23 12 32 5 83 
608 83 98 96 12 37 97 
609 12 62 7 37 82 83 88 
610 52 23 82 62 37 
611 23 37 83 103 27 88 
612 5 83 97 82 23 30 54 
613 54 83 15 37 5 32 
614 54 83 6 5 88 97 
615 23 62 6 83 37 
616 54 75 27 88 83 
617 54 32 83 82 12 37 
618 75 32 30 102 
619 54 23 97 12 88 6 30 5 32 
620 88 82 27 62 85 37 
621 98 83 88 30 15 23 5 37 
622 30 37 96 
623 89 96 37 83 
624 75 54 62 37 5 23 
625 27 5 32 54 23 37 83 
626 23 83 82 88 12 
627 83 62 23 54 32 
628 98 5 54 30 83 88 97 52 
629 103 5 62 15 54 83 96 75 12 23 
630 62 32 37 89 23 83 
631 52 22 83 98 
632 27 30 82 37 5 6 98 54 
633 12 32 75 97 89 83 5 37 62 54 
634 103 12 22 83 54 37 
635 7 37 98 12 62 96 5 27 82 102 
636 82 15 32 37 12 5 102 54 75 83 
637 88 5 83 75 
638 37 75 88 23 15 22 83 
639 27 23 62 6 5 12 83 88 
640 5 83 97 54 37 32 96 103 
641 5 37 27 23 54 83 102 22 
642 32 37 27 83 22 5 62 54 88 
643 75 23 22 98 32 83 
644 83 62 23 30 37 5 
645 37 27 102 98 
646 22 15 23 97 
647 62 88 12 97 5 32 
648 23 30 96 83 5 97 
649 15 52 12 54 83 5 23 
650 22 83 88 15 82 5 37 98 89 23 
651 5 32 62 23 37 83 88 103 30 
652 83 23 12 97 5 
653 22 98 96 30 83 
654 85 96 83 98 30 62 12 
655 37 88 5 103 
656 22 37 102 54 30 
657 5 15 83 23 6 52 37 
658 23 22 32 83 75 37 
659 30 32 88 96 27 54 22 
660 54 5 
661 37 12 83 82 15 
662 27 37 82 54 6 83 22 23 
663 22 32 98 52 5 37 54 83 
664 5 88 37 23 
665 98 30 23 37 
666 5 27 83 30 54 
667 83 12 54 62 98 23 37 96 
668 83 23 37 75 5 88 
669 83 32 12 23 27 54 5 88 
670 30 83 
671 32 12 5 30 83 96 37 
672 5 83 98 37 97 52 6 23 
673 54 5 22 30 97 23 37 
674 23 75 5 97 89 
675 82 62 32 88 89 37 
676 5 62 32 37 83 
677 88 22 75 98 27 23 5 
678 15 32 88 37 
679 88 54 12 6 37 83 52 
680 5 102 22 32 12 98 97 
681 75 96 7 5 83 
682 22 88 27 23 37 54 5 
683 23 12 62 83 98 32 5 
684 32 75 98 23 
685 37 52 85 32 15 88 30 
686 5 15 75 83 23 62 
687 5 102 30 75 
688 23 102 30 83 32 12 54 5 
689 88 75 89 37 97 32 
690 102 30 37 54 15 75 27 88 
691 5 54 23 83 88 
692 27 103 37 88 
693 32 88 37 
694 54 32 22 30 83 97 37 
695 32 5 12 54 75 
696 37 30 97 83 98 54 5 32 85 12 
697 27 22 23 97 88 5 
698 5 83 89 98 
699 37 97 83 32 5 98 
700 23 83 32 88 54 
701 83 15 88 30 7 37 12 
702 5 54 23 62 83 37 
703 30 54 23 5 83 
704 83 32 54 103 12 37 62 75 88 
705 6 22 32 37 5 23 52 96 
706 6 7 5 62 75 83 
707 97 27 75 5 52 23 
708 32 102 37 52 54 15 75 
709 32 37 5 15 27 54 83 96 23 6 12 
710 5 37 82 
711 96 23 98 103 
712 32 5 27 15 12 97 22 82 103 
713 5 98 83 103 37 54 30 12 
714 5 83 30 
715 52 102 27 37 12 32 83 
716 5 23 15 96 54 
717 54 32 5 30 37 88 
718 5 22 37 85 27 15 54 
719 37 88 5 54 83 
720 27 30 54 62 32 83 
721 23 27 37 54 62 83 12 
722 15 37 5 30 89 
723 23 88 83 85 5 54 37 30 98 
724 32 37 83 98 52 5 
725 5 83 96 88 32 12 
726 83 98 37 
727 32 37 97 23 12 27 
728 75 96 27 54 83 82 
729 103 32 88 23 83 
730 54 89 85 83 30 12 5 
731 75 37 54 30 52 32 
732 32 37 96 
733 96 75 23 32 83 37 
734 23 37 5 
735 82 37 62 88 83 54 32 
736 12 37 103 97 
737 37 5 23 98 30 83 54 62 75 
738 83 37 5 6 88 62 
739 37 54 97 52 83 6 
740 12 97 82 37 5 98 23 83 102 
741 82 12 37 23 83 
742 54 85 12 82 23 37 27 15 98 88 
743 5 83 103 37 32 
744 32 88 5 
745 6 5 37 97 22 62 83 
746 32 85 103 27 37 15 
747 37 54 98 
748 37 22 
749 5 37 62 27 32 
750 54 27 98 88 
751 32 
752 5 62 88 12 27 
753 12 82 75 30 52 37 54 23 
754 83 54 
755 30 83 97 5 6 37 54 
756 85 83 30 27 15 88 5 37 
757 23 83 103 
758 15 32 88 12 102 22 
759 23 5 82 12 97 
760 7 62 5 98 
761 30 6 23 37 22 5 
762 97 52 22 37 5 62 12 27 83 32 6 23 
763 83 12 32 37 97 
764 23 62 75 15 83 27 5 32 
765 52 88 27 32 6 5 37 98 
766 5 7 23 83 37 15 75 
767 32 52 54 5 88 22 82 
768 23 83 88 5 62 103 102 54 
769 37 83 5 97 23 12 102 54 75 
770 75 82 97 37 54 30 5 
771 37 96 83 88 30 
772 5 83 62 32 82 37 52 
773 23 82 103 12 54 
774 22 103 23 54 32 37 
775 5 83 37 
776 83 23 5 37 54 32 
777 96 12 27 32 98 54 83 37 52 62 88 
778 32 37 54 83 98 5 
779 32 54 5 15 37 98 83 
780 12 32 5 62 22 6 83 
781 103 98 82 
782 89 30 27 37 97 52 
783 52 37 88 97 23 
784 83 54 23 22 32 
785 97 37 83 54 82 
786 23 12 82 83 97 88 5 37 
787 88 98 103 27 37 5 23 54 
788 82 23 97 22 83 37 
789 83 5 22 
790 12 5 27 32 
791 52 23 32 54 22 
792 62 83 96 
793 75 82 88 96 97 23 32 37 
794 12 
795 5 62 30 37 75 
796 30 32 37 83 27 88 5 
797 5 27 102 23 30 83 82 88 
798 82 37 6 32 52 
799 27 37 62 23 88 
800 83 37 32 98 82 15 22 27 
801 37 62 23 5 97 
802 27 88 62 37 52 75 96 83 5 
803 85 102 83 23 30 
804 32 83 37 
805 5 88 37 22 
806 6 54 5 30 
807 6 62 83 12 23 98 102 54 
808 98 82 12 83 62 15 
809 83 54 103 37 5 88 75 98 
810 22 5 32 83 37 88 
811 54 102 27 32 37 22 96 
812 32 54 62 83 12 27 37 5 
813 15 6 30 37 23 83 98 32 5 88 97 22 
814 75 5 97 83 22 32 27 37 
815 62 75 22 5 83 
816 62 103 12 23 96 27 5 32 
817 6 23 98 7 12 5 32 62 85 88 
818 15 37 54 83 
819 62 103 54 5 23 82 30 37 12 32 
820 5 54 62 103 
821 97 27 54 5 32 37 23 75 88 
822 75 85 83 30 62 98 27 5 37 
823 23 52 27 98 37 97 88 
824 83 75 103 30 37 62 96 32 
825 23 52 82 37 88 
826 82 98 62 15 22 27 97 54 
827 37 5 23 12 83 
828 5 23 62 37 83 82 
829 6 98 83 5 22 75 88 37 52 
830 12 5 22 103 27 98 52 37 
831 83 5 97 
832 22 5 75 83 54 37 
833 27 89 83 5 23 75 
834 83 96 
835 5 32 102 
836 37 52 97 27 88 12 22 62 83 23 
837 12 52 83 22 54 5 37 62 
838 37 12 88 96 27 7 82 6 
839 98 54 32 83 102 97 30 37 12 
840 82 27 97 22 15 5 
841 96 5 6 12 23 62 22 37 
842 22 37 97 83 5 
843 97 96 30 88 62 54 5 37 
844 89 23 83 32 82 37 27 54 62 
845 83 75 23 
846 83 37 52 
847 37 54 5 32 15 
848 37 88 89 32 52 97 27 83 96 82 23 
849 97 37 15 12 88 75 
850 75 97 6 83 32 27 23 85 
851 88 30 27 5 37 83 
852 27 102 88 32 85 37 98 75 5 83 
853 97 23 7 22 83 52 96 
854 5 23 27 32 37 75 83 22 
855 15 83 75 82 52 27 103 
856 97 5 83 98 27 54 32 6 37 
857 23 27 82 5 83 62 32 15 
858 22 82 83 88 5 
859 5 22 83 23 
860 23 54 5 32 52 102 37 97 
861 88 83 54 12 
862 12 23 75 54 
863 5 82 52 12 
864 5 103 83 12 88 54 
865 5 54 37 98 
866 5 22 27 89 83 
867 5 23 15 102 30 37 7 6 97 
868 32 22 52 
869 5 37 32 
870 83 23 82 7 22 32 
871 97 88 83 5 27 37 30 
872 88 5 37 32 82 83 
873 23 82 96 5 15 22 27 37 
874 37 83 62 5 52 98 12 54 
875 37 83 
876 97 37 103 83 
877 23 88 97 
878 54 15 5 75 97 
879 37 88 96 103 30 23 32 12 
880 75 83 85 54 88 23 5 
881 5 88 37 12 83 
882 32 98 37 27 12 
883 5 62 22 83 
884 54 83 96 85 88 23 27 37 
885 83 6 37 54 62 88 23 
886 15 22 37 23 83 5 54 6 
887 15 83 96 23 30 
888 54 15 
889 83 75 54 37 22 12 
890 5 23 37 27 6 22 
891 22 15 27 37 12 6 75 5 
892 5 88 23 37 27 
893 52 22 83 15 54 5 
894 22 12 15 83 96 103 6 5 30 52 32 
895 83 23 97 5 
896 75 83 37 54 22 5 
897 88 37 54 102 5 97 
898 12 88 5 37 27 
899 23 27 32 97 22 83 62 12 88 5 37 
900 27 37 83 22 62 96 30 89 
901 83 62 30 7 
902 5 75 96 27 98 
903 30 97 37 15 27 5 32 
904 5 32 27 37 30 
905 15 12 102 83 
906 54 12 37 15 83 27 88 23 
907 23 6 98 88 37 83 
908 5 98 37 23 62 
909 62 83 37 52 75 
910 5 37 83 82 6 62 32 98 12 
911 5 12 37 88 89 
912 62 102 37 82 30 27 5 
913 62 83 30 82 32 5 37 102 
914 12 27 5 30 32 22 98 
915 7 83 5 27 12 37 
916 83 32 5 37 
917 83 82 5 62 37 54 30 
918 82 5 54 88 83 75 37 
919 22 30 27 83 5 54 
920 32 83 97 37 
921 23 37 7 5 15 83 27 54 
922 5 83 30 96 37 23 15 98 
923 88 22 37 5 54 83 
924 88 5 62 
925 83 30 37 22 5 
926 85 98 83 96 12 30 15 37 62 
927 98 97 23 37 30 
928 37 54 22 
929 32 83 7 89 27 37 
930 27 23 7 37 22 5 
931 15 37 52 30 89 5 98 23 27 54 
932 96 37 52 62 5 83 32 
933 32 37 103 22 83 62 54 
934 5 23 37 103 32 
935 5 32 83 88 37 7 30 
936 83 62 88 7 37 
937 82 5 62 97 98 22 37 
938 30 37 32 96 62 
939 22 5 83 97 75 
940 5 12 37 102 62 98 83 
941 27 37 85 12 23 62 7 
942 54 7 96 37 88 82 
943 83 97 103 23 5 85 27 6 37 88 
944 22 37 83 75 88 5 15 23 
945 15 88 103 62 
946 30 82 12 97 88 103 5 96 37 
947 32 83 102 22 37 54 5 
948 32 37 83 30 54 27 
949 6 96 5 97 27 32 
950 37 54 96 83 
951 83 96 22 23 
952 89 12 75 83 
953 54 15 96 37 97 98 
954 15 23 5 27 37 83 
955 5 88 97 54 
956 22 23 54 96 88 32 52 75 83 
957 5 23 30 22 83 89 32 82 52 
958 23 96 83 88 97 
959 15 22 83 5 32 96 
960 37 96 
961 52 37 27 88 15 102 54 83 5 
962 5 23 102 
963 97 27 30 15 5 37 
964 83 30 37 103 52 62 96 
965 37 88 32 27 5 75 23 82 102 
966 30 37 52 27 88 54 75 5 82 
967 85 102 12 23 88 5 54 37 
968 23 37 62 27 22 83 5 
969 52 30 83 5 37 
970 37 98 5 32 83 
971 6 37 22 83 23 5 97 
972 82 97 23 7 32 37 83 54 
973 88 102 5 98 32 83 27 7 
974 62 82 37 5 
975 5 22 54 75 83 98 27 
976 85 23 52 83 
977 5 23 27 82 62 83 
978 5 30 32 62 83 54 
979 37 54 30 97 5 83 75 82 98 
980 32 75 37 83 23 62 102 97 
981 6 37 23 97 62 
982 30 96 97 89 23 5 
983 12 88 37 
984 54 27 62 30 37 83 5 96 
985 37 52 27 6 22 
986 83 5 6 23 27 
987 5 83 103 62 37 
988 52 62 83 54 5 22 97 27 37 
989 6 83 23 5 37 82 30 103 89 
990 88 5 22 97 89 
991 98 5 82 96 12 
992 23 27 32 83 37 82 
993 27 83 88 54 12 96 22 75 5 30 
994 88 37 89 
995 82 88 5 27 32 37 
996 37 62 83 27 30 98 
997 75 5 15 
998 88 102 22 27 83 12 15 
999 62 23 12 98 27 82 83 
