0 38 43 9 45 6 18 21 47 46 10 14 22 3 44 37 50 13 32 29 31 5 8 34 26 0 30 12 25 40 19 48 11 42 41 39 28 33 
1 38 13 47 34 11 39 25 6 44 43 18 12 5 45 32 28 14 33 21 0 41 10 22 50 31 
2 43 1 28 17 2 12 16 27 49 34 45 21 25 36 0 22 33 47 13 10 6 15 44 
3 1 4 37 12 43 45 6 9 3 22 23 26 7 0 33 49 16 25 29 36 17 30 2 10 15 44 47 40 
4 38 43 49 2 14 5 39 30 15 27 17 47 6 44 41 35 16 26 33 9 29 0 22 50 40 31 11 12 36 3 
5 43 5 19 7 14 33 50 41 17 0 13 49 32 40 12 31 39 34 44 1 11 6 28 36 30 47 9 26 
6 43 3 23 33 13 41 30 48 24 47 11 16 14 37 39 25 7 0 29 50 26 40 2 10 20 6 18 36 44 49 17 34 5 9 15 27 
7 43 17 31 9 20 6 24 1 7 5 33 30 48 22 40 18 42 8 25 27 19 14 34 10 13 36 28 11 
8 43 1 39 10 18 5 50 19 13 17 22 32 34 41 23 14 20 4 33 49 9 6 35 26 2 45 30 3 7 8 40 
9 14 31 7 6 30 2 11 22 40 34 17 0 47 48 35 25 36 44 18 37 16 9 13 33 
10 38 42 27 19 37 44 2 46 17 18 24 40 8 14 6 13 9 10 30 34 33 28 4 15 47 29 35 0 5 7 41 23 31 22 3 
11 7 49 17 43 16 19 20 45 21 24 40 12 33 18 48 31 25 37 8 9 41 22 27 47 11 42 1 34 0 32 14 
12 26 39 1 9 20 17 5 13 48 31 3 41 23 8 19 28 34 10 22 50 37 30 16 44 7 0 47 40 14 45 42 33 35 18 
13 31 29 4 17 34 43 6 22 36 18 24 23 47 19 33 25 32 14 37 40 2 
14 42 22 40 11 49 16 21 32 3 14 45 24 48 34 33 10 25 18 7 23 13 15 47 28 12 41 30 19 
15 9 13 44 34 11 50 6 10 30 24 23 26 0 18 14 35 49 37 29 41 21 47 20 43 31 4 19 17 2 16 45 46 7 
16 24 18 43 21 40 13 1 22 35 23 8 30 12 4 5 45 15 47 16 19 48 14 25 
17 44 32 28 15 47 39 35 7 34 26 19 41 14 25 13 29 23 5 27 37 30 1 43 4 3 42 10 6 48 12 33 
18 38 36 31 45 44 3 27 50 19 49 21 47 40 37 23 25 6 39 8 14 17 28 30 26 0 18 42 7 4 
19 38 43 41 25 28 29 46 19 13 4 18 42 36 35 7 11 3 40 1 6 24 47 45 0 9 49 
20 38 43 3 6 17 30 50 34 39 49 22 44 14 32 48 40 2 8 11 15 37 20 36 47 41 10 1 26 13 25 
21 38 18 8 33 25 39 19 16 15 23 26 45 44 6 0 17 10 47 28 40 46 32 12 1 29 31 11 
22 27 21 23 48 35 22 25 10 30 29 14 34 40 4 18 0 1 42 47 16 7 20 19 45 32 2 37 
23 19 25 26 11 7 6 12 4 37 34 39 13 49 0 16 48 2 43 45 3 17 23 40 14 50 21 24 35 18 47 28 
24 38 40 14 11 37 30 43 36 4 15 25 27 21 24 34 41 44 32 9 2 13 45 47 17 3 18 50 28 39 6 1 
25 38 19 36 49 34 27 43 24 39 7 8 25 3 37 23 9 15 46 28 11 48 26 32 14 1 47 22 10 4 
26 17 3 45 6 18 24 5 10 30 41 49 9 25 20 37 50 1 21 12 33 35 27 44 4 40 15 39 31 16 14 19 
27 20 45 25 27 40 26 32 39 4 29 34 6 41 21 46 14 33 18 44 22 47 49 15 8 3 48 1 19 11 
28 38 43 26 15 2 33 45 10 22 32 17 37 48 25 11 18 46 36 23 39 20 35 31 0 1 21 28 
29 38 50 13 23 40 2 24 43 45 14 35 3 17 30 28 12 33 10 4 7 11 37 16 34 15 5 27 39 19 25 
30 26 50 0 34 7 45 10 21 46 13 42 48 35 29 37 31 23 12 11 14 27 43 44 30 16 49 32 6 36 25 3 19 
31 11 3 46 4 8 43 36 45 41 28 20 13 37 1 42 21 10 19 16 44 29 39 40 33 32 47 6 
32 38 28 7 0 22 23 1 12 10 8 35 50 2 34 42 16 27 49 37 32 41 39 36 30 18 4 33 48 
33 2 19 41 21 1 44 33 35 17 15 42 12 6 39 3 45 18 20 26 25 11 28 31 30 16 50 9 40 14 23 49 
34 38 36 4 18 37 23 10 32 15 14 11 21 29 49 47 40 31 24 3 33 22 17 5 2 34 45 50 41 9 
35 42 39 5 49 2 13 27 36 46 21 45 10 17 16 3 9 50 4 34 20 15 11 43 0 44 48 7 25 18 33 32 
36 15 31 35 13 44 12 25 11 21 46 40 20 1 7 4 17 50 16 27 3 32 26 39 48 37 22 5 
37 7 41 10 44 39 4 26 14 34 13 45 22 48 11 15 9 29 19 47 37 12 33 42 49 8 3 2 46 35 32 43 27 
38 43 37 40 41 35 30 13 45 10 33 27 26 14 12 24 8 2 50 1 31 11 44 19 49 6 15 28 
39 38 43 41 32 47 48 37 30 19 29 15 14 49 12 40 3 8 10 16 23 26 21 2 31 20 44 4 36 50 11 13 6 39 
40 1 13 45 16 8 39 40 10 9 35 32 47 12 37 34 23 48 20 43 21 24 28 11 50 18 31 
41 38 3 36 0 46 50 16 13 7 28 23 47 25 4 5 41 18 21 39 26 37 20 40 1 27 24 31 48 34 33 
42 38 34 50 49 21 11 36 45 17 7 35 6 42 8 9 44 20 10 18 19 30 22 23 32 1 46 
43 43 46 20 41 49 33 18 8 17 40 31 13 23 14 10 0 22 3 7 45 11 30 42 34 1 47 2 27 
44 38 27 50 41 44 16 47 11 36 49 28 40 31 48 42 25 9 20 35 4 29 3 24 17 
45 38 20 18 16 22 32 40 11 5 31 19 49 15 23 25 41 30 42 43 44 35 37 39 12 21 28 45 50 
46 38 43 26 45 15 4 14 50 36 28 24 27 13 23 47 35 3 21 44 40 20 22 42 37 39 0 48 7 17 11 
47 17 39 2 31 16 44 30 15 48 4 13 7 33 19 45 42 8 43 24 32 46 40 3 26 12 47 35 11 50 1 21 36 25 
48 43 50 4 30 15 34 32 12 7 45 10 18 31 9 2 14 42 5 46 48 37 39 35 29 49 13 21 
49 29 24 1 46 50 39 22 44 13 4 15 3 2 25 10 30 8 20 47 11 18 7 9 43 40 28 14 37 31 48 16 0 
50 38 39 0 30 19 2 11 46 1 37 24 42 10 20 13 22 50 6 9 27 36 26 44 5 3 32 12 33 35 47 18 25 
51 28 43 1 47 33 11 4 37 42 6 0 39 41 50 13 35 18 16 40 24 5 15 46 
52 38 45 49 18 44 2 41 12 50 3 1 9 48 34 25 5 15 47 27 11 37 26 20 17 32 36 4 
53 43 17 18 28 4 1 31 11 35 32 42 44 27 26 5 36 16 8 6 40 14 49 48 2 13 20 39 45 10 25 15 
54 41 12 25 32 22 34 6 21 7 26 48 46 43 11 17 30 19 2 42 18 29 23 27 1 36 8 
55 42 22 26 8 10 30 16 37 29 2 33 1 7 17 34 46 21 23 12 3 43 36 5 49 9 0 11 
56 38 3 10 18 47 31 20 37 43 17 1 15 16 8 14 41 23 36 9 21 42 49 12 19 34 25 40 30 22 45 35 50 32 
57 38 49 21 11 7 24 46 13 42 6 0 44 40 45 5 50 25 26 4 39 32 47 33 22 28 
58 43 3 29 0 18 2 37 50 4 44 8 36 20 7 6 26 22 11 39 1 40 12 35 31 14 45 
59 38 41 45 18 46 28 42 32 44 23 13 4 43 37 21 40 31 3 22 6 9 1 30 16 35 47 0 11 24 17 2 
60 50 30 11 1 0 16 4 43 8 39 20 45 41 17 29 49 37 23 27 48 42 44 47 31 25 34 3 12 
61 38 5 17 45 22 48 8 30 34 1 42 15 9 13 47 29 18 37 41 49 50 11 39 16 
62 38 3 50 21 24 25 13 7 26 15 1 5 19 36 37 43 42 6 48 31 4 14 11 0 39 35 23 44 16 47 9 46 20 
63 46 50 20 15 2 39 30 21 23 40 35 44 9 12 49 42 14 13 8 10 7 11 27 18 33 17 37 32 26 31 
64 38 43 15 46 39 13 25 35 20 28 19 7 30 8 44 37 27 21 32 5 23 41 2 42 3 50 34 29 14 16 18 48 
65 38 47 35 50 49 40 1 36 10 44 23 8 12 17 14 11 45 0 21 43 26 15 5 20 37 28 2 13 34 27 18 30 4 39 25 
66 38 43 0 48 2 14 4 10 12 42 36 13 45 37 1 7 20 26 18 16 33 44 30 24 28 17 19 25 
67 16 48 28 39 41 24 34 33 10 42 4 1 6 37 0 22 29 13 43 31 47 7 17 32 25 11 35 9 
68 50 6 0 22 24 19 41 37 31 14 33 11 1 5 21 48 20 13 16 15 46 17 3 8 2 25 4 23 47 7 
69 38 46 27 40 43 45 49 8 2 9 34 41 32 18 15 24 35 31 11 47 26 17 0 42 19 20 4 37 28 1 
70 38 15 23 48 46 3 36 13 22 21 40 20 30 1 42 2 12 34 17 37 35 29 9 7 8 45 11 44 32 50 4 
71 6 18 32 40 39 10 30 11 44 24 22 1 45 43 3 14 25 0 16 20 34 7 35 4 46 27 47 41 42 8 
72 38 45 41 17 30 23 47 19 42 0 8 34 33 5 18 9 46 14 20 22 29 36 6 40 43 27 21 44 24 49 13 39 11 1 50 2 37 7 32 
73 38 37 15 21 24 12 25 44 34 5 48 8 6 50 22 4 33 1 42 45 43 28 11 47 39 32 36 23 31 18 
74 38 43 1 21 2 27 36 4 41 0 9 10 44 23 48 16 22 34 35 37 45 33 8 3 26 47 29 11 49 17 
75 29 30 34 4 10 0 32 13 49 18 8 1 43 3 37 50 2 17 26 15 28 7 16 41 5 14 22 44 24 33 36 42 
76 37 13 16 24 45 36 25 50 29 20 4 9 30 47 7 10 40 34 33 46 43 15 21 48 11 0 27 39 26 17 22 2 31 
77 38 43 41 27 8 28 44 42 6 16 15 9 12 22 50 11 0 13 19 39 40 35 5 23 18 33 37 49 3 
78 49 31 40 13 42 16 32 0 44 12 6 43 2 36 18 27 9 26 24 14 3 41 23 25 50 
79 41 2 50 39 11 13 7 40 6 23 1 8 34 31 45 0 30 9 12 46 18 37 44 35 29 16 43 42 32 3 
80 43 27 4 2 37 47 26 10 22 31 36 28 42 35 41 46 16 11 44 17 40 8 50 5 13 15 20 18 25 0 39 6 7 23 
81 13 30 16 5 37 1 22 2 44 34 39 47 17 0 8 23 26 14 33 11 28 21 50 7 25 10 15 46 
82 38 8 37 40 43 27 13 49 47 12 50 17 6 23 7 15 32 14 21 29 39 34 3 25 20 1 
83 38 17 18 44 32 48 5 36 24 1 45 30 23 13 6 11 9 2 25 0 16 41 49 29 47 14 28 
84 43 44 30 29 35 13 45 0 24 23 50 46 27 41 6 39 3 31 33 12 42 21 40 14 2 17 7 4 15 20 26 19 47 10 11 
85 38 29 41 18 33 28 7 10 42 5 39 6 49 25 11 48 34 46 22 20 45 44 14 0 37 15 30 1 43 35 31 4 13 16 
86 38 27 22 21 24 1 33 4 12 13 23 32 39 5 44 6 49 8 35 50 40 43 11 42 48 37 34 
87 38 22 15 2 27 23 6 18 37 25 10 43 26 48 19 14 31 24 29 20 11 30 16 36 8 7 41 35 4 9 40 44 
88 38 20 4 45 14 11 27 50 30 16 34 6 37 8 7 22 47 41 49 17 35 25 28 13 15 42 26 23 32 2 5 1 33 12 43 10 
89 38 43 3 45 17 44 48 41 6 16 33 1 30 36 0 10 42 18 13 50 23 32 21 7 5 46 35 37 31 4 22 12 
90 38 21 23 10 49 18 22 44 24 20 28 43 46 31 27 0 39 13 30 32 40 34 33 42 9 14 2 36 29 37 12 1 50 
91 43 41 18 44 31 36 4 15 47 19 50 9 49 16 28 26 25 29 20 8 14 30 24 32 2 11 17 13 39 45 42 1 21 
92 38 7 49 12 4 2 28 19 17 31 18 32 39 25 1 0 22 15 45 24 23 36 41 40 34 33 11 47 10 20 35 9 50 
93 38 48 3 19 9 30 47 34 46 32 18 22 15 40 11 17 43 8 12 20 35 42 6 13 1 28 16 50 29 0 25 
94 38 45 24 47 27 4 26 42 34 37 2 14 46 6 5 7 23 31 15 12 33 21 1 35 10 13 20 41 0 29 22 8 30 
95 38 13 37 50 36 47 11 46 8 2 23 26 42 48 22 12 44 21 14 17 20 19 39 33 6 9 28 40 27 31 7 30 
96 43 49 16 40 39 45 18 46 23 2 37 44 4 31 3 22 24 36 15 1 42 26 50 34 33 21 30 13 11 
97 38 39 13 44 25 11 22 21 46 5 20 24 48 42 0 33 3 8 27 37 15 10 23 40 7 17 32 31 
98 38 5 25 27 19 32 26 10 8 12 3 24 31 45 41 44 0 4 13 14 18 21 7 46 34 22 23 40 2 48 17 29 1 43 
99 40 2 20 14 39 4 42 23 13 18 43 37 35 8 11 7 0 50 6 46 21 34 15 10 5 25 49 
100 38 43 16 8 37 23 35 13 30 12 19 15 29 46 6 10 9 39 21 44 24 31 50 25 11 48 36 45 14 22 28 41 0 33 32 
101 38 16 25 42 28 37 5 36 6 30 22 20 41 1 29 15 24 10 17 0 11 39 19 40 2 33 9 23 13 
102 38 42 6 8 14 31 49 18 30 2 39 27 50 1 33 0 10 46 13 43 26 12 4 16 23 47 41 37 40 24 36 29 34 19 
103 38 13 49 26 37 22 29 43 41 11 42 44 8 33 32 36 6 23 39 45 7 47 4 14 21 19 10 3 
104 46 50 18 16 47 40 35 7 39 17 21 23 36 13 1 37 26 2 22 9 32 34 0 24 28 3 25 10 19 12 41 44 43 
105 38 46 24 4 35 43 41 23 31 25 45 22 44 27 32 5 50 11 8 2 26 47 14 34 49 20 18 6 37 16 29 39 13 
106 5 36 14 39 23 27 0 40 34 12 43 44 33 13 17 48 6 30 22 19 25 4 16 32 35 47 50 31 49 11 28 29 
107 26 28 0 1 3 16 30 32 11 39 36 43 6 40 50 41 44 35 48 2 15 23 27 20 7 29 31 
108 43 14 11 36 0 18 30 3 31 27 49 6 22 21 32 8 2 35 13 50 12 19 5 15 23 10 
109 9 6 21 47 16 14 26 25 5 10 17 48 15 42 19 22 13 11 0 27 1 4 7 8 18 
110 38 3 35 34 21 24 49 0 37 8 10 1 22 28 12 11 29 13 50 14 33 7 4 44 9 47 42 39 20 46 30 6 
111 27 50 11 20 17 32 21 25 44 23 34 37 3 45 14 35 22 4 9 40 13 1 33 43 10 28 2 18 29 
112 4 41 25 16 48 1 20 26 42 17 31 12 28 2 9 22 23 14 24 39 10 35 13 15 37 30 33 44 8 
113 38 37 40 34 25 27 10 35 28 15 41 49 5 20 13 45 46 3 14 36 50 1 31 39 6 30 7 9 
114 38 3 7 0 22 48 27 46 1 24 49 29 9 2 41 6 10 4 43 45 35 28 13 40 31 30 50 23 32 37 20 11 
115 26 1 4 50 20 7 49 14 12 13 42 40 25 3 18 24 33 11 6 10 37 16 46 29 34 44 48 2 21 43 31 32 30 0 22 35 15 
116 38 42 5 10 49 33 1 18 37 2 14 29 41 35 44 39 13 6 17 27 48 15 31 11 22 24 43 19 
117 38 4 49 46 16 2 33 37 13 27 3 45 18 32 50 22 44 23 36 7 34 41 35 39 26 17 31 47 30 
118 38 1 18 40 12 7 45 36 37 8 2 31 11 44 10 0 16 48 26 43 33 13 41 27 50 19 32 22 39 21 29 42 23 25 
119 29 27 30 0 11 39 37 24 23 47 34 13 15 25 10 28 21 31 33 9 35 1 18 32 2 14 20 8 42 7 6 
120 38 5 37 47 10 21 24 27 39 4 45 32 1 40 33 30 22 48 20 31 2 19 14 25 35 41 29 0 13 46 8 
121 38 43 22 23 48 26 40 39 41 49 3 45 11 24 32 47 33 5 6 35 17 30 21 44 13 27 34 0 19 12 9 36 37 
122 11 26 37 14 34 28 9 42 22 40 8 31 47 4 18 46 29 33 10 36 5 6 3 30 17 50 
123 38 42 5 36 13 23 40 12 33 41 22 11 10 31 50 19 2 30 24 48 0 35 45 27 16 
124 42 16 40 27 1 2 33 11 36 22 24 19 31 49 5 13 10 21 39 15 17 23 47 0 48 4 14 20 
125 20 2 45 10 42 50 17 44 48 36 49 23 19 18 16 39 7 8 43 11 13 12 27 33 1 6 24 40 14 28 9 
126 38 1 49 0 44 27 36 6 15 13 43 35 10 24 19 17 5 30 40 2 25 11 18 16 34 42 29 20 32 14 37 12 47 21 50 39 
127 38 24 26 42 7 0 21 32 25 6 37 20 5 31 39 2 45 41 27 16 14 22 13 36 1 28 43 50 23 10 19 
128 38 26 29 0 34 5 8 31 6 43 12 25 39 7 3 15 24 40 42 11 10 32 28 16 48 20 13 44 23 35 30 
129 38 9 29 8 12 5 39 20 0 14 7 23 13 22 43 18 44 15 37 30 47 36 6 2 28 27 48 40 34 25 
130 38 43 4 45 17 39 50 25 1 30 12 5 9 18 24 41 6 35 37 19 23 34 32 28 2 29 11 46 47 44 26 33 
131 9 13 6 29 4 7 39 26 22 8 2 11 45 17 33 46 42 12 0 18 30 15 36 3 37 21 44 23 27 31 24 
132 38 43 19 22 12 39 13 45 18 47 33 3 48 14 29 15 44 27 11 41 46 2 26 49 28 40 34 42 37 20 7 32 10 
133 38 43 42 28 23 34 21 8 29 31 15 26 47 10 33 41 2 3 32 4 18 24 1 7 11 37 16 25 50 40 27 39 
134 38 3 29 6 26 22 50 21 40 2 11 4 20 16 35 23 0 46 1 49 24 13 15 44 25 41 8 12 
135 38 42 18 50 36 13 41 49 30 45 9 48 8 28 46 15 47 33 25 17 16 22 23 43 37 21 44 0 19 14 6 26 
136 39 17 6 8 31 28 5 11 9 49 15 26 1 12 22 32 47 40 34 33 37 46 44 14 25 18 4 43 13 21 48 10 30 29 
137 38 26 50 36 13 44 47 6 24 9 37 42 7 46 11 0 16 22 30 27 29 34 17 31 3 4 15 19 40 1 
138 38 2 41 21 43 25 17 44 47 42 36 13 3 29 33 45 37 35 12 4 39 46 8 1 40 5 49 18 20 0 
139 38 43 42 37 30 24 40 44 35 22 48 14 4 7 12 11 46 41 0 13 49 33 21 29 18 36 26 16 34 
140 38 9 39 1 46 2 12 36 28 5 10 26 8 44 4 3 35 33 22 24 43 31 49 16 45 15 50 40 37 
141 38 13 6 10 49 14 19 37 30 46 26 0 43 17 21 42 28 24 2 11 23 32 25 29 22 33 5 1 40 44 47 31 12 36 16 
142 38 35 13 45 10 30 24 11 7 12 25 49 44 48 2 31 15 39 6 29 28 8 1 36 3 32 14 22 27 5 
143 3 27 47 2 20 0 25 28 23 32 9 50 37 30 21 14 33 5 19 22 46 34 12 15 18 49 13 24 29 41 44 1 10 
144 26 42 29 19 32 35 27 11 3 28 2 36 16 23 20 13 50 30 5 8 12 39 7 14 15 21 
145 17 48 8 0 19 13 25 18 22 2 36 32 29 20 4 27 43 39 15 35 16 42 7 26 10 31 
146 38 19 48 2 35 4 14 39 10 32 29 49 0 30 9 21 27 20 3 50 34 25 37 46 6 
147 19 45 17 30 44 39 42 12 36 11 16 3 49 32 33 13 1 18 50 24 8 46 2 22 48 40 34 23 4 29 35 0 10 
148 38 10 31 26 49 15 32 36 28 43 37 8 3 19 45 4 20 39 2 13 33 35 17 30 21 0 41 14 11 6 
149 38 37 35 17 29 20 40 2 6 3 23 34 15 48 46 30 16 9 18 24 7 10 22 21 42 27 19 36 
150 43 46 7 6 39 33 2 14 30 8 50 45 0 24 12 37 41 15 21 17 40 22 10 3 13 9 
151 38 37 16 23 20 45 24 47 11 10 3 15 40 34 6 48 22 33 18 42 35 41 8 1 27 7 
152 5 20 10 0 28 35 42 17 24 4 2 16 23 31 7 1 27 40 36 25 37 50 13 21 47 41 45 34 
153 38 50 7 10 15 25 5 26 18 40 29 33 37 23 45 22 2 3 32 12 11 30 9 24 17 41 31 1 34 49 46 
154 2 11 39 17 18 20 25 31 24 47 8 5 7 49 46 37 44 32 43 6 50 27 1 45 41 19 48 
155 38 43 3 27 37 48 2 30 40 13 4 10 18 11 12 0 42 14 19 25 33 41 31 7 5 35 20 28 45 46 
156 38 1 45 2 31 33 25 11 39 0 10 46 4 32 47 42 49 27 26 6 13 35 43 5 19 44 20 36 
157 38 49 24 2 31 4 9 13 42 48 1 0 40 45 43 21 8 17 36 41 35 46 50 27 47 22 32 34 18 
158 16 47 48 35 49 0 12 11 17 2 50 45 10 34 31 19 42 14 46 23 32 8 3 21 7 27 1 44 20 40 33 
159 38 6 2 19 50 43 21 32 27 16 15 28 41 9 8 45 1 11 39 48 14 5 22 10 42 0 44 31 36 40 3 17 34 37 
160 50 32 28 9 19 13 7 26 36 30 44 12 1 47 29 20 35 41 21 27 48 31 22 10 8 46 39 43 49 
161 9 45 0 31 21 11 27 39 13 37 14 28 36 20 24 40 35 17 26 42 48 33 50 30 44 29 41 1 25 
162 38 29 5 49 28 21 24 47 48 8 39 13 7 0 37 30 23 27 6 43 3 12 46 36 16 50 33 42 1 17 10 18 11 
163 38 15 32 17 30 36 44 47 24 28 48 7 39 26 2 3 11 21 6 18 31 19 10 
164 43 27 22 32 7 24 2 13 37 42 39 20 46 33 11 36 16 29 12 30 45 23 35 41 25 15 14 19 48 0 
165 38 41 47 26 29 7 40 30 32 8 14 12 4 20 25 43 37 1 16 9 5 45 21 44 23 31 19 42 39 49 2 46 27 34 
166 4 45 12 20 47 29 32 19 36 33 43 27 13 7 49 30 48 1 5 40 34 22 44 11 16 18 35 0 2 14 39 
167 38 43 18 8 11 13 49 24 32 47 40 41 12 33 42 37 23 50 10 0 20 15 6 9 46 29 35 14 36 
168 26 8 9 6 47 14 31 5 19 27 4 42 13 32 36 44 24 23 20 18 25 21 49 3 29 40 35 
169 38 20 47 40 11 13 45 44 26 5 39 30 48 36 6 18 37 22 23 35 27 17 24 10 42 15 41 19 31 43 0 1 25 16 14 
170 38 5 22 34 12 25 39 13 0 7 44 1 3 23 26 6 18 21 24 28 27 4 42 30 43 40 31 20 8 
171 20 4 43 7 5 50 41 36 3 33 39 35 32 15 40 12 16 26 18 22 42 9 17 24 8 2 25 
172 38 3 30 34 9 13 21 23 46 31 33 10 44 27 19 49 5 28 29 36 24 42 26 7 6 35 18 
173 38 29 17 11 35 20 24 13 0 15 3 19 28 41 27 32 18 30 22 44 48 2 37 40 33 14 50 5 8 31 36 49 47 6 1 
174 38 3 26 18 34 27 49 28 9 16 44 50 41 48 13 29 7 19 30 15 47 42 12 20 11 24 
175 42 6 36 34 50 25 46 10 16 39 22 12 45 17 8 31 33 1 35 29 37 41 49 0 48 40 18 30 7 5 
176 13 37 22 34 19 45 47 11 43 26 41 18 3 2 8 31 33 30 32 40 39 46 17 
177 38 26 1 50 37 11 19 41 30 33 46 17 45 23 2 8 42 16 47 5 44 28 29 31 9 48 20 36 34 3 
178 38 29 41 16 44 12 36 18 37 3 4 21 46 9 2 31 33 5 47 0 8 30 7 23 1 6 17 48 49 27 10 25 
179 38 27 31 18 47 1 39 23 9 42 6 22 36 14 32 29 46 7 17 0 44 10 48 40 8 33 25 24 13 
180 38 3 19 45 17 12 6 37 30 15 2 50 0 49 22 26 36 43 44 8 46 34 40 5 25 9 23 33 
181 46 7 30 33 25 50 1 44 45 37 15 11 29 21 42 10 36 34 3 27 16 22 24 49 2 14 12 35 9 
182 49 0 16 11 48 29 46 13 14 28 30 19 6 22 33 35 44 25 10 18 3 39 21 47 42 43 36 4 26 15 37 17 12 7 
183 38 6 17 21 41 24 39 43 8 2 18 44 42 46 34 11 13 7 45 49 5 23 25 1 27 31 3 20 28 22 15 48 9 30 33 50 40 26 
184 38 43 20 18 47 13 2 34 25 45 40 4 31 37 36 50 49 26 21 29 14 42 39 35 30 27 
185 38 9 0 39 36 7 49 42 37 19 45 47 29 44 40 28 46 43 5 48 12 17 11 30 15 21 8 31 
186 35 4 18 22 23 14 46 3 41 10 32 28 29 39 7 26 15 50 40 21 20 16 5 9 33 
187 43 13 4 36 30 8 34 12 11 42 40 0 3 41 37 5 25 7 19 46 21 29 49 48 6 
188 38 43 42 27 35 45 17 50 10 0 37 48 30 7 23 2 11 3 28 26 40 36 1 22 9 15 32 47 19 29 14 
189 38 4 28 10 16 35 46 6 49 15 24 2 33 36 32 39 12 20 11 21 47 40 1 22 26 44 0 31 3 25 7 14 27 
190 38 48 6 15 16 20 47 17 37 26 10 39 32 3 23 2 25 41 27 11 46 49 
191 38 1 35 45 33 50 19 20 17 15 29 26 32 8 0 27 36 31 5 40 48 4 12 42 2 18 41 11 46 43 
192 38 43 16 21 12 19 8 2 14 1 13 22 6 3 32 34 27 10 42 46 7 36 35 11 15 30 5 28 29 37 20 
193 38 28 50 39 43 24 2 9 7 10 15 21 5 8 6 17 35 32 14 22 42 16 18 46 19 20 34 12 25 36 0 4 
194 38 28 5 20 0 37 30 12 19 13 15 36 50 16 8 26 11 31 49 35 22 32 47 33 25 23 2 7 48 17 3 43 40 39 4 29 1 
195 26 20 47 1 50 41 29 19 7 42 33 6 10 37 15 27 5 24 3 40 46 12 48 43 18 44 9 11 
196 38 20 4 44 1 35 19 2 3 39 29 49 30 40 8 17 0 26 23 21 6 27 11 32 46 7 24 10 
197 38 43 41 35 16 34 25 27 36 49 42 7 3 14 10 1 44 45 23 48 18 12 28 5 17 24 50 11 
198 28 7 47 22 15 11 9 1 24 27 32 2 33 37 30 46 48 12 36 19 18 5 29 21 16 8 14 34 13 
199 38 42 17 0 18 15 44 7 29 32 46 41 48 14 36 1 27 23 2 26 37 45 10 33 25 21 19 39 8 28 20 24 40 
200 43 41 44 42 28 7 15 46 40 36 48 21 8 11 4 47 13 10 49 34 3 26 23 9 6 5 1 2 31 
201 43 28 36 10 32 7 17 47 1 15 11 3 39 37 42 12 34 6 44 8 14 21 50 19 27 23 0 45 25 30 20 
202 38 3 27 0 9 34 50 30 47 45 49 24 25 41 5 16 23 17 21 44 33 43 29 15 36 2 13 31 12 
203 13 32 48 25 45 1 30 29 34 0 20 10 27 16 42 5 40 3 35 18 4 28 9 
204 19 0 22 20 40 11 41 32 12 10 31 6 36 4 30 44 25 1 42 24 7 47 28 13 39 9 
205 33 27 31 36 32 11 45 24 8 10 30 4 50 20 1 16 22 40 12 39 0 14 34 28 43 49 25 15 3 
206 48 7 24 28 50 13 20 44 0 40 23 43 9 45 30 21 5 17 22 15 32 49 35 36 1 42 34 41 39 8 33 
207 38 26 31 42 37 40 11 17 23 47 13 45 32 3 0 16 39 43 19 50 34 18 27 41 44 8 46 4 1 20 30 
208 38 3 13 22 8 35 11 31 17 32 20 43 16 24 27 40 18 15 33 12 46 42 49 14 36 4 50 10 29 
209 38 43 18 24 46 7 41 3 16 27 20 22 48 6 12 4 35 8 36 28 39 44 50 2 21 13 17 42 11 32 19 
210 46 27 7 37 44 43 25 10 45 42 29 23 47 31 30 21 24 49 40 13 39 8 
211 44 47 31 24 48 14 42 20 13 45 6 43 50 10 17 40 8 11 1 39 9 21 0 32 19 37 41 2 
212 38 43 9 5 6 24 48 27 49 17 18 23 4 29 20 15 21 42 33 1 46 30 31 11 37 32 8 10 12 36 
213 28 19 17 21 32 46 20 45 37 42 22 36 35 12 41 26 40 49 3 5 48 8 25 7 15 47 23 14 50 33 
214 9 5 30 48 10 18 26 14 36 17 0 35 23 7 47 22 32 8 31 15 44 49 41 3 45 34 13 
215 38 35 19 48 36 41 49 9 46 7 27 12 20 13 17 18 5 10 32 11 39 28 1 26 24 14 50 15 47 2 0 23 22 40 42 45 
216 6 15 8 25 36 30 27 50 3 11 46 26 31 7 49 18 19 28 5 40 45 48 2 44 47 14 39 32 21 
217 38 35 47 37 6 26 12 17 32 40 19 15 34 7 18 50 23 27 16 36 20 33 2 5 9 4 25 11 
218 38 43 26 27 10 48 29 16 22 2 5 37 25 19 47 8 20 28 18 35 45 34 40 1 4 23 30 42 
219 38 0 16 8 41 42 5 49 22 13 37 15 40 43 27 9 30 23 32 39 19 48 10 12 3 2 35 36 44 1 14 28 
220 38 26 46 24 40 50 4 8 39 19 48 6 18 41 33 7 35 30 21 32 31 14 11 47 36 3 22 
221 38 32 11 26 45 0 30 20 24 14 1 41 12 8 7 37 35 2 33 18 15 13 29 23 49 21 40 10 5 17 
222 38 3 45 21 12 11 28 5 43 7 30 26 2 1 48 50 49 17 44 29 18 27 37 8 9 14 10 39 20 31 42 24 35 46 19 36 0 
223 43 6 16 44 27 36 30 50 28 18 42 24 31 9 2 45 15 34 33 11 46 1 48 40 29 22 35 41 19 
224 43 17 31 5 48 12 11 35 37 32 6 47 42 20 18 1 40 29 24 26 8 33 46 3 39 16 
225 38 1 27 41 10 49 35 30 44 29 7 6 11 36 3 32 12 33 28 43 15 25 4 46 34 13 19 16 22 
226 38 20 37 16 32 17 3 1 28 47 33 30 40 49 18 5 31 29 27 10 34 43 22 0 11 41 39 35 7 48 46 12 25 
227 43 19 47 1 27 30 16 32 3 17 22 35 13 21 24 14 33 10 49 44 40 42 36 20 5 6 29 18 2 23 46 25 
228 38 43 42 49 16 44 25 5 20 4 0 35 10 40 19 29 17 37 21 23 31 12 30 47 36 8 11 1 32 50 14 26 13 
229 38 43 36 6 16 17 47 3 44 31 23 9 4 42 30 48 7 27 49 5 45 29 40 20 24 50 
230 38 0 30 4 41 43 47 35 23 8 2 34 40 36 44 46 18 15 19 31 10 3 7 20 50 22 1 29 28 42 14 12 21 17 11 
231 38 40 31 5 3 24 23 26 12 7 6 22 32 50 18 2 11 17 13 8 39 28 29 1 19 47 45 
232 26 29 5 41 22 18 21 33 35 36 4 1 17 34 19 46 27 49 14 12 9 44 37 42 25 11 47 50 30 
233 38 13 41 40 8 34 36 30 24 26 42 9 22 21 44 46 27 28 0 50 37 7 43 33 18 5 35 47 
234 38 1 27 41 33 29 26 36 49 17 46 35 21 23 31 7 6 50 0 24 47 45 28 37 39 9 15 13 18 30 16 19 8 2 42 20 11 
235 38 39 11 17 22 15 23 49 42 29 8 2 10 5 4 18 46 32 33 27 0 36 19 41 50 7 47 26 14 37 30 31 
236 38 29 41 43 35 39 49 22 34 28 4 45 10 16 47 5 37 42 23 48 36 24 50 6 8 3 32 26 31 33 
237 4 11 28 5 19 23 12 41 17 44 3 26 24 50 49 32 46 21 6 0 1 39 31 37 27 33 36 
238 38 46 17 22 24 29 27 39 45 48 34 13 4 6 30 35 41 19 1 43 31 21 47 40 44 0 28 36 33 26 3 18 12 25 
239 38 22 24 28 34 31 45 43 23 6 3 47 26 11 9 46 37 29 19 48 20 30 40 25 7 17 35 10 49 0 36 
240 38 33 1 29 46 39 20 34 31 36 44 2 50 27 13 18 22 26 21 23 35 28 10 5 3 25 30 17 37 
241 38 39 7 25 46 12 37 8 34 21 47 2 43 42 49 18 23 9 32 40 11 50 41 33 16 1 
242 50 0 15 35 47 45 6 21 49 18 34 33 41 46 16 48 40 19 43 22 29 9 8 30 20 25 
243 14 29 36 21 40 31 15 47 42 12 37 1 0 7 11 6 45 49 18 23 8 25 39 43 46 32 50 20 9 19 
244 39 6 42 14 31 33 25 5 35 10 17 23 12 50 32 49 26 18 11 7 16 36 4 28 9 20 46 48 44 30 43 
245 38 34 29 44 12 6 16 50 48 5 7 41 10 20 1 30 15 40 19 8 9 49 18 37 36 31 32 47 0 45 
246 38 21 49 16 5 36 11 27 32 44 9 37 19 14 10 22 23 45 35 40 31 0 3 26 46 
247 38 43 26 4 25 29 30 19 7 14 34 48 23 39 40 46 9 28 33 21 20 0 18 47 3 22 6 45 37 2 1 
248 38 9 20 41 45 6 35 46 39 12 22 2 21 13 47 7 10 17 18 30 3 37 29 19 27 26 1 
249 38 42 10 39 20 45 21 48 17 8 2 19 49 40 3 47 27 30 24 35 15 23 32 25 43 18 5 14 34 36 29 0 11 
250 38 3 29 19 13 23 41 8 12 46 50 36 28 42 43 30 34 7 21 32 33 18 27 35 47 6 24 39 2 1 48 26 11 40 31 44 
251 38 37 8 46 39 20 13 23 24 34 36 28 10 15 14 50 41 12 6 1 49 19 35 31 40 21 32 48 2 
252 38 43 42 9 27 13 46 7 44 2 33 48 25 11 10 22 35 8 49 17 39 16 32 26 0 36 29 41 19 15 40 6 20 
253 38 16 26 8 2 35 22 21 33 45 9 24 31 7 1 25 41 0 32 4 28 30 10 14 46 13 39 43 19 12 
254 38 43 3 27 36 0 14 35 46 45 30 39 1 8 33 37 15 23 9 11 6 20 19 29 42 13 32 50 26 5 34 49 4 21 
255 38 28 20 17 14 31 11 12 43 46 7 10 15 23 26 2 1 0 18 30 32 19 36 44 40 25 
256 13 1 21 28 20 26 45 37 35 7 19 25 15 23 41 0 18 4 10 46 44 27 47 42 11 40 
257 19 37 20 10 8 46 36 30 24 9 29 23 48 33 25 41 43 42 6 32 28 3 50 7 17 14 27 1 15 
258 38 21 47 36 40 4 45 18 31 33 3 24 26 6 16 9 39 2 37 34 17 12 11 42 28 44 13 27 25 
259 42 49 23 27 17 3 5 10 43 18 15 26 0 40 9 29 47 44 25 19 24 2 12 7 28 41 22 11 46 20 48 13 36 34 6 37 
260 38 43 35 46 45 8 31 50 20 2 7 32 40 34 4 11 42 3 27 17 10 37 30 23 29 47 14 13 48 0 15 9 12 25 
261 38 34 33 35 50 10 22 15 5 36 30 14 12 23 13 18 25 29 32 26 46 40 8 39 42 44 6 48 37 43 7 
262 32 40 46 8 42 1 26 39 20 17 0 44 31 18 27 23 11 49 10 48 12 21 4 43 25 
263 23 32 8 20 49 13 47 15 1 19 5 31 45 10 16 21 34 42 36 43 30 33 29 40 41 18 24 26 17 4 
264 43 50 45 21 47 9 16 36 3 1 11 2 29 42 22 26 32 25 23 0 19 20 12 18 39 34 33 
265 3 42 13 21 12 11 6 0 30 26 41 44 8 28 1 9 24 20 22 23 43 7 18 16 
266 38 27 0 21 49 48 19 1 15 8 7 18 37 30 32 25 44 31 20 50 11 22 10 13 3 36 42 
267 3 27 12 5 6 37 15 42 19 26 11 29 23 32 40 25 28 48 43 9 50 20 16 46 4 35 33 44 34 22 
268 7 16 32 8 28 29 13 6 0 48 36 18 3 47 12 49 23 20 33 15 42 43 17 2 1 11 9 44 34 50 
269 38 36 15 34 25 5 19 9 20 45 14 44 8 39 43 24 40 46 18 32 49 31 35 21 6 33 30 
270 38 20 15 17 16 44 25 6 3 2 19 13 49 21 28 8 41 10 0 47 33 35 18 40 46 9 5 37 22 43 27 34 
271 38 11 46 5 7 49 18 16 15 44 10 47 48 0 41 50 43 45 25 32 40 22 17 34 31 36 33 
272 42 32 40 24 35 31 3 12 5 2 7 49 33 45 17 37 16 15 26 50 28 8 39 18 36 34 11 13 44 1 
273 38 47 9 45 33 36 22 8 46 19 23 40 50 44 14 39 27 24 34 12 10 43 37 30 29 
274 43 18 37 16 2 35 19 30 28 15 29 1 27 5 41 0 22 48 39 24 14 11 50 34 3 31 
275 38 26 24 46 30 21 23 34 36 32 40 20 4 22 8 31 33 28 15 47 12 16 29 14 43 50 48 18 45 5 25 35 7 11 
276 21 47 33 45 41 17 20 0 25 23 3 48 8 13 10 9 43 50 12 35 30 40 34 7 5 32 28 6 46 18 11 37 29 14 1 24 
277 38 29 45 17 16 15 23 36 44 34 25 40 19 37 26 42 3 8 20 4 22 27 50 43 35 7 
278 32 41 22 33 35 2 39 48 1 50 7 5 6 10 17 27 18 43 28 37 15 47 42 34 46 21 8 26 0 4 
279 30 22 3 50 44 34 18 15 40 12 19 41 36 20 13 7 35 17 48 21 8 49 47 32 31 43 46 1 16 25 11 
280 38 29 6 32 30 24 8 14 12 46 31 28 33 39 43 42 0 22 21 49 35 27 16 17 5 37 45 40 47 11 
281 26 7 1 36 43 12 27 47 42 17 8 25 3 45 41 28 31 35 32 20 22 15 23 9 40 21 30 19 49 
282 44 0 3 22 48 19 10 50 15 13 1 21 24 32 12 33 42 11 37 4 5 25 7 18 41 40 20 35 23 26 29 
283 38 10 15 33 7 47 36 28 48 50 45 8 2 26 22 3 32 40 0 16 13 14 31 17 35 43 18 11 49 24 27 41 6 25 
284 38 3 45 30 31 29 10 21 32 11 41 49 27 17 14 35 25 18 43 2 34 5 24 23 42 40 8 1 15 33 7 
285 3 35 36 49 23 9 47 48 45 16 15 11 21 8 14 18 19 26 2 1 39 13 27 7 41 22 33 
286 38 1 19 20 13 41 32 45 2 3 7 46 4 42 44 23 29 6 49 17 26 12 33 15 35 28 31 8 48 27 
287 38 44 28 16 13 6 49 22 1 37 42 26 40 30 27 33 10 39 36 47 19 24 41 12 0 15 8 
288 17 44 25 37 30 16 22 23 50 20 28 9 34 12 33 45 19 41 24 26 6 46 39 13 31 36 10 47 
289 38 26 39 35 13 45 21 8 2 19 4 7 36 9 41 29 50 33 1 23 32 14 5 18 15 28 12 10 22 
290 38 14 39 0 2 35 3 20 22 12 50 45 5 24 7 37 48 10 17 15 23 1 46 6 9 44 26 47 42 34 28 11 
291 35 7 41 24 3 11 39 1 9 4 0 37 22 46 34 19 15 44 47 30 6 45 36 42 48 43 17 27 
292 18 31 27 49 3 13 29 24 47 35 32 45 37 11 30 16 14 41 5 1 48 7 46 28 12 36 
293 38 13 0 30 23 39 9 43 24 36 41 49 17 46 27 33 44 35 32 34 42 20 16 7 25 37 45 19 10 26 
294 38 13 6 17 23 31 19 42 28 25 26 46 18 34 12 35 3 47 50 5 32 48 11 2 14 49 
295 19 18 50 41 6 48 27 17 47 31 11 49 34 25 28 26 22 33 39 29 24 10 23 5 21 4 32 8 45 2 20 1 7 
296 38 30 40 34 44 3 14 35 7 42 27 36 20 43 21 8 13 18 37 23 46 31 16 50 1 25 19 47 26 9 6 48 29 11 
297 24 32 0 21 3 13 5 17 37 8 29 11 28 39 40 35 4 30 9 44 23 34 20 36 22 16 10 47 6 
298 38 42 27 32 4 49 29 46 50 45 8 30 3 34 33 10 37 5 47 35 0 22 31 15 23 39 36 12 43 44 13 41 19 20 
299 38 29 18 48 34 19 6 42 33 49 0 5 3 1 30 47 25 17 41 39 46 2 7 44 50 9 13 40 
300 38 7 16 15 50 20 30 24 49 17 45 6 43 29 48 33 25 19 1 22 47 4 2 14 12 8 3 28 0 9 
301 38 11 42 28 39 7 0 37 40 27 1 10 31 25 29 9 18 16 46 20 44 35 2 26 5 43 22 19 50 36 14 33 
302 38 43 4 6 18 44 23 3 30 8 33 21 34 16 7 28 27 9 31 36 40 19 5 49 29 47 39 14 48 26 10 
303 38 39 17 29 4 37 9 41 14 31 11 49 24 43 50 26 3 30 19 36 13 40 28 1 23 35 46 33 20 32 8 45 27 5 
304 5 34 43 14 46 19 24 11 29 39 20 4 30 3 2 35 17 47 40 8 1 21 48 31 22 28 50 41 42 12 33 25 
305 38 26 18 12 22 23 29 45 48 35 7 6 21 44 11 46 9 24 27 17 32 19 49 15 39 20 34 4 43 50 30 40 
306 32 42 16 35 5 48 3 19 6 0 22 13 18 24 40 1 29 10 21 45 49 37 30 26 41 9 4 33 
307 38 27 37 8 5 43 7 33 30 24 0 9 40 20 22 4 11 39 23 45 
308 38 6 22 4 40 14 46 5 20 41 32 27 50 18 44 31 11 30 48 12 17 15 24 43 26 1 39 2 34 47 29 13 10 0 16 35 
309 38 11 42 19 45 41 7 37 2 25 28 33 50 8 46 31 26 29 18 14 36 5 6 47 49 23 44 22 
310 17 36 0 5 37 34 33 20 7 35 45 39 30 40 27 49 44 8 31 19 28 41 47 46 10 42 13 16 12 50 
311 38 43 46 10 0 16 24 50 7 6 40 5 47 34 37 2 31 45 18 39 14 1 36 26 11 23 48 12 29 30 41 
312 5 41 24 2 27 50 6 0 39 9 26 11 19 40 8 12 1 49 14 18 17 16 35 31 28 42 32 7 34 43 48 33 36 13 20 29 
313 38 35 5 50 49 32 40 34 3 7 23 11 27 22 44 42 20 10 13 37 45 17 16 36 28 43 33 18 48 29 0 39 21 8 2 
314 38 50 47 1 29 18 22 11 43 4 30 36 28 21 9 26 8 33 41 6 17 46 5 15 3 13 35 20 34 12 10 31 
315 38 39 4 5 30 31 19 49 23 17 37 11 1 47 6 20 21 7 25 16 24 32 46 43 22 45 
316 38 27 19 6 37 23 33 20 30 47 40 9 29 48 39 26 16 15 32 5 35 36 3 2 34 
317 38 18 31 25 17 37 22 15 4 6 21 39 28 23 3 29 27 1 46 10 36 40 11 13 20 26 33 41 34 44 12 35 
318 38 43 13 45 31 49 19 26 18 0 40 32 29 2 25 46 4 30 3 35 5 15 44 48 23 47 21 1 37 
319 29 2 5 22 47 14 18 10 4 45 26 16 23 40 20 24 32 34 0 27 7 28 44 3 21 50 41 48 19 39 
320 35 16 46 40 14 4 45 44 48 49 31 18 25 28 5 43 15 17 23 47 8 34 50 20 39 1 10 33 
321 38 46 15 26 42 49 29 13 41 1 8 19 7 28 16 23 21 24 43 14 17 40 11 37 50 39 36 12 10 22 35 47 6 
322 38 9 5 20 15 48 8 26 24 33 1 12 39 30 27 19 49 40 37 7 16 21 10 14 23 0 43 35 42 34 28 
323 43 35 40 5 30 23 25 39 49 17 33 10 12 50 4 1 20 45 18 32 8 36 41 37 21 0 26 2 13 11 
324 38 43 42 4 22 5 7 29 6 48 12 40 36 46 21 23 34 31 45 39 10 0 13 32 16 15 8 26 35 33 11 27 30 25 
325 38 16 18 15 14 20 45 35 0 22 12 25 26 3 46 31 5 21 49 19 4 37 34 9 2 1 44 24 42 
326 38 24 48 36 37 22 8 20 0 15 33 4 17 43 6 13 19 46 28 31 12 25 11 1 2 27 45 41 
327 38 50 39 36 20 3 2 26 30 21 25 7 45 10 37 41 9 34 31 28 22 23 48 42 32 0 27 44 47 46 12 13 18 
328 38 26 40 29 13 36 12 9 15 46 41 49 43 6 42 16 21 24 33 50 17 1 2 5 37 
329 7 41 6 18 36 10 23 11 4 3 1 9 8 0 35 43 16 26 49 34 27 45 19 50 14 32 39 29 28 
330 38 43 13 8 0 48 24 4 45 21 35 26 30 23 42 19 47 11 3 20 46 39 14 12 17 16 50 25 28 34 
331 38 46 20 16 47 40 2 7 49 23 29 41 37 45 50 32 42 31 10 3 39 12 26 44 11 4 34 43 27 1 48 0 8 9 35 33 
332 43 36 33 6 47 7 42 45 29 10 32 31 5 25 41 34 4 44 1 17 2 12 40 30 39 11 20 49 
333 38 36 7 32 49 43 14 20 30 2 34 1 0 40 13 24 37 21 42 5 27 47 41 50 46 45 8 10 
334 38 39 4 6 40 2 14 20 30 21 24 32 42 5 28 13 19 35 0 27 36 50 43 16 37 44 45 41 48 47 8 3 26 25 
335 26 1 47 33 49 30 7 42 50 36 13 18 23 44 12 27 35 28 32 48 40 20 37 5 21 19 6 2 
336 6 2 18 30 33 29 25 16 22 34 9 13 7 17 15 21 11 49 42 27 23 14 12 19 10 
337 5 4 10 27 43 20 1 17 30 16 47 11 9 29 15 8 14 6 42 22 44 19 25 21 0 34 33 46 48 2 
338 38 43 4 0 47 6 22 24 32 49 20 1 17 30 27 23 50 12 18 15 21 2 33 28 7 31 9 45 13 42 25 
339 38 26 29 23 4 14 50 10 17 22 28 12 15 39 44 36 9 19 40 42 25 49 48 21 20 5 27 34 
340 38 7 48 32 33 25 49 23 26 37 20 40 43 4 45 6 35 2 0 42 46 3 27 1 47 14 50 18 
341 38 43 26 41 18 34 25 35 45 32 31 19 36 20 0 15 42 17 48 3 28 11 5 12 23 27 10 
342 44 19 13 4 10 23 25 41 8 31 17 1 34 33 46 16 12 20 28 14 36 29 15 2 40 7 18 
343 3 37 15 32 14 29 35 6 4 24 31 25 11 18 16 8 33 36 26 7 44 5 20 40 43 12 13 9 0 
344 43 7 6 0 37 10 30 22 50 28 2 46 20 25 24 40 15 9 1 3 32 21 44 45 
345 36 24 14 31 5 20 7 41 23 47 13 46 9 18 22 29 8 10 37 44 3 25 35 17 0 40 33 6 43 32 34 28 
346 38 50 49 11 43 15 30 21 33 18 35 45 29 40 17 48 46 24 37 10 2 25 28 23 9 41 26 8 3 22 
347 38 45 17 40 35 34 37 19 42 47 26 16 48 33 3 22 8 0 18 50 13 36 12 44 43 28 11 
348 38 43 19 37 47 33 4 7 16 2 50 13 29 8 28 45 6 46 44 11 12 25 15 1 40 3 27 22 21 10 49 32 18 9 
349 35 39 34 27 18 16 15 21 8 6 47 19 33 49 40 14 31 37 46 26 48 4 1 0 25 32 36 12 7 
350 38 49 44 10 31 33 26 48 40 28 21 12 7 43 30 24 50 37 9 27 46 19 32 14 25 39 35 18 11 5 29 22 
351 20 15 28 10 36 43 3 26 19 37 29 35 1 31 12 23 46 11 0 22 32 48 50 18 47 44 17 6 
352 38 26 50 11 46 39 16 17 36 14 48 33 18 12 4 22 3 28 42 6 40 31 27 
353 3 9 50 17 36 6 49 33 1 16 2 12 47 0 23 34 30 5 46 25 35 20 45 13 28 26 24 32 41 
354 38 45 30 23 34 36 41 29 28 21 27 13 18 40 2 39 22 25 47 19 15 24 17 3 26 31 12 9 32 20 
355 44 34 28 27 7 24 1 4 49 30 5 46 19 33 6 8 45 0 20 3 41 
356 38 43 13 16 36 17 18 33 39 49 15 2 29 12 26 47 34 50 24 27 0 21 7 1 14 20 48 35 10 8 
357 38 1 23 13 15 32 31 3 26 7 49 42 39 21 8 2 35 0 22 48 20 12 5 18 17 36 46 33 11 40 50 9 
358 38 1 7 15 46 17 16 47 14 43 19 10 9 12 35 13 22 39 25 11 37 48 0 29 6 21 34 33 2 49 20 45 36 4 
359 35 15 5 37 26 48 19 45 6 46 20 23 39 49 47 8 11 7 31 50 32 2 0 33 42 25 29 21 12 
360 38 4 45 16 2 44 29 42 35 33 3 37 34 43 5 47 48 36 31 6 26 18 9 13 25 
361 43 26 39 34 50 19 22 32 7 17 30 23 8 6 27 11 36 2 31 35 45 25 0 47 49 46 24 9 15 16 4 33 44 
362 38 19 7 48 20 47 43 45 15 24 5 39 6 40 31 9 46 1 10 33 25 14 32 11 22 23 42 28 34 35 13 41 
363 18 24 14 34 30 3 33 36 44 42 12 10 49 35 31 25 0 21 5 45 47 32 20 16 29 39 1 17 27 41 
364 13 37 16 14 11 35 30 26 33 47 34 42 0 22 27 49 24 32 41 15 21 40 20 45 5 7 50 1 36 31 
365 43 23 34 19 15 1 29 4 26 47 31 44 32 45 37 21 42 27 9 11 28 40 14 12 25 36 8 2 35 5 7 
366 38 43 48 25 1 42 28 9 4 22 26 39 33 11 7 10 29 13 31 20 0 17 6 3 34 45 46 16 15 32 
367 38 41 32 42 27 48 11 20 7 15 6 30 8 34 31 0 24 23 5 19 33 44 29 13 46 47 2 26 16 3 9 
368 38 5 19 7 41 22 9 17 16 23 48 0 15 36 37 13 43 4 44 28 40 10 27 18 8 2 14 47 33 
369 49 18 37 40 46 27 45 26 34 5 12 11 25 8 39 3 29 50 20 17 36 
370 38 3 6 27 0 26 10 39 41 37 29 8 11 32 15 17 50 21 48 18 19 45 2 34 
371 38 13 16 22 15 50 39 20 21 7 0 30 1 23 48 8 45 44 12 42 46 24 18 36 25 34 17 27 47 37 35 43 40 
372 7 22 46 30 16 26 23 2 45 42 43 40 36 44 27 41 6 1 4 28 21 31 11 
373 38 13 41 10 23 19 16 15 35 31 47 25 29 43 7 0 42 37 8 14 26 33 11 36 20 24 39 
374 38 43 36 13 21 12 16 10 32 31 17 44 48 50 23 46 34 45 25 18 9 1 2 3 39 7 35 47 27 5 28 37 15 41 
375 19 10 21 7 30 2 12 35 37 28 40 11 36 41 16 1 45 17 27 23 25 22 15 47 48 29 39 26 34 13 5 31 0 4 42 50 
376 38 43 49 18 8 26 40 29 28 22 1 30 23 2 12 0 5 27 31 25 11 3 44 24 50 37 41 39 13 20 9 15 35 16 46 
377 35 10 30 33 25 48 31 11 41 3 49 26 1 4 7 40 43 46 5 50 39 21 13 12 20 6 16 23 8 42 17 22 19 15 32 
378 38 27 5 13 3 36 34 40 25 50 10 11 22 24 45 0 16 23 47 8 48 12 33 41 15 46 21 20 14 9 39 44 28 
379 3 29 35 46 8 13 21 23 48 26 40 42 45 17 50 19 49 27 47 41 15 7 39 25 0 32 18 33 31 
380 38 43 19 28 10 12 22 23 15 32 34 3 13 45 6 0 8 1 33 30 16 9 35 47 2 49 27 41 39 44 46 11 
381 19 20 13 37 4 45 40 28 41 10 17 32 9 42 15 29 35 36 18 21 44 33 22 30 47 48 16 7 8 6 1 49 
382 38 9 22 33 13 11 23 48 44 25 49 10 39 0 18 27 8 26 29 16 6 15 24 50 7 42 43 36 41 2 14 31 
383 38 50 30 48 31 6 3 19 20 7 49 21 46 47 8 42 39 12 32 34 15 35 33 26 1 37 5 9 45 
384 29 15 34 30 46 12 0 28 45 17 27 49 9 24 11 20 42 50 
385 38 17 30 22 29 23 47 24 31 20 8 12 0 35 39 41 15 50 43 21 18 16 44 46 7 32 40 11 
386 1 16 24 46 47 36 12 13 34 6 44 30 3 42 37 32 7 49 33 4 23 40 19 11 
387 5 10 9 39 6 32 14 21 42 40 25 37 34 33 7 26 24 12 0 44 13 19 22 3 1 41 36 11 46 17 
388 38 1 50 20 37 3 36 7 49 39 19 45 21 26 24 6 43 34 11 28 14 33 30 23 
389 43 6 32 13 16 48 33 30 28 34 17 14 50 41 49 5 40 8 35 4 25 46 26 12 44 7 20 
390 38 1 39 6 10 37 34 33 25 43 31 30 12 11 17 47 20 2 27 23 48 41 7 4 14 42 26 5 50 3 28 15 45 46 
391 38 1 7 22 20 41 35 4 45 30 34 37 6 47 8 9 0 5 43 12 13 29 33 
392 38 3 13 7 44 37 26 33 28 10 0 39 1 21 35 45 16 43 50 20 23 2 11 47 41 18 34 5 
393 38 7 30 23 20 10 8 25 50 9 22 34 29 27 17 35 42 6 49 28 12 46 19 13 0 31 41 48 39 21 
394 38 27 41 18 16 50 30 31 6 35 39 1 0 21 40 43 46 7 26 19 34 3 8 23 32 10 
395 1 5 36 18 25 27 39 24 16 21 30 34 20 42 41 0 49 50 29 35 33 9 37 13 17 22 48 40 7 28 
396 19 34 28 23 45 0 48 24 2 3 20 13 29 40 49 32 26 8 25 42 22 21 46 36 31 10 44 43 33 
397 43 3 28 50 19 31 12 11 17 48 6 10 32 47 40 35 29 30 5 26 4 1 9 7 42 27 13 39 2 0 20 36 22 8 44 21 
398 38 35 18 43 0 30 29 16 40 19 7 27 24 23 47 4 2 49 34 36 50 8 14 13 46 9 10 21 44 
399 3 20 15 32 42 10 46 14 0 18 2 6 33 41 16 34 43 26 29 39 31 37 49 35 25 11 
400 3 50 42 5 11 19 29 39 20 30 47 40 1 15 34 22 35 9 7 31 25 24 49 0 37 27 6 33 28 
401 39 30 40 43 37 46 4 10 45 48 13 26 20 19 8 12 47 29 16 32 2 23 36 22 6 1 31 25 
402 38 43 5 11 20 18 40 14 9 13 30 23 19 36 46 41 10 49 42 34 33 45 3 50 29 39 37 26 17 28 
403 38 19 37 48 42 4 17 11 21 23 14 50 32 31 22 44 24 8 49 27 1 15 43 29 7 35 40 5 20 
404 38 17 14 34 1 5 30 3 29 28 8 9 13 4 35 32 50 10 18 40 33 11 42 49 16 23 26 
405 50 20 22 25 29 28 19 36 3 21 48 46 27 44 2 1 16 40 26 11 39 23 
406 38 19 43 45 6 30 15 23 40 31 21 24 1 8 12 33 11 20 50 14 37 16 13 22 7 39 42 34 29 17 27 41 
407 28 49 23 27 4 40 50 3 47 11 6 8 42 5 17 32 35 34 31 0 48 2 10 22 19 29 12 21 15 18 1 9 20 
408 38 45 29 7 30 12 5 50 42 15 14 26 3 46 32 39 2 49 0 22 13 35 31 19 10 18 41 48 9 16 40 44 23 
409 28 24 42 50 49 1 9 36 16 15 8 19 46 13 5 39 45 26 30 11 18 37 48 27 32 7 44 41 23 43 2 
410 38 43 50 10 47 46 45 0 6 1 5 35 36 4 9 24 32 40 28 20 34 23 8 41 44 17 21 29 48 16 
411 38 43 3 25 45 4 22 44 50 17 37 48 31 49 15 2 12 16 9 13 41 6 20 28 30 
412 38 1 29 8 14 12 20 49 48 26 10 23 6 17 33 22 25 4 0 18 40 45 13 32 2 28 30 19 7 
413 5 17 42 20 24 27 1 23 48 43 25 19 13 32 45 49 0 10 39 9 35 2 33 
414 43 18 29 0 37 22 31 12 32 41 5 47 17 46 39 30 16 35 20 50 6 23 45 13 14 40 27 1 2 
415 38 44 2 28 6 43 32 9 40 50 0 34 25 10 37 30 15 8 45 46 5 17 42 31 20 26 36 39 18 22 7 12 
416 38 5 23 48 34 31 43 39 41 16 22 33 11 0 26 37 3 9 2 19 35 8 7 13 
417 30 25 3 29 39 17 21 12 5 6 23 4 2 19 9 33 42 18 50 47 14 48 1 46 26 35 49 0 43 
418 38 36 23 47 40 37 15 29 50 44 2 19 20 42 16 35 32 1 33 10 5 21 27 9 26 34 11 3 
419 38 43 26 28 18 47 49 15 39 45 32 12 16 22 29 9 14 31 1 36 2 4 25 40 8 5 34 23 50 20 
420 38 7 48 28 43 40 9 39 13 35 36 20 46 0 34 25 2 15 21 45 50 18 10 42 17 33 44 26 4 6 19 
421 47 19 0 2 9 42 20 16 5 50 36 34 48 18 21 28 31 41 1 11 37 15 27 4 13 24 33 
422 38 30 48 4 42 36 34 45 17 0 43 26 10 46 44 3 14 28 6 37 12 39 27 15 11 1 9 49 33 24 7 2 5 
423 38 30 44 11 46 31 25 10 49 22 23 35 36 28 26 32 20 13 41 1 0 50 12 39 16 5 43 6 27 37 29 21 45 34 
424 1 5 45 28 6 2 31 50 41 37 29 18 27 14 7 23 3 19 15 44 36 22 10 20 26 30 42 4 48 16 24 
425 3 48 5 15 1 11 8 17 13 0 19 50 40 42 30 9 29 10 4 44 18 7 41 32 14 34 33 
426 38 13 5 43 16 40 28 31 4 49 17 22 12 25 7 19 8 2 33 0 20 41 26 46 34 29 37 3 47 21 14 23 42 
427 38 1 42 45 10 24 20 18 39 48 13 15 21 44 5 22 27 31 17 7 3 40 35 34 12 9 8 2 0 33 25 30 
428 38 4 2 1 27 39 45 31 12 11 50 41 6 37 9 33 32 48 13 34 30 15 23 7 3 25 8 43 5 0 42 26 44 46 28 16 17 35 14 29 19 
429 43 9 27 47 40 19 7 22 23 25 30 14 36 4 49 16 8 0 21 1 33 20 3 11 46 28 13 50 32 35 39 
430 1 27 39 23 36 37 16 2 17 5 40 33 24 32 48 35 12 30 44 25 46 20 26 4 21 9 10 0 42 41 34 31 7 
431 25 49 26 20 8 3 22 32 1 42 45 6 18 24 4 43 12 41 36 16 28 23 46 15 5 33 47 
432 38 50 42 43 39 45 40 20 17 30 12 1 15 49 37 48 5 19 21 32 29 22 10 9 25 11 27 28 
433 9 0 30 15 35 13 34 12 20 16 50 25 26 23 39 41 19 29 37 3 22 6 40 5 36 33 27 45 48 49 14 21 17 24 
434 21 36 49 47 31 33 42 23 35 43 8 45 18 16 27 32 46 5 17 15 14 12 
435 38 8 10 15 44 37 47 27 26 2 34 20 22 23 25 46 28 35 12 11 0 31 13 14 16 39 41 
436 10 44 23 9 2 34 13 16 27 32 28 11 19 20 33 1 17 48 6 45 42 7 8 31 39 
437 38 24 34 50 16 22 25 13 17 11 36 29 47 2 42 46 5 35 40 23 19 43 41 44 37 0 45 48 27 
438 38 43 49 6 37 30 34 31 33 4 10 42 24 47 2 44 11 3 40 15 14 29 41 7 8 23 48 18 50 
439 38 21 39 47 17 28 40 2 25 9 31 12 5 20 4 37 26 35 7 45 48 50 
440 38 35 5 47 40 15 27 26 43 17 23 8 20 21 2 14 36 25 4 11 28 12 45 39 44 24 1 6 
441 43 4 16 37 40 29 7 22 1 28 45 10 44 2 11 41 50 24 39 46 17 12 33 25 18 30 27 13 23 32 31 36 3 9 
442 38 50 49 6 2 17 40 12 7 35 10 0 24 41 47 37 9 13 5 31 27 32 43 23 
443 38 1 17 37 29 41 25 13 44 14 36 28 3 40 27 45 49 2 34 9 5 0 23 47 48 24 50 4 11 18 7 8 15 
444 38 4 3 9 36 22 7 48 27 37 44 11 42 6 34 31 25 32 43 33 10 16 35 19 28 21 24 23 41 0 47 8 30 45 2 
445 38 50 19 47 25 27 43 0 21 44 20 36 46 40 42 33 11 4 10 49 48 18 37 16 5 32 41 35 
446 19 10 41 16 48 14 32 47 8 20 6 18 15 44 24 2 30 35 0 27 50 40 39 4 22 21 
447 46 23 32 9 49 3 0 11 22 8 7 4 31 17 30 1 43 12 10 6 47 50 44 24 19 15 
448 38 1 13 4 18 21 27 17 30 22 23 0 50 15 24 7 5 45 33 48 41 42 20 6 2 47 40 25 
449 38 19 3 12 42 26 25 44 24 48 7 15 46 33 18 36 1 21 14 28 20 34 41 32 2 29 
450 3 42 2 13 4 49 18 47 11 12 27 16 40 0 46 20 36 14 10 5 9 23 32 6 28 1 
451 38 4 28 15 23 2 25 5 6 29 1 19 26 43 41 30 33 10 14 36 44 27 0 48 40 8 12 
452 38 9 35 44 29 10 26 45 28 15 32 14 33 16 21 23 11 43 0 1 5 13 2 18 46 4 34 12 50 25 6 20 17 
453 38 43 20 12 35 23 36 6 30 21 24 49 17 39 2 48 37 16 34 44 4 22 19 8 
454 38 35 5 42 39 29 10 21 31 11 6 28 16 15 32 25 43 47 0 50 17 36 13 30 44 3 2 33 48 26 12 
455 43 1 50 19 14 6 16 36 21 42 5 44 48 15 9 10 0 47 45 29 13 3 41 8 12 
456 38 43 1 28 0 30 23 32 16 44 33 42 45 6 27 29 14 31 41 20 25 8 12 49 39 5 35 
457 43 15 21 48 46 5 8 14 47 1 40 7 10 24 29 50 44 49 32 30 22 13 9 26 27 37 18 28 6 
458 38 28 40 1 46 9 37 27 36 47 34 10 15 48 20 0 42 26 32 29 5 22 24 2 18 
459 3 42 31 19 20 48 11 0 16 44 32 14 37 43 9 24 23 28 7 17 26 25 4 47 2 33 22 13 46 6 39 27 35 1 8 49 
460 38 49 18 47 33 43 17 1 31 25 41 0 26 29 50 32 2 35 27 8 14 15 7 36 44 22 40 42 24 5 4 37 19 34 11 
461 1 16 40 35 46 13 28 41 26 11 37 3 36 8 6 31 9 24 33 32 49 12 25 22 7 45 39 4 
462 38 18 46 5 4 16 22 23 39 27 50 19 7 10 43 11 3 49 17 0 36 20 29 30 44 26 47 2 28 15 45 40 14 
463 38 27 39 45 6 18 2 50 0 33 26 21 31 11 9 23 36 48 49 28 43 16 44 46 42 13 37 25 10 34 3 
464 38 5 6 32 28 35 39 36 0 23 48 12 40 43 33 22 42 2 7 3 13 37 24 18 26 29 11 17 14 
465 38 1 30 42 13 14 15 21 25 3 27 5 39 40 0 19 11 18 32 20 4 31 24 45 33 26 
466 40 34 5 14 19 11 36 39 0 48 35 50 7 45 41 46 42 37 47 3 2 12 20 32 27 18 4 10 24 25 
467 26 46 36 7 6 30 23 32 34 45 41 29 12 28 2 19 31 49 16 33 37 20 43 42 35 8 27 47 0 
468 38 3 26 10 18 42 6 30 22 23 21 4 16 2 50 14 12 5 40 25 29 1 9 39 46 8 34 13 28 37 33 
469 38 7 15 26 20 33 19 13 4 45 17 40 39 46 49 43 36 42 35 21 28 30 23 32 11 37 6 22 48 14 0 12 44 16 34 31 3 
470 38 43 46 36 7 17 30 35 15 23 47 8 2 1 4 37 48 49 9 14 12 28 3 6 24 32 39 31 20 45 13 21 50 18 11 
471 38 18 44 10 17 23 35 39 4 26 21 32 27 3 34 1 15 36 25 49 13 29 11 33 37 46 5 50 
472 1 46 19 6 39 18 37 32 50 15 24 47 48 12 17 9 42 45 49 35 25 16 2 8 44 5 34 31 27 23 41 13 0 21 26 
473 1 46 19 16 8 29 43 13 23 21 40 14 33 20 2 11 28 17 7 39 32 26 35 48 9 12 10 36 41 5 30 47 3 37 49 
474 38 3 37 2 42 27 19 41 23 32 47 33 28 7 18 15 1 14 31 0 21 24 26 10 13 5 34 22 16 45 25 
475 38 10 11 50 20 8 36 40 15 12 33 45 3 4 19 43 37 48 42 28 25 0 30 47 5 27 41 1 7 13 
476 38 13 48 12 25 5 21 23 32 3 50 35 49 30 2 26 0 44 40 27 37 36 29 24 20 
477 38 28 25 2 39 47 48 3 44 24 40 17 13 5 26 19 15 20 31 12 4 29 
478 38 50 36 40 41 10 17 43 49 48 26 34 13 42 37 32 19 44 46 8 29 5 12 24 23 0 11 35 14 30 9 
479 38 43 1 50 15 34 28 29 13 10 17 3 44 26 7 14 25 41 16 8 47 2 45 27 21 49 31 5 33 32 30 36 46 48 9 18 
480 38 29 50 39 13 17 32 46 7 6 0 22 35 12 26 16 20 11 21 23 40 47 28 49 42 4 25 48 27 31 24 
481 38 10 37 44 35 46 36 16 11 22 43 18 30 2 4 21 9 26 29 47 33 1 27 48 45 6 8 12 49 
482 38 21 24 40 34 20 8 14 39 36 6 44 23 47 45 0 32 33 11 28 30 42 29 31 10 49 48 5 50 22 15 
483 38 29 18 20 48 14 33 0 42 9 11 44 16 8 36 37 19 41 13 7 34 25 17 1 6 30 26 31 3 35 2 12 47 
484 38 43 27 19 6 16 31 10 32 35 49 0 47 36 11 46 21 42 8 5 25 13 45 23 14 12 15 30 26 40 7 24 22 
485 7 23 48 24 29 20 45 44 42 8 36 6 17 37 27 28 22 21 40 34 35 32 9 2 14 0 46 
486 38 35 4 7 15 39 30 42 25 1 29 27 5 11 3 41 36 40 17 28 34 49 0 44 47 14 16 10 2 46 
487 43 0 15 50 6 18 5 49 17 35 45 46 1 12 22 32 8 37 13 4 39 10 41 48 9 16 
488 16 23 46 4 48 25 6 32 13 7 29 8 39 21 33 15 1 28 44 50 43 18 34 5 45 41 17 
489 38 49 33 35 42 18 7 34 13 4 41 10 0 44 3 11 19 16 46 24 15 45 43 39 26 31 5 
490 38 46 40 29 45 30 5 50 41 32 20 18 16 2 15 13 31 35 10 37 21 1 12 48 42 39 25 11 14 22 27 
491 38 4 10 17 42 25 13 1 11 3 26 34 20 37 5 15 27 8 2 46 48 50 39 21 0 23 47 6 43 19 29 36 9 35 
492 38 42 31 39 25 11 9 13 16 44 6 24 30 32 18 22 3 28 37 1 41 35 15 2 26 8 27 46 7 50 
493 38 4 17 1 27 30 24 23 25 20 50 10 46 48 8 34 26 12 36 31 7 0 42 
494 38 27 32 25 15 9 49 16 18 24 14 39 3 46 4 45 17 19 37 5 48 2 35 28 44 8 10 34 
495 12 28 20 45 6 8 43 23 7 26 17 3 1 15 19 29 31 47 42 37 27 33 0 36 44 50 14 25 11 
496 38 45 6 49 34 50 4 37 40 36 0 35 18 16 1 33 20 17 39 28 11 41 44 23 47 3 21 19 42 25 15 7 
497 38 43 7 15 23 5 18 45 41 10 31 37 30 21 27 12 11 42 19 47 2 33 50 6 29 22 16 8 26 13 
498 50 36 32 34 39 18 10 30 48 1 22 15 12 25 0 16 21 40 42 9 33 47 14 35 8 27 28 
499 38 43 50 8 31 40 26 36 37 16 11 3 32 29 12 5 17 27 24 23 34 21 48 33 7 15 22 9 2 46 44 
500 29 5 4 30 50 43 18 45 44 36 39 15 40 35 49 13 16 21 7 
501 38 35 48 50 2 19 1 20 4 41 15 16 23 44 34 7 43 37 5 12 47 25 
502 38 32 8 28 19 4 49 15 43 26 11 23 31 17 47 12 27 35 39 20 42 0 36 40 13 45 5 1 9 34 29 21 16 10 30 50 
503 38 7 12 23 28 29 22 48 3 36 6 4 9 8 39 41 21 1 35 42 16 49 19 0 2 33 11 
504 38 43 13 50 36 21 32 8 31 41 0 16 28 23 44 17 35 14 29 1 48 11 15 49 26 42 18 45 20 6 7 12 46 
505 3 19 50 20 47 1 36 42 22 0 39 30 18 44 24 9 48 12 16 15 2 13 34 29 31 
506 46 49 40 8 18 29 35 14 33 10 43 23 1 17 22 21 24 32 47 42 9 5 15 12 11 28 7 0 31 20 
507 26 33 1 19 16 18 48 9 15 44 13 0 36 35 45 37 7 30 25 27 24 40 21 31 42 11 
508 38 28 50 4 40 29 41 33 19 20 37 30 1 8 34 44 45 9 3 13 48 6 25 21 0 11 7 49 35 16 2 31 24 22 
509 38 3 26 1 28 45 36 6 48 31 33 17 4 10 37 20 42 0 30 2 43 40 12 19 21 23 34 27 46 49 11 35 41 5 
510 38 46 7 17 12 37 47 39 9 22 41 33 18 27 23 40 4 43 29 50 49 14 28 6 20 3 34 45 44 
511 41 18 30 40 12 33 1 23 17 26 37 46 50 49 5 9 25 11 39 0 20 42 14 19 48 6 32 2 4 21 10 8 3 
512 5 19 45 31 37 25 20 8 41 1 34 26 0 32 40 12 30 2 7 42 16 28 14 36 50 
513 36 49 12 11 5 50 13 29 10 43 30 14 7 16 39 41 46 24 23 32 40 2 3 26 21 47 9 28 17 33 0 
514 38 22 2 14 28 37 4 23 26 20 1 15 47 50 41 48 29 24 8 6 42 43 49 32 40 27 44 31 
515 42 46 27 33 39 30 16 20 22 24 19 45 34 26 8 12 1 25 6 10 28 47 2 7 35 3 
516 43 19 4 30 3 32 45 49 23 34 13 7 17 37 8 33 15 48 2 41 6 18 29 36 26 9 40 50 1 35 
517 38 23 28 7 2 34 20 14 12 27 5 10 11 4 17 35 33 43 48 40 1 3 16 22 32 21 30 26 19 
518 38 39 24 32 27 43 3 34 31 47 12 29 50 41 15 14 0 40 18 21 5 26 28 25 10 36 8 2 
519 38 39 20 0 25 42 4 30 31 11 50 49 46 9 18 32 23 7 12 3 47 1 15 34 6 
520 38 46 48 23 47 26 14 35 3 39 34 10 1 13 30 50 17 45 37 42 5 6 20 16 21 18 49 9 33 
521 38 43 20 25 28 18 24 4 47 40 26 41 23 27 5 15 45 21 29 39 36 48 33 42 13 35 44 22 34 31 49 
522 38 43 27 18 23 44 11 7 49 25 10 28 12 6 3 37 46 45 0 30 15 48 17 22 34 2 13 9 32 1 29 
523 28 27 12 33 41 17 48 16 4 43 0 39 14 32 47 7 30 24 44 46 34 20 45 6 25 
524 29 5 39 11 48 2 31 33 20 0 22 42 40 47 8 1 4 50 19 27 9 21 43 18 26 10 23 49 13 16 45 6 
525 38 3 6 29 5 20 10 12 34 46 25 43 11 7 33 2 28 42 18 37 13 19 44 14 
526 38 26 36 10 0 5 2 9 17 22 23 7 29 18 42 4 43 49 1 25 37 30 44 31 
527 38 39 34 15 28 24 40 8 19 36 13 21 3 23 33 4 47 41 16 6 11 35 12 29 26 1 
528 50 4 49 35 26 22 13 0 9 47 11 36 41 23 39 6 17 18 48 8 2 31 10 19 27 15 21 28 46 43 30 29 7 
529 43 28 9 29 19 2 37 21 16 3 20 45 0 8 42 11 40 46 34 36 26 30 1 13 10 4 23 41 
530 36 49 40 14 29 20 6 13 43 7 41 18 11 4 23 47 42 26 27 21 35 9 12 28 2 8 39 34 
531 3 43 5 10 39 37 15 29 19 17 28 36 6 30 22 9 50 40 8 11 48 4 20 0 27 2 35 26 49 46 44 41 31 25 42 
532 38 3 28 46 19 13 10 26 1 18 14 31 27 24 11 12 47 40 29 45 30 23 17 2 15 43 20 25 49 
533 38 43 42 50 25 20 27 10 30 16 21 23 11 18 2 19 1 22 48 8 33 5 32 34 12 24 0 41 6 4 
534 38 29 7 6 44 47 9 39 41 23 20 4 35 17 0 16 11 3 31 10 37 22 24 8 33 19 42 50 2 34 21 1 
535 38 28 48 42 12 25 49 17 18 3 5 43 0 16 21 26 2 14 1 4 11 9 39 37 30 36 22 15 23 45 6 35 47 13 
536 38 22 32 46 5 50 39 48 35 8 10 4 28 15 27 49 37 33 13 30 34 17 25 42 
537 38 19 1 28 15 44 25 46 5 20 18 21 34 3 42 50 4 45 37 24 32 26 29 31 
538 38 5 20 30 22 23 11 19 34 4 17 29 6 43 15 2 49 40 41 50 35 8 33 3 18 24 32 16 25 39 
539 38 43 35 15 50 10 28 44 24 9 19 36 0 8 48 31 16 32 40 11 6 7 21 23 13 30 
540 38 48 17 8 45 32 47 25 19 20 44 34 31 36 27 13 15 1 3 40 12 23 37 29 50 30 16 5 41 14 26 10 33 
541 42 20 18 40 28 31 32 48 7 30 24 2 39 19 16 23 50 46 9 25 10 33 21 44 36 3 37 
542 30 39 36 20 6 40 2 21 11 5 44 46 27 42 10 32 3 24 14 31 45 26 48 37 12 15 16 18 
543 38 28 0 18 7 43 24 48 13 42 29 27 5 23 8 3 21 40 17 16 22 20 6 31 12 49 46 25 32 15 35 36 41 47 26 11 
544 38 18 37 46 19 22 8 11 15 0 23 45 42 17 48 2 7 43 33 50 36 35 34 29 49 32 
545 19 7 39 3 11 1 13 16 9 4 0 48 2 45 10 21 50 42 37 20 36 5 33 
546 38 9 17 48 2 30 46 0 39 49 18 28 16 13 15 8 37 40 4 21 7 22 1 45 24 23 36 11 
547 43 24 32 25 13 17 27 36 23 3 48 29 7 46 8 19 40 12 45 47 31 4 33 26 37 11 50 9 15 2 0 
548 13 21 26 9 27 30 24 23 32 16 35 42 25 11 45 1 48 2 14 33 49 50 6 8 0 28 43 4 
549 38 32 3 46 50 34 5 4 10 22 6 26 25 0 31 30 2 28 15 45 17 44 48 20 33 7 
550 38 39 49 22 47 9 34 6 28 31 12 0 32 19 45 23 16 41 2 13 20 25 14 7 30 24 10 46 43 27 
551 9 19 0 17 26 30 14 25 11 47 5 24 34 45 1 16 44 15 28 42 22 23 12 35 43 18 41 39 37 10 27 4 
552 19 48 14 27 5 22 32 42 9 20 49 1 25 4 35 34 40 41 0 46 2 11 29 23 47 8 7 
553 9 41 21 34 43 35 3 17 4 0 25 5 14 37 40 19 33 50 16 26 48 6 18 22 39 29 15 12 36 11 
554 20 7 10 15 31 41 34 43 16 3 17 21 47 50 29 30 22 33 27 48 2 45 11 26 36 6 18 13 24 14 
555 38 49 17 9 5 50 18 30 8 25 39 36 7 35 31 40 22 15 27 43 4 23 32 34 42 21 13 28 33 41 16 
556 38 5 12 28 35 3 43 39 32 46 23 26 33 4 36 0 2 30 31 34 11 9 21 8 45 22 25 
557 38 39 10 30 12 9 29 43 20 13 46 15 31 18 23 6 42 49 45 26 5 17 35 
558 38 46 39 7 6 37 2 4 5 45 21 17 0 35 1 40 34 19 31 26 9 20 33 28 18 27 
559 38 15 27 37 8 35 45 23 29 4 46 28 16 44 1 43 31 25 36 30 7 40 2 24 32 11 
560 38 37 16 48 40 9 5 6 12 30 2 39 41 32 28 34 27 22 15 23 13 42 45 20 11 25 46 33 49 21 19 35 18 
561 38 5 27 3 13 35 50 18 23 47 2 20 1 25 48 21 36 9 34 33 28 40 10 39 22 32 0 8 4 42 26 17 
562 38 37 8 10 47 12 50 22 21 46 45 41 1 2 36 27 5 9 16 42 14 31 11 20 29 28 25 35 23 4 34 
563 38 43 3 50 37 24 23 2 33 27 44 47 10 40 29 13 35 9 14 36 26 16 22 46 28 32 34 45 30 41 49 7 25 42 15 
564 38 15 14 28 6 37 2 50 8 18 32 40 12 25 10 16 36 24 33 27 23 42 5 9 20 47 
565 38 26 44 7 3 36 4 40 34 16 5 19 42 45 15 2 1 23 32 25 30 27 12 39 9 35 20 13 14 50 
566 38 3 12 1 27 48 5 45 6 32 28 37 24 50 0 30 14 43 11 25 4 7 49 19 22 35 42 8 33 21 39 31 29 18 2 46 
567 34 1 7 27 17 49 19 22 21 40 6 42 33 5 48 25 18 46 0 35 26 23 47 50 8 36 
568 38 3 5 19 21 43 46 29 16 8 4 28 24 0 18 37 30 50 41 49 25 44 10 7 2 31 42 17 36 27 20 
569 50 15 13 12 20 42 3 8 43 26 21 23 49 46 19 2 17 31 25 28 37 30 34 0 
570 9 14 29 41 48 7 40 5 6 43 10 4 15 46 31 13 37 45 28 35 0 32 8 
571 38 42 43 45 19 7 23 8 10 17 40 31 50 0 41 3 15 44 36 37 18 12 47 30 34 33 1 13 25 
572 38 43 28 5 18 30 24 25 36 10 3 41 0 16 15 33 46 20 39 47 14 7 48 23 49 1 22 29 27 31 19 42 6 44 
573 38 3 28 19 41 10 22 32 48 8 33 39 26 0 29 2 14 45 17 16 49 4 13 27 50 25 47 31 18 5 46 1 7 21 9 
574 3 20 18 24 42 5 45 35 50 17 15 7 41 22 1 32 8 12 39 44 31 6 43 27 30 49 36 47 37 19 9 34 
575 38 27 50 30 34 4 41 48 39 24 1 14 6 46 5 2 29 11 17 23 22 9 19 16 35 12 18 
576 43 30 47 1 19 25 27 6 41 17 26 42 20 49 9 34 28 11 46 44 12 39 37 22 48 8 2 14 10 4 
577 38 3 7 15 34 16 2 43 28 1 17 45 44 33 11 30 46 13 47 9 12 27 41 14 49 36 18 
578 38 24 11 13 7 48 31 25 1 46 23 2 50 28 41 0 22 26 20 14 37 40 34 4 47 9 45 42 30 49 19 
579 1 28 27 36 20 34 12 4 30 42 25 2 46 31 33 9 16 11 41 0 37 19 17 21 13 15 14 43 49 7 8 
580 38 18 7 37 40 49 32 39 29 48 9 43 2 8 50 36 10 26 44 24 46 12 0 47 5 19 31 6 20 33 45 28 21 17 
581 38 1 30 16 31 8 35 26 33 20 37 21 48 0 18 36 25 45 49 2 43 22 4 10 5 13 39 23 41 9 28 
582 38 13 15 41 17 22 24 43 26 10 5 47 18 36 45 3 21 25 28 2 31 39 8 35 42 34 1 
583 38 24 40 50 36 15 41 23 32 47 18 26 39 8 11 17 34 37 20 16 35 42 31 6 1 13 46 22 
584 38 7 4 21 1 9 6 26 40 8 31 43 19 41 37 46 11 14 25 39 47 12 30 32 50 28 23 16 18 35 22 
585 38 29 35 10 37 15 33 39 47 12 11 20 45 28 21 44 27 22 42 48 17 3 0 32 49 7 8 41 
586 38 46 20 7 45 16 44 32 47 50 36 13 10 9 19 49 18 43 0 42 14 31 21 5 30 40 
587 13 37 14 36 15 32 3 50 47 35 4 45 41 12 10 0 42 29 44 9 46 17 28 40 2 26 33 11 
588 5 39 41 23 7 22 18 29 4 35 46 27 1 3 30 19 15 12 42 8 17 6 40 10 
589 38 28 27 17 6 31 50 19 2 9 13 11 23 48 40 5 49 1 37 21 14 39 46 
590 43 15 42 36 8 2 46 10 49 37 23 40 33 48 1 16 20 41 27 22 19 31 50 6 13 9 7 45 11 28 14 44 
591 38 3 46 18 40 14 19 16 43 35 4 23 42 29 44 5 45 30 39 33 0 27 9 12 11 17 26 15 48 49 41 50 47 10 13 
592 38 29 17 43 2 9 3 14 48 13 6 37 42 50 40 33 8 39 25 19 44 20 7 4 12 41 32 21 
593 3 26 33 42 20 32 40 2 48 8 30 23 47 37 10 24 39 25 46 12 9 13 15 44 41 43 0 34 4 36 22 
594 7 37 5 24 47 3 10 44 31 6 18 14 34 19 45 49 15 9 42 41 50 43 16 21 23 2 36 35 4 32 26 28 13 
595 38 13 14 29 15 25 4 17 10 36 27 40 3 6 42 20 43 12 37 8 2 16 23 26 30 50 32 47 48 31 
596 38 7 44 13 30 2 34 25 45 21 8 4 41 9 40 33 17 20 0 14 35 36 22 28 15 42 46 37 49 43 47 11 27 23 39 48 
597 38 43 42 36 32 35 45 48 27 39 19 17 18 3 11 10 12 28 23 1 34 5 29 37 13 7 
598 38 42 5 2 45 34 27 50 15 30 49 37 8 14 13 41 6 24 26 16 43 31 39 28 11 47 25 17 
599 38 1 31 28 4 45 9 42 41 6 47 37 3 27 17 0 21 23 50 30 32 8 40 2 14 39 5 10 44 19 48 26 
600 26 24 9 16 3 48 2 39 37 22 33 7 36 44 8 10 23 46 6 15 1 34 31 11 
601 38 1 9 19 39 41 16 21 6 32 48 26 18 31 37 30 10 15 44 0 8 14 27 24 40 17 13 23 3 20 
602 38 39 7 9 43 36 17 16 8 33 25 26 10 6 44 46 5 45 1 34 35 47 24 50 32 21 48 23 13 2 3 
603 38 1 41 0 30 47 29 20 48 49 5 33 50 36 40 46 14 11 37 42 25 13 17 27 43 16 15 9 12 4 32 19 39 28 7 34 26 
604 35 50 30 21 26 9 24 11 14 45 18 27 47 44 8 15 32 13 7 4 12 5 16 41 34 6 29 
605 38 1 18 33 20 11 19 45 25 13 35 0 37 15 8 22 24 48 5 34 40 29 39 2 43 6 16 46 9 3 30 36 47 
606 38 49 40 25 27 6 7 30 2 4 21 42 41 43 31 45 28 37 16 5 3 23 32 11 24 48 46 
607 50 7 18 27 6 32 33 30 4 11 46 49 0 44 2 19 16 8 25 28 29 40 34 5 12 41 1 10 36 48 26 14 9 
608 38 26 42 28 23 47 39 45 0 24 19 20 10 22 15 5 43 2 48 37 36 8 16 6 33 11 27 35 44 
609 38 10 35 6 31 12 33 5 20 41 37 47 9 23 17 32 39 28 44 46 34 25 11 40 22 13 36 29 
610 12 26 30 23 25 50 4 10 0 21 28 8 15 39 44 36 29 40 11 45 27 7 49 37 
611 38 13 2 7 10 31 50 19 4 42 28 44 3 6 15 29 33 25 43 14 17 49 21 1 34 27 12 11 5 
612 38 27 2 45 34 41 6 18 22 23 35 44 25 4 28 17 48 19 20 50 30 39 36 42 12 37 46 7 33 
613 1 35 41 48 8 31 25 17 3 26 15 2 40 42 12 39 46 20 36 28 4 5 47 24 18 49 45 37 16 33 0 13 10 30 
614 38 49 14 11 27 39 41 47 26 25 29 40 20 4 50 31 1 44 46 21 24 42 36 5 18 6 45 8 43 34 
615 38 43 35 13 7 45 22 44 12 33 32 1 42 49 21 24 29 14 50 41 2 5 34 18 48 30 40 26 3 46 28 9 8 17 20 25 
616 38 36 23 13 37 32 40 22 3 5 0 46 10 47 33 4 50 16 2 34 19 26 35 43 29 12 20 44 6 49 
617 38 39 18 10 17 47 0 15 21 3 16 40 42 23 13 4 19 22 2 14 26 45 35 8 46 24 32 41 9 30 36 5 20 6 25 11 
618 38 6 42 4 37 29 3 49 48 2 0 13 26 32 50 34 33 27 18 15 8 39 24 5 25 19 11 16 
619 3 20 10 2 0 15 21 24 11 43 18 29 28 47 22 35 41 8 1 42 13 31 27 37 40 9 44 46 49 36 
620 38 35 0 42 41 6 10 32 31 29 46 14 43 37 22 24 33 3 30 16 1 11 13 49 8 15 36 12 19 47 44 50 34 20 40 18 
621 3 13 15 41 44 24 14 25 36 30 22 2 34 31 45 16 1 4 32 48 33 47 10 23 46 7 26 35 
622 38 9 35 23 18 46 41 21 39 7 26 22 25 4 31 20 36 30 29 5 45 44 13 
623 38 28 10 17 15 24 22 2 12 45 30 29 21 44 40 27 14 11 43 6 34 49 42 20 47 25 26 1 8 32 13 37 0 4 16 
624 38 24 34 41 8 37 22 15 1 16 32 10 29 23 6 17 18 25 4 13 26 44 36 3 9 50 27 49 28 
625 21 3 41 43 42 19 46 11 45 8 13 18 48 49 37 16 17 24 39 9 10 36 44 35 50 28 0 25 
626 38 29 32 36 17 21 11 49 23 8 31 6 1 0 24 25 19 26 3 18 15 2 5 12 16 47 48 10 41 4 35 42 
627 38 6 41 30 15 24 8 20 49 37 11 26 43 16 22 21 45 27 39 7 0 19 46 9 17 32 25 5 1 
628 38 43 42 0 37 12 25 44 27 10 49 16 15 28 7 9 32 21 13 19 5 47 1 50 8 31 17 6 35 26 2 41 
629 38 9 44 32 5 4 3 47 48 45 43 24 35 49 37 16 23 50 10 0 18 27 13 46 1 40 2 31 33 29 25 28 26 7 
630 38 45 29 20 7 23 13 49 0 9 32 42 26 50 8 4 16 28 14 33 6 2 12 27 24 39 10 25 43 
631 26 39 22 32 12 20 1 46 2 4 31 19 13 0 3 15 48 40 43 5 23 50 42 25 9 37 44 8 49 35 47 24 6 
632 38 12 10 0 34 4 45 22 15 21 8 42 31 44 2 7 43 5 29 48 47 13 50 32 30 19 20 1 33 
633 38 50 46 45 41 44 47 13 36 0 48 2 12 42 37 24 19 20 49 4 29 3 15 1 7 18 9 23 8 26 35 
634 38 0 19 50 34 11 3 48 29 7 37 32 14 12 18 30 27 39 33 25 42 41 46 
635 43 1 9 23 17 42 47 30 36 20 18 15 33 24 40 8 2 14 29 41 10 35 21 5 25 49 48 45 28 
636 45 9 27 21 31 5 16 25 26 17 0 40 49 44 12 24 32 8 33 48 50 37 1 39 
637 38 10 12 7 24 20 41 13 26 49 28 31 29 45 35 17 30 1 4 23 27 0 2 14 3 21 40 8 36 50 47 48 46 
638 7 17 50 23 5 13 2 19 45 41 48 46 33 21 20 49 18 22 35 25 15 24 47 8 14 39 0 28 
639 38 28 50 44 48 14 36 37 34 19 0 40 46 12 6 18 15 21 1 4 3 25 22 32 24 23 35 49 8 2 
640 38 27 19 30 29 46 5 8 42 45 21 25 18 4 43 32 48 39 35 34 50 0 1 31 33 49 44 41 
641 38 42 46 14 25 4 10 50 39 30 9 45 49 17 0 31 7 48 12 47 2 29 11 43 15 33 36 
642 38 7 16 14 29 45 26 17 46 24 10 32 40 6 15 3 11 36 47 35 23 44 18 22 28 
643 40 12 27 50 4 17 15 44 25 46 2 29 24 32 6 48 3 42 41 16 35 39 49 45 28 31 5 1 
644 32 2 34 41 17 30 12 18 6 43 11 29 50 39 4 19 25 37 48 44 24 26 36 35 21 16 
645 26 44 23 8 2 27 15 6 21 43 37 22 33 41 17 50 39 13 9 36 25 29 16 35 4 12 5 24 10 20 46 
646 38 15 23 35 48 43 3 1 27 5 18 32 2 10 14 41 36 8 17 6 44 7 46 29 26 
647 38 43 42 0 16 11 46 5 7 28 8 41 9 10 47 27 40 30 25 15 34 29 14 17 12 45 39 1 49 20 44 23 32 
648 38 43 26 46 12 25 16 27 45 21 24 14 35 17 18 30 22 15 29 1 11 7 39 23 28 37 48 42 31 49 41 5 36 10 19 
649 38 42 4 45 32 14 27 39 48 5 21 47 36 18 31 6 22 50 9 49 1 20 15 41 11 3 0 43 37 
650 19 6 37 31 43 42 20 1 0 7 10 23 14 24 29 48 34 25 44 35 21 49 30 15 32 40 
651 38 46 32 47 35 0 44 1 8 12 6 10 23 7 36 49 22 28 33 15 29 26 34 5 13 11 45 14 18 37 16 43 21 27 
652 38 42 10 18 44 37 48 16 30 31 4 1 50 34 0 5 8 36 17 33 6 24 26 29 25 47 12 11 
653 38 2 14 46 15 23 34 11 16 9 33 13 17 18 29 30 22 28 8 50 35 48 36 26 39 44 24 3 7 42 37 47 0 21 
654 45 3 15 2 20 4 12 35 7 16 43 44 41 30 21 48 17 26 33 0 39 47 9 37 8 
655 3 0 14 16 34 27 50 41 22 10 31 36 35 49 17 42 40 12 21 9 11 43 26 20 8 39 
656 13 31 9 19 10 6 42 40 8 12 1 20 39 18 36 15 26 43 24 5 34 3 22 27 37 17 29 30 
657 42 19 4 6 49 16 5 2 17 0 8 1 44 9 34 3 25 48 45 41 27 22 14 11 35 30 33 15 
658 38 19 21 24 48 5 36 23 33 39 42 3 17 30 1 2 31 22 32 35 14 8 7 10 29 50 34 4 44 28 40 
659 38 43 47 30 3 2 6 11 15 5 10 19 26 16 49 41 4 32 42 12 35 1 
660 38 28 35 50 21 22 27 19 41 46 14 15 2 34 12 45 24 40 25 3 17 37 16 7 10 1 0 47 8 43 13 
661 38 1 0 21 44 15 48 3 9 45 16 25 7 34 23 26 6 28 8 37 40 41 50 
662 38 26 28 45 6 2 20 18 23 11 17 37 25 0 22 44 40 49 5 16 32 12 33 15 3 14 41 13 46 1 8 50 36 30 39 27 
663 38 5 18 8 11 36 32 16 3 12 28 7 43 35 42 45 31 27 47 34 24 49 40 33 23 39 14 29 
664 38 6 23 40 34 25 18 31 4 39 11 30 21 44 24 14 0 20 45 47 48 50 12 27 17 
665 25 28 18 21 43 36 4 44 12 47 20 19 16 2 8 34 9 35 49 37 30 29 32 3 46 23 5 15 42 40 22 45 11 
666 43 27 19 17 12 36 16 32 2 5 33 25 39 37 48 8 9 4 35 18 29 21 40 44 7 46 34 23 50 
667 38 43 21 24 30 16 48 29 13 41 17 31 12 18 32 8 0 46 9 22 1 35 14 27 5 40 19 45 11 42 33 50 10 
668 38 50 7 4 37 16 43 31 29 36 19 1 33 26 25 0 48 27 47 3 21 24 9 15 41 40 2 
669 38 19 17 44 34 4 37 30 25 40 1 7 9 16 29 21 24 48 46 12 18 20 43 14 11 
670 38 14 34 19 37 44 15 25 23 9 24 41 4 36 28 27 21 40 18 39 16 13 10 48 47 43 33 
671 20 7 31 49 48 29 10 33 39 9 1 30 24 42 12 45 23 43 13 5 16 15 19 36 3 41 32 8 28 0 2 
672 10 44 12 11 29 7 42 14 1 34 20 2 18 23 45 43 5 19 8 26 4 30 24 6 33 25 21 
673 1 42 46 20 7 32 26 44 11 49 40 12 5 48 39 22 2 31 21 29 36 23 19 34 35 50 4 25 6 
674 12 5 15 9 45 21 50 6 17 18 35 19 36 22 29 11 30 40 46 39 23 28 
675 38 43 50 41 32 34 25 9 17 16 42 45 7 26 1 18 49 5 24 14 12 20 48 2 36 3 29 
676 38 26 13 10 9 43 23 1 22 15 42 48 39 21 28 45 33 35 5 34 49 0 46 41 32 31 4 11 29 16 17 
677 27 23 39 21 29 36 13 22 24 47 34 0 15 12 7 14 32 33 11 20 9 25 45 44 2 18 40 30 48 41 
678 45 6 21 5 15 26 19 43 12 1 13 3 11 27 50 22 33 0 37 25 49 4 18 48 17 35 23 2 31 
679 38 28 8 41 6 18 44 39 21 2 10 40 35 46 42 49 17 36 7 29 23 20 5 32 48 26 
680 38 26 19 20 4 0 24 31 34 3 39 11 27 18 7 10 48 42 30 32 47 40 36 49 33 21 14 
681 38 4 49 37 22 48 31 27 25 6 10 29 5 12 11 13 39 23 8 7 26 20 34 18 28 32 33 35 
682 38 3 40 26 46 36 41 18 16 32 39 4 12 14 6 49 42 25 11 19 8 13 28 
683 38 3 17 44 28 5 16 22 42 10 41 23 14 49 43 0 27 2 7 4 31 30 12 8 37 24 47 36 33 50 21 15 20 48 
684 27 7 15 34 21 14 8 39 36 6 30 9 47 46 2 24 48 33 11 45 3 26 13 0 40 41 18 23 20 16 4 31 12 5 29 42 
685 38 8 31 29 46 34 20 43 14 16 26 24 3 47 13 9 12 37 50 21 7 41 33 36 2 39 11 
686 38 39 49 15 50 47 3 0 24 32 13 23 2 42 27 17 43 34 1 29 35 20 41 10 40 33 7 31 
687 38 36 15 31 42 39 49 44 13 40 10 27 48 47 8 30 16 28 11 9 23 3 32 14 34 41 
688 3 1 4 48 39 2 20 28 46 27 30 47 50 9 26 41 17 0 7 45 44 29 22 5 25 18 40 33 11 15 19 34 49 43 12 
689 38 27 5 37 8 16 33 29 20 24 1 6 28 13 43 32 14 48 4 35 23 39 34 3 11 26 19 15 30 9 44 36 25 18 
690 38 45 37 44 16 34 1 2 29 39 20 3 49 17 0 5 11 24 27 6 50 23 25 4 8 18 40 15 22 
691 9 21 26 6 49 37 30 31 12 33 45 35 0 3 20 7 23 4 39 47 25 43 48 8 29 50 46 16 15 10 42 28 
692 38 11 33 25 39 13 41 2 15 26 46 1 7 6 29 42 50 40 24 9 35 28 47 14 43 34 27 21 44 18 22 12 3 30 
693 38 46 0 21 25 50 13 45 35 5 36 4 19 49 17 32 47 8 7 15 41 34 22 28 23 30 6 3 26 44 33 
694 39 41 30 22 23 34 33 25 5 49 16 12 27 9 37 40 11 43 46 42 6 2 26 14 31 50 4 8 18 28 36 13 15 7 
695 26 19 36 20 6 14 9 4 30 3 13 32 24 45 37 16 43 12 42 49 8 46 40 29 33 41 35 25 
696 43 1 30 2 29 41 28 13 31 25 11 37 20 40 45 7 8 14 10 36 3 17 48 42 26 49 5 18 
697 38 43 26 49 8 19 17 16 23 18 44 12 30 39 40 11 3 5 20 48 27 0 47 31 
698 38 41 21 13 26 40 28 19 6 18 11 43 37 44 9 12 27 42 48 5 29 36 14 45 7 10 34 
699 38 49 42 9 10 12 40 11 4 44 29 27 45 37 5 2 30 48 8 25 3 6 36 
700 38 6 49 0 33 50 20 45 37 35 17 43 22 15 21 24 11 13 48 19 46 26 14 12 18 41 47 31 29 25 
701 38 29 37 30 23 31 50 39 17 28 48 46 0 16 34 14 33 9 22 4 11 24 47 40 49 36 45 6 41 20 
702 38 23 33 1 42 39 37 3 35 26 19 41 48 43 29 25 17 30 44 24 12 50 8 10 6 47 40 31 36 46 15 7 9 
703 36 24 2 12 35 47 5 7 15 8 33 11 16 48 50 18 22 28 13 23 44 3 49 26 19 41 4 1 6 
704 8 1 12 48 39 19 45 18 31 3 17 14 7 44 24 36 2 43 
705 38 41 10 19 28 26 5 13 6 21 24 34 3 49 17 39 9 50 1 36 16 32 29 15 31 27 40 33 
706 8 28 13 9 14 49 39 10 17 31 11 2 6 46 15 20 45 29 19 12 21 24 47 40 35 
707 38 5 50 45 44 14 33 26 6 18 37 28 11 41 42 39 20 34 27 46 24 29 25 30 9 15 0 7 4 47 40 
708 38 35 19 41 25 46 6 37 7 43 23 28 3 12 11 20 31 50 2 18 17 22 5 9 34 0 24 29 27 45 26 
709 38 35 46 44 28 20 40 14 36 22 24 5 34 11 3 10 37 50 19 42 13 23 4 47 33 9 2 6 17 1 0 49 25 
710 35 22 17 18 16 2 13 3 24 8 1 47 0 39 23 14 19 25 30 27 7 4 46 34 45 32 41 20 
711 38 43 1 5 40 33 39 19 6 23 46 44 4 49 30 14 22 36 21 34 35 41 32 26 15 45 9 28 20 27 11 
712 38 36 7 2 25 46 49 32 45 48 42 3 22 15 39 28 12 0 5 8 17 41 19 10 11 21 4 23 
713 38 44 25 11 10 46 41 34 31 39 9 33 13 42 16 47 48 19 22 4 7 43 45 8 36 3 32 2 30 0 1 21 18 
714 38 50 45 32 9 3 5 18 31 11 7 30 23 35 40 27 2 25 13 21 28 36 48 12 10 46 15 39 29 43 17 
715 38 35 27 17 18 34 31 3 45 6 42 24 2 16 7 48 28 49 32 19 14 11 26 36 9 22 37 50 
716 38 30 32 45 15 14 31 40 2 50 49 43 9 0 16 44 3 42 37 20 24 39 13 23 46 26 25 22 1 27 47 33 
717 38 43 10 44 33 5 17 37 15 23 35 30 24 6 9 28 11 26 32 7 18 14 39 46 4 1 19 47 25 13 20 48 0 
718 39 32 14 30 48 2 28 36 22 47 25 4 1 15 8 34 27 31 0 18 37 24 23 45 
719 38 5 39 42 35 3 22 15 48 34 10 16 44 33 20 19 41 30 27 26 2 37 7 17 31 23 29 
720 35 16 24 29 10 18 28 31 0 37 19 7 3 42 48 49 2 6 27 32 33 50 23 45 4 46 34 30 39 
721 38 29 19 41 30 16 22 50 47 33 1 13 28 40 6 48 0 43 31 9 4 24 2 34 15 5 36 11 20 18 17 32 27 39 
722 38 49 21 31 29 47 34 45 17 44 12 4 48 40 8 16 20 1 22 32 36 41 19 39 0 30 14 6 9 27 42 46 
723 38 43 9 40 36 21 12 1 8 11 44 16 25 42 45 32 48 14 6 37 34 23 13 46 4 19 29 22 
724 43 15 27 7 41 42 18 21 20 32 37 28 47 19 4 16 25 50 17 11 35 26 0 9 
725 3 46 41 14 4 47 35 43 50 22 1 0 16 9 31 36 44 13 40 6 25 7 5 48 42 23 37 10 30 12 39 20 
726 44 47 5 16 29 46 45 41 17 19 0 8 43 48 9 2 14 1 26 23 42 31 24 49 7 34 3 50 10 33 
727 38 1 6 33 39 46 7 41 21 40 12 3 10 31 0 2 44 16 22 15 13 49 5 45 25 35 24 23 47 30 9 29 34 42 26 
728 38 16 8 39 10 23 47 20 13 2 33 44 32 25 46 28 36 35 37 50 7 11 40 27 14 45 9 48 42 31 5 17 
729 43 13 48 35 7 0 1 49 39 19 10 30 42 25 50 47 40 31 2 32 41 26 8 18 14 46 45 5 
730 38 26 39 19 40 29 7 37 3 45 9 44 47 2 33 30 42 14 25 1 31 12 4 36 28 27 34 35 20 0 16 6 17 
731 43 36 8 46 13 17 5 30 21 48 37 18 47 7 4 0 42 34 26 23 35 40 6 25 
732 38 29 20 45 18 21 5 50 25 30 22 32 47 36 13 7 28 10 37 17 33 42 9 49 15 24 35 40 31 2 
733 3 50 49 2 25 20 7 43 28 13 9 26 19 6 34 32 36 45 0 47 18 8 37 35 
734 28 30 15 34 20 8 0 22 47 4 17 1 21 27 35 18 9 24 11 50 5 46 41 32 40 2 7 25 6 16 33 
735 38 34 26 16 30 3 12 1 2 20 5 15 14 9 42 41 7 47 8 40 0 28 48 21 19 37 31 6 33 
736 16 15 35 5 8 28 20 27 50 4 41 3 22 44 24 21 11 37 17 0 18 45 7 
737 38 42 10 7 19 6 34 11 5 23 47 31 43 4 0 22 21 49 28 15 8 44 29 35 20 14 37 32 18 26 
738 38 50 44 8 31 39 17 24 7 29 1 2 48 18 30 21 19 6 0 46 11 10 36 16 14 4 37 27 13 5 28 42 33 
739 38 27 36 13 24 35 11 4 7 37 41 23 32 5 16 22 34 43 15 21 29 47 40 30 0 2 10 17 48 20 45 19 39 6 46 
740 38 1 39 45 47 31 7 18 32 20 13 26 12 43 15 29 19 48 25 46 49 24 37 10 8 
741 38 35 50 9 0 46 1 41 30 34 39 5 26 4 29 15 33 27 11 16 8 12 6 17 45 37 20 
742 38 41 10 33 11 27 3 6 1 18 30 22 24 14 42 29 47 36 25 39 31 19 45 28 9 23 34 46 5 37 35 
743 23 28 5 0 14 25 35 1 34 9 36 10 3 31 15 43 44 33 13 50 29 8 4 21 37 6 42 27 39 
744 38 45 49 23 28 20 30 32 4 12 33 37 17 22 26 47 6 0 9 46 40 14 36 8 50 39 1 16 24 41 34 18 
745 38 20 17 6 37 32 46 27 13 28 23 47 31 43 8 50 45 41 21 10 15 44 40 34 25 36 5 19 
746 21 29 20 37 27 5 1 26 30 28 10 17 42 24 32 40 2 22 45 41 47 48 14 46 12 
747 43 50 16 32 5 45 17 15 9 22 46 41 48 19 23 4 33 27 30 7 31 25 3 
748 38 43 3 16 28 26 31 33 35 20 5 2 22 7 18 47 36 39 4 41 8 13 9 49 42 15 27 11 
749 43 19 25 3 13 7 23 45 17 49 48 40 41 18 50 14 29 36 10 1 4 27 30 15 21 44 6 8 33 11 42 46 34 22 2 
750 28 5 36 6 8 14 15 11 25 46 48 4 29 19 3 2 39 41 47 33 1 30 9 24 45 26 7 21 18 27 42 
751 43 47 30 5 50 7 4 48 11 39 37 22 21 20 42 41 24 8 25 16 10 31 12 33 
752 9 24 35 16 26 5 18 11 46 13 8 21 45 43 0 1 22 36 25 19 50 3 48 2 34 47 27 6 20 42 
753 28 0 40 25 19 8 12 7 6 22 14 45 35 39 15 18 29 44 43 5 31 46 33 41 17 13 
754 46 50 13 47 31 27 37 16 34 28 36 17 19 43 21 3 15 12 41 9 2 48 26 4 30 35 39 18 42 45 11 
755 38 43 42 34 18 32 0 19 13 31 11 50 2 9 1 48 4 24 47 49 21 44 41 8 16 17 20 35 46 
756 43 28 46 41 20 6 17 13 27 3 4 23 11 9 50 25 30 8 7 19 45 5 49 39 47 14 10 
757 0 30 34 7 10 40 33 16 23 28 5 50 21 47 48 4 45 3 27 31 44 8 
758 38 19 13 40 45 6 36 7 8 2 42 50 12 10 21 37 22 49 18 20 32 14 29 5 35 15 9 23 26 28 34 
759 38 5 23 30 3 16 26 31 39 45 37 11 41 24 40 46 27 19 21 35 48 4 7 18 15 17 28 42 20 2 
760 38 28 49 47 35 30 12 10 8 36 4 22 24 26 20 23 5 27 14 3 18 7 31 33 44 39 32 40 42 43 46 
761 38 13 22 8 27 18 42 6 32 47 11 23 3 41 30 28 9 48 40 36 35 19 45 20 
762 38 1 17 20 13 6 41 21 29 46 7 16 19 0 22 9 47 31 43 11 42 35 28 36 26 32 49 34 33 3 50 4 45 
763 38 19 47 39 13 45 49 33 50 23 15 48 7 21 2 42 9 37 27 36 25 43 46 6 34 12 35 17 1 24 4 32 18 41 11 
764 38 9 34 31 46 39 18 50 32 33 19 45 10 12 41 37 36 35 27 8 49 29 23 48 26 21 47 44 0 22 28 7 
765 46 50 21 39 4 20 23 14 9 13 45 41 34 11 18 37 22 8 12 17 16 42 5 29 49 26 6 
766 38 24 23 28 9 19 45 37 30 40 1 49 47 5 0 26 39 29 33 21 3 50 42 10 17 34 4 13 35 
767 38 26 35 13 32 31 3 50 42 27 22 34 25 7 48 11 6 14 46 36 15 21 24 47 2 41 45 
768 31 11 22 25 23 50 13 41 15 33 26 21 20 1 40 16 5 12 36 39 9 37 48 42 45 47 8 14 49 
769 43 13 6 50 26 37 30 14 20 39 23 16 34 36 24 25 5 2 47 48 41 
770 42 45 37 44 47 2 27 21 31 25 36 0 43 41 17 12 19 18 5 4 23 3 10 46 33 39 11 6 1 
771 38 18 37 30 32 47 39 20 8 25 45 26 23 7 29 5 11 4 40 14 0 36 6 46 10 2 49 19 
772 38 48 4 45 32 35 13 3 43 5 18 11 36 50 37 44 31 39 33 40 46 7 41 24 20 30 12 25 
773 38 7 16 11 5 40 26 32 39 37 8 34 43 23 10 15 20 31 18 42 44 47 48 14 45 25 22 50 41 13 46 
774 43 45 36 13 24 48 20 26 49 11 5 2 17 0 44 1 32 8 12 22 41 25 14 28 9 31 18 
775 38 20 41 40 31 17 12 33 49 23 25 39 13 4 1 2 28 30 24 19 18 45 48 43 27 47 34 46 3 
776 38 6 8 28 5 46 4 10 23 45 16 33 32 34 35 7 43 30 20 48 1 13 12 17 2 22 37 39 
777 43 29 45 11 31 28 49 34 7 30 23 9 26 22 1 24 5 42 16 20 14 27 
778 33 26 28 4 0 21 14 7 49 1 37 22 3 23 12 25 36 44 2 35 6 19 8 47 9 40 30 18 45 
779 46 3 42 5 17 2 44 31 12 19 7 22 15 36 8 30 47 26 28 16 21 11 24 23 9 14 41 45 43 10 25 
780 38 46 12 5 4 10 17 22 18 26 33 13 0 35 24 23 3 39 45 30 8 9 29 25 27 1 20 
781 38 3 41 30 22 33 1 47 32 31 35 25 16 9 42 49 21 48 18 43 23 26 44 15 27 17 2 11 
782 43 41 28 5 6 18 12 20 22 47 14 39 37 21 31 9 36 24 32 40 25 30 48 3 46 15 0 33 10 49 27 7 2 13 
783 38 31 41 6 30 2 14 1 32 9 17 42 27 40 29 8 28 46 4 5 24 3 49 18 10 48 45 
784 38 39 28 13 10 16 44 14 7 32 5 43 50 37 1 31 25 0 30 45 8 42 15 21 49 6 17 26 35 33 19 24 
785 46 45 11 26 5 13 47 9 2 1 50 41 28 4 43 42 18 21 48 34 17 22 24 14 31 37 16 7 44 23 20 25 
786 38 0 7 41 32 2 31 39 36 19 4 45 22 47 14 49 43 15 25 5 46 17 50 48 20 9 24 23 42 3 12 6 
787 35 27 49 43 19 45 21 23 32 37 8 12 28 5 40 31 1 39 26 2 17 44 24 25 10 30 3 
788 38 27 5 29 23 15 22 9 25 48 41 17 8 42 4 0 32 31 19 18 21 10 7 26 11 49 35 
789 18 13 49 30 22 24 11 36 15 9 21 8 33 41 5 12 32 10 23 4 44 27 48 17 25 29 40 46 
790 43 27 44 2 42 0 37 16 22 5 10 33 19 6 39 15 45 28 3 47 48 8 9 26 40 1 12 11 41 36 
791 38 42 35 46 31 17 22 44 32 2 12 7 16 23 33 49 37 15 8 3 4 19 14 34 6 1 43 39 50 36 
792 38 43 3 32 31 37 23 9 39 26 5 11 41 17 12 42 16 47 2 1 33 24 28 22 48 20 14 49 36 29 27 34 18 25 
793 38 27 36 47 1 42 32 34 25 41 2 6 17 26 9 5 23 35 19 12 46 43 10 48 0 14 11 
794 42 45 16 12 44 35 50 40 8 34 5 21 29 28 36 4 10 47 9 20 23 6 2 11 48 37 1 24 32 0 14 3 43 22 
795 38 24 36 16 27 45 41 50 48 33 34 5 7 40 18 30 43 39 49 42 44 8 
796 38 43 50 19 31 27 9 7 21 37 47 49 11 5 41 48 10 32 35 25 40 2 14 12 
797 3 35 6 16 14 46 2 9 4 37 43 20 23 26 5 31 17 50 44 28 33 48 8 0 30 18 47 34 
798 38 3 27 6 0 26 30 21 18 48 2 42 10 28 29 23 43 8 50 44 33 16 34 4 45 36 7 11 15 
799 23 37 30 33 19 36 1 47 16 46 9 7 27 12 11 39 44 32 34 20 13 17 15 0 5 10 43 41 50 
800 38 42 28 1 5 21 33 11 50 19 24 34 37 26 27 15 40 49 39 16 31 22 43 14 3 8 6 45 44 
801 38 1 18 48 46 19 44 47 20 10 32 14 33 23 40 36 12 3 15 17 39 9 0 8 30 35 24 49 34 27 6 43 25 
802 43 13 41 46 36 23 34 31 11 20 10 0 14 35 24 2 29 33 42 48 8 45 12 9 39 49 37 
803 38 9 48 20 10 18 46 50 19 26 37 31 49 17 47 12 27 30 29 28 23 34 6 25 21 36 45 8 33 
804 38 3 29 0 34 25 19 21 43 50 9 23 1 13 15 40 31 42 6 47 37 48 20 39 41 49 36 14 4 26 27 2 
805 38 4 37 21 41 31 46 36 2 33 12 22 7 45 19 44 34 20 16 47 27 9 23 6 40 25 26 35 50 17 0 1 29 39 
806 38 49 22 32 48 4 37 24 35 1 13 10 30 50 44 9 19 46 29 26 27 20 7 42 6 33 41 17 
807 38 42 30 24 50 4 3 16 48 40 33 7 41 35 31 27 10 25 28 21 26 47 39 14 44 12 15 1 23 8 34 18 37 5 13 
808 34 3 9 23 12 43 20 16 33 19 24 40 2 8 47 27 25 7 0 15 28 10 41 13 17 26 48 36 11 
809 38 1 5 4 30 50 13 0 20 37 24 39 6 40 31 17 34 7 41 49 16 26 35 43 44 42 25 36 8 19 
810 38 27 20 4 47 39 1 42 11 36 49 30 29 0 14 6 12 31 33 46 8 3 19 16 21 24 45 35 25 28 13 
811 38 43 3 15 35 17 44 2 19 42 22 23 34 30 28 47 50 13 45 37 20 31 9 1 39 46 32 49 16 29 10 41 6 
812 38 49 17 31 13 2 47 26 42 34 19 41 39 3 22 9 40 35 37 16 46 21 7 44 23 50 0 8 45 12 
813 24 43 47 34 20 41 8 5 16 48 18 21 3 7 49 30 2 13 23 33 25 15 36 40 45 46 9 26 
814 38 1 22 15 13 41 49 23 43 12 17 26 6 9 16 5 14 0 28 33 25 37 47 7 18 42 24 48 
815 4 19 43 16 24 31 41 35 21 42 18 33 6 44 50 2 0 45 39 7 22 13 20 26 32 34 12 
816 6 16 12 11 0 15 24 3 34 39 49 32 9 41 18 35 25 7 37 28 44 2 26 5 8 19 1 30 17 29 50 10 
817 38 43 1 46 6 32 17 35 5 30 21 24 12 45 49 10 44 29 50 26 3 7 37 15 41 20 27 9 23 34 25 
818 38 42 23 40 50 36 41 8 31 19 6 47 20 4 24 14 44 13 49 22 15 46 12 35 32 27 7 
819 29 35 20 10 37 2 11 45 49 28 44 32 47 50 25 8 21 41 26 7 1 14 5 6 48 9 15 42 19 3 
820 38 43 41 0 14 34 6 23 31 7 37 50 29 30 24 44 9 19 22 15 21 32 39 8 45 10 13 48 5 11 25 
821 38 26 28 24 8 34 6 10 3 12 13 17 15 50 16 19 32 2 25 45 30 4 49 46 14 23 40 43 1 
822 43 16 11 13 4 10 18 44 39 28 36 20 26 29 31 3 41 19 12 25 49 21 45 1 14 30 
823 1 28 6 10 18 50 14 31 8 12 37 47 2 19 15 45 49 0 4 21 16 13 44 9 26 20 33 
824 38 37 29 39 36 23 8 2 5 30 34 10 17 33 7 45 1 44 31 0 18 28 6 15 24 26 3 20 11 32 49 14 42 22 19 35 13 4 21 48 27 16 
825 38 18 22 1 2 20 29 46 25 43 30 12 36 32 40 26 34 17 27 5 23 50 11 37 45 8 14 28 3 7 0 15 
826 38 28 4 8 3 16 11 10 0 37 50 45 25 36 23 2 12 9 24 26 33 17 43 30 22 15 27 14 39 
827 38 33 35 10 48 17 43 39 14 30 11 13 49 18 7 6 47 20 24 40 8 2 46 41 21 0 3 
828 38 20 15 16 21 47 17 23 29 34 43 44 42 48 14 0 2 49 1 5 7 41 45 4 8 31 25 40 13 
829 38 26 42 19 41 45 16 25 5 50 43 36 47 22 48 34 31 37 15 46 35 20 11 18 39 24 23 32 27 49 0 28 44 10 4 17 29 
830 38 42 14 12 46 24 32 22 5 19 21 23 15 35 25 45 40 33 17 0 20 29 13 6 39 18 7 2 28 10 
831 3 12 27 4 45 24 41 15 23 47 13 50 48 31 0 26 32 8 5 19 14 39 35 36 49 25 
832 29 18 22 35 39 10 49 31 48 2 46 9 19 44 21 13 43 15 50 25 16 42 47 27 45 11 36 32 28 41 
833 3 5 18 29 0 41 9 25 36 20 26 30 10 2 33 11 27 39 45 43 32 48 8 13 15 19 
834 38 43 24 12 33 4 16 22 1 28 9 45 15 5 48 46 30 6 8 27 29 2 32 17 36 18 14 
835 38 41 10 15 21 24 35 26 42 32 12 11 45 25 6 49 18 4 37 16 14 5 2 7 33 39 22 44 28 46 1 47 36 29 0 9 3 30 
836 38 43 9 50 36 35 49 14 25 27 26 16 22 24 8 37 48 46 12 29 17 10 7 30 2 13 44 18 1 5 6 
837 3 41 6 16 22 47 40 30 24 0 34 13 5 7 49 1 46 48 33 44 14 25 26 17 42 4 28 8 
838 33 35 41 46 39 12 9 29 3 1 42 47 49 23 15 26 6 50 48 40 22 2 27 10 
839 5 41 16 46 44 12 50 17 39 0 40 49 11 10 48 34 33 25 2 1 6 32 31 23 47 7 15 21 
840 27 30 2 7 41 25 45 0 48 49 43 50 1 10 21 36 46 44 3 14 8 32 34 33 42 17 16 24 19 15 22 
841 38 16 47 48 27 44 11 8 36 41 0 30 23 29 20 5 22 32 6 15 21 35 12 19 28 2 10 45 42 
842 38 26 29 41 46 27 13 15 40 2 43 44 32 19 23 42 8 31 37 14 25 18 28 45 11 35 10 47 48 4 34 21 7 
843 4 45 18 35 10 26 21 8 44 42 16 9 7 3 36 47 2 12 25 15 49 28 20 22 27 24 19 23 
844 38 29 5 41 11 47 36 21 42 13 16 46 45 1 26 48 12 27 18 8 30 49 40 3 25 22 15 
845 36 17 24 39 41 21 42 0 37 10 48 18 26 47 16 22 6 5 7 23 30 50 11 46 45 35 1 28 19 4 8 31 12 
846 38 42 44 32 50 0 23 5 7 12 43 39 30 40 46 37 17 26 4 9 18 
847 38 30 37 44 34 25 9 46 23 8 14 1 6 3 36 41 49 39 32 40 21 10 22 35 42 43 45 24 29 28 17 18 
848 38 43 29 39 15 12 17 25 11 0 26 41 4 44 37 48 8 2 45 50 10 27 18 20 42 46 36 30 13 34 24 31 6 22 19 1 
849 38 6 37 15 35 19 24 48 28 0 26 44 21 12 20 41 16 31 34 46 50 17 30 32 3 22 1 8 2 11 
850 28 36 13 10 47 34 17 11 46 32 43 2 25 35 26 37 9 42 22 20 30 21 29 24 5 18 27 
851 38 9 6 43 49 15 20 7 41 27 39 37 26 33 19 22 44 25 32 31 1 46 29 24 17 45 36 8 12 4 
852 26 4 24 2 33 3 18 47 5 29 35 48 20 6 9 32 41 30 37 28 49 39 14 17 16 44 19 22 43 8 11 
853 38 42 29 8 22 2 50 6 12 46 34 7 10 17 32 45 35 33 30 9 5 27 21 23 4 43 11 14 39 19 
854 5 49 17 40 43 3 25 19 1 42 31 35 4 27 18 28 16 47 0 34 10 6 8 15 24 33 41 32 2 
855 38 20 6 0 42 10 31 39 4 45 41 40 24 12 27 3 30 14 46 29 7 11 18 22 43 15 9 36 33 21 26 25 
856 38 43 46 3 10 5 17 0 39 30 22 50 13 48 25 47 8 16 44 24 7 33 19 6 
857 38 13 17 23 39 48 40 35 7 25 5 21 33 9 4 28 34 46 30 42 49 0 15 26 8 12 3 27 44 32 41 18 20 45 
858 38 5 17 0 2 12 32 48 25 41 20 26 37 21 7 45 36 39 42 4 14 24 8 13 33 
859 38 43 46 12 3 18 22 27 45 0 28 6 4 49 39 37 29 40 14 9 24 32 25 15 17 33 10 
860 45 22 21 29 41 12 11 46 4 15 44 36 49 17 26 23 47 33 19 24 10 2 43 28 42 14 34 
861 1 35 15 25 45 17 0 48 14 26 18 23 47 49 50 22 21 41 13 34 46 24 42 31 4 30 44 12 29 
862 38 42 43 29 39 20 24 7 18 15 40 10 35 4 8 12 41 6 23 46 3 30 28 34 22 1 14 36 5 26 47 9 
863 0 21 35 48 1 5 23 31 19 3 24 4 18 29 40 46 28 6 17 34 10 9 47 49 8 37 
864 34 15 40 33 45 18 26 48 25 17 30 50 8 44 20 2 42 5 16 1 
865 38 43 9 5 50 33 27 10 28 37 31 46 0 21 16 19 44 11 6 18 24 8 29 7 32 36 13 34 
866 38 28 19 34 10 15 29 6 17 32 33 11 23 27 16 22 4 48 2 1 30 13 36 43 46 44 50 18 24 7 3 
867 49 46 17 40 8 42 29 19 21 27 32 20 23 39 22 35 12 
868 37 27 50 6 12 11 32 48 34 25 3 14 7 41 8 18 30 22 20 47 2 29 17 24 45 31 36 16 49 23 
869 35 46 49 47 34 32 5 45 26 2 31 39 29 36 7 3 44 1 14 18 30 9 10 28 48 50 25 15 12 
870 27 49 36 13 3 5 10 37 45 29 25 1 35 16 23 39 8 18 24 22 21 40 34 4 11 7 
871 3 40 12 6 43 18 23 11 15 2 46 4 49 29 37 35 39 13 21 48 45 44 9 27 0 8 50 14 42 17 33 10 41 47 
872 26 41 20 1 11 34 50 6 17 45 5 14 27 42 39 0 37 16 40 33 13 21 7 
873 38 43 19 23 32 28 0 46 4 37 15 21 31 5 49 47 50 40 30 42 48 10 12 33 45 8 25 1 26 24 6 34 39 
874 38 28 50 27 4 16 10 0 33 13 24 23 25 1 41 6 12 42 3 47 29 31 21 49 14 48 8 5 34 11 37 19 
875 38 1 50 24 8 28 33 3 17 2 23 47 12 25 11 9 31 36 5 13 10 14 15 46 48 35 20 19 7 0 27 4 29 40 
876 38 1 10 48 14 20 29 45 18 16 32 31 33 15 47 39 46 43 11 2 3 9 23 41 35 17 
877 43 3 9 20 34 10 7 8 6 25 47 40 4 30 27 15 45 33 37 35 
878 38 19 32 29 7 0 18 16 15 6 48 34 17 24 43 39 46 13 47 4 8 36 40 25 26 2 27 37 10 23 
879 40 12 4 49 21 34 31 33 46 22 15 47 28 20 5 45 41 0 18 3 7 48 44 35 39 36 9 26 19 8 14 42 16 
880 38 43 36 30 47 12 29 27 50 41 16 21 34 3 45 23 2 48 7 39 40 1 15 35 22 24 20 18 
881 30 46 5 21 44 24 40 8 31 32 7 17 25 18 26 48 36 10 49 19 2 14 16 6 50 33 34 12 3 11 
882 43 40 14 35 27 13 6 2 9 33 5 18 24 0 28 50 29 15 17 20 10 19 31 36 25 11 32 37 21 
883 38 10 30 12 47 48 8 25 15 42 35 13 3 5 32 33 39 21 40 36 23 20 26 44 17 
884 38 15 41 18 16 39 7 29 36 13 28 23 42 3 37 30 24 48 8 22 21 44 1 17 50 34 31 11 4 6 
885 43 3 49 42 10 18 48 11 34 44 47 14 12 17 36 7 8 9 25 41 6 13 35 4 29 32 40 16 21 
886 38 5 45 16 40 2 46 20 30 21 39 49 4 18 9 26 23 48 14 44 50 0 24 42 41 11 27 3 29 1 25 10 
887 38 28 29 43 46 17 8 34 0 24 12 37 22 21 48 25 16 36 18 19 20 13 26 9 4 15 40 10 33 7 
888 36 7 31 1 27 23 4 15 8 28 16 40 20 17 21 3 35 32 46 14 42 44 9 49 26 29 24 39 34 33 
889 19 13 10 12 46 6 24 15 14 29 31 5 25 7 9 23 39 33 48 50 3 11 44 42 26 27 40 8 16 4 22 
890 43 5 39 36 16 12 34 25 7 37 24 28 49 9 13 41 30 45 46 32 29 21 1 50 17 10 8 26 23 4 31 18 
891 38 43 41 10 16 14 13 7 6 2 39 36 31 1 21 17 29 4 32 48 5 15 42 12 37 19 
892 13 37 36 0 30 24 2 33 39 26 20 3 28 42 8 43 4 49 35 31 44 50 22 46 25 1 21 40 34 
893 43 3 6 28 13 36 47 31 39 29 0 18 9 7 11 10 24 40 33 45 15 44 42 17 16 21 12 22 20 41 19 
894 38 21 31 6 0 15 24 43 48 32 34 2 25 46 50 30 4 36 26 45 11 9 7 14 
895 46 50 20 4 23 11 45 16 7 22 25 34 42 14 41 10 8 36 15 12 35 21 28 3 39 
896 2 19 15 24 32 10 44 28 34 16 1 46 18 48 25 39 21 20 42 36 14 41 29 5 26 12 
897 20 4 49 25 43 22 21 14 26 17 19 16 24 11 45 46 39 15 34 27 9 18 35 7 44 40 12 47 13 
898 22 37 26 5 50 3 0 16 21 7 34 13 41 1 44 23 9 24 40 19 25 18 30 4 6 2 31 12 29 49 
899 38 37 50 49 40 9 28 41 25 11 19 6 15 14 23 12 17 18 5 46 26 8 13 48 20 21 43 16 1 34 0 45 35 
900 38 1 37 27 18 11 7 23 12 33 26 19 28 49 17 35 30 2 46 36 24 39 16 45 9 29 5 41 8 13 48 6 25 42 21 50 
901 45 8 41 10 47 14 31 17 39 32 36 18 24 46 25 40 9 6 11 7 21 43 19 37 48 23 4 
902 38 37 33 25 20 45 26 7 44 24 10 22 29 32 11 9 31 49 43 2 50 13 
903 38 28 27 30 29 44 33 13 41 6 35 17 1 14 4 23 9 39 45 46 49 3 11 34 47 40 8 
904 38 49 30 42 29 20 18 23 33 50 26 13 41 35 39 46 48 8 1 16 44 10 9 36 32 12 0 47 27 11 
905 38 3 10 30 50 6 26 14 4 43 47 25 11 17 32 42 45 28 39 37 49 2 12 33 36 24 40 22 
906 38 49 0 30 13 2 27 5 7 26 15 40 45 48 21 34 36 16 32 46 44 23 14 31 9 35 47 1 43 10 4 
907 43 1 46 49 22 21 47 33 8 7 28 32 40 31 12 50 2 20 3 29 44 30 25 34 45 13 10 35 48 6 39 5 27 23 37 26 
908 38 39 15 43 36 20 37 33 27 50 3 19 32 31 9 49 0 2 41 16 21 7 35 29 48 42 26 30 14 34 1 
909 3 17 18 8 2 11 10 6 1 15 32 40 23 26 16 13 9 27 46 22 50 34 45 31 29 49 
910 38 1 3 9 39 4 15 21 2 7 17 16 8 14 10 49 46 30 18 41 34 5 44 50 45 48 25 26 0 23 13 
911 38 9 11 30 14 5 39 1 19 23 36 26 31 33 6 18 47 21 32 10 37 0 25 45 34 35 48 
912 14 43 3 4 41 48 34 42 9 18 31 25 13 29 37 1 27 28 8 49 30 12 11 45 47 0 
913 38 20 32 12 11 27 7 4 5 45 41 18 14 34 22 15 47 17 40 2 43 33 44 1 48 39 8 21 36 37 23 0 49 25 
914 38 49 0 24 15 25 4 30 12 27 26 42 41 16 14 48 33 50 7 32 31 29 20 19 37 11 8 6 13 36 22 
915 38 3 24 33 27 18 21 5 9 43 48 44 14 34 20 6 30 13 4 41 12 39 46 16 37 40 10 
916 39 20 7 41 46 5 3 4 11 50 32 15 37 26 49 22 1 6 43 23 34 40 2 16 0 
917 38 43 6 16 21 44 29 13 41 1 48 32 11 40 20 15 3 26 9 33 46 39 28 17 50 36 42 31 
918 38 24 40 31 50 39 2 46 26 45 6 29 36 15 22 25 49 42 48 7 8 1 17 37 12 9 16 3 
919 1 35 5 14 25 46 13 44 45 17 30 15 9 16 22 37 21 50 23 36 4 48 2 47 41 24 3 49 39 6 18 10 11 
920 38 35 41 6 27 36 20 31 22 4 26 39 43 5 9 25 46 24 28 3 19 7 1 33 45 0 47 42 
921 38 26 49 32 9 20 22 39 36 21 2 12 14 16 46 47 37 28 15 5 0 41 3 17 27 45 4 23 8 34 
922 38 21 47 31 40 8 29 17 2 45 6 4 49 14 28 5 7 42 12 22 41 36 10 23 32 20 1 9 18 34 26 25 35 
923 38 26 19 40 3 30 15 24 1 49 22 35 36 10 27 31 46 17 28 32 47 33 18 12 11 45 50 48 7 43 13 37 39 23 6 2 
924 38 43 39 18 30 42 33 49 40 11 46 9 32 6 0 45 3 17 25 31 15 24 5 10 37 4 
925 43 8 33 9 24 49 17 32 14 26 41 1 0 37 27 7 21 47 5 25 4 40 3 34 50 10 42 31 12 6 
926 43 4 45 14 12 36 29 41 49 23 42 35 37 22 5 39 46 3 31 47 17 44 1 26 24 27 
927 42 9 14 37 46 19 7 28 36 16 25 11 41 30 32 5 18 29 50 44 17 6 39 21 2 20 23 40 8 
928 38 42 39 21 11 10 32 40 20 29 2 36 4 7 44 47 48 16 22 23 46 35 17 41 34 8 33 45 12 
929 29 39 7 49 24 47 8 15 36 13 27 25 6 9 3 12 20 19 2 33 17 16 48 28 41 5 4 
930 43 20 7 46 44 24 50 39 41 37 13 30 47 25 45 17 26 42 18 8 27 48 14 21 6 2 3 29 10 35 34 12 11 9 
931 38 31 27 13 41 17 44 33 36 20 35 15 26 18 9 7 12 37 25 39 19 2 45 30 40 5 23 0 24 
932 38 43 28 23 18 44 17 49 40 0 1 32 3 35 46 26 42 24 48 20 39 2 14 37 22 10 36 31 
933 38 7 45 0 23 29 3 34 31 11 13 9 42 14 21 12 43 41 30 47 8 33 37 44 2 10 20 17 15 19 4 26 24 39 25 6 35 16 
934 15 32 8 31 12 11 46 22 41 0 28 47 9 29 14 7 37 24 18 16 43 42 19 48 17 3 6 30 23 40 1 5 
935 36 31 16 44 23 11 12 39 20 7 14 4 27 17 6 32 35 33 26 8 19 3 45 0 34 42 28 21 9 
936 35 20 7 0 40 47 1 2 34 26 9 50 45 18 28 6 33 43 5 8 12 11 30 48 10 4 46 39 29 42 19 
937 38 35 5 24 40 25 3 49 15 37 33 36 17 48 46 9 29 42 34 45 6 19 22 44 23 8 7 4 30 20 12 11 
938 38 17 30 44 42 36 7 47 27 50 22 24 40 28 12 13 37 16 23 14 3 29 34 19 2 46 15 45 49 31 18 20 
939 38 43 3 7 6 15 44 50 20 39 8 19 32 42 24 12 22 13 14 49 17 0 48 4 25 29 5 36 21 
940 41 31 7 3 17 14 46 45 27 5 36 26 22 21 50 10 28 30 15 1 29 24 35 20 44 9 
941 38 28 30 14 9 29 23 47 48 1 34 25 21 8 10 18 39 44 5 17 4 42 35 12 11 27 49 20 2 50 
942 28 45 48 4 39 13 0 24 8 34 19 44 29 7 26 12 18 20 49 21 27 50 14 33 43 41 37 17 3 35 36 
943 38 46 23 35 27 19 18 14 32 11 45 22 48 0 1 16 34 25 20 39 42 9 41 44 13 31 28 12 
944 6 15 8 20 41 14 7 17 21 50 28 16 24 37 9 3 40 44 48 46 30 19 5 32 13 31 4 22 33 45 
945 38 42 36 23 34 50 25 5 13 8 27 9 3 18 24 32 33 7 17 37 31 22 15 1 10 40 35 30 43 47 46 14 20 
946 38 13 17 37 30 39 28 21 44 20 47 25 26 33 14 42 18 46 5 22 8 27 31 16 19 
947 38 17 16 2 36 7 35 19 41 22 32 12 44 40 4 24 1 26 25 49 3 30 21 48 42 47 9 13 33 46 29 50 
948 1 35 41 37 16 39 36 45 30 32 0 3 19 33 4 22 6 5 23 2 29 34 12 9 25 24 11 
949 12 48 49 29 50 19 22 31 14 33 28 20 32 7 6 10 9 8 34 21 43 40 2 35 27 1 5 26 17 0 36 
950 38 15 21 31 32 33 1 18 22 8 36 24 14 19 13 6 26 4 27 29 0 50 2 34 16 
951 46 39 7 9 50 47 19 45 6 23 1 8 25 35 2 17 14 33 16 32 5 27 37 34 31 42 28 48 10 20 
952 38 10 15 23 32 47 14 25 13 21 18 44 12 4 6 34 26 17 37 48 0 5 29 41 24 28 11 9 35 1 39 49 31 
953 38 43 46 50 2 25 26 9 45 40 11 31 36 5 34 35 32 7 42 41 37 23 6 0 
954 38 23 27 20 6 0 43 16 15 3 26 30 40 47 8 10 44 13 32 5 7 45 2 50 9 41 14 24 28 37 34 
955 38 3 45 41 40 2 28 43 49 10 5 15 32 48 1 35 14 33 7 27 24 39 13 25 44 17 
956 0 47 48 24 33 7 23 36 45 40 49 18 13 15 35 6 22 31 46 5 39 37 20 
957 38 27 18 37 11 44 22 39 7 30 46 47 48 17 33 45 35 13 8 14 42 26 25 15 36 12 
958 38 43 49 17 39 13 8 19 23 36 47 34 45 37 24 41 20 30 32 35 15 2 48 42 27 0 33 1 29 5 22 12 26 
959 43 42 28 20 0 12 27 39 7 32 1 37 15 17 30 44 47 34 18 46 16 33 24 23 10 13 31 29 11 5 35 48 
960 17 11 46 45 10 2 31 4 24 36 6 0 37 30 19 33 15 40 8 14 28 32 47 29 
961 26 11 24 9 19 20 2 46 0 48 28 40 30 39 12 49 16 22 18 44 36 8 21 47 6 13 37 45 14 31 
962 1 9 45 43 37 22 47 33 5 50 20 13 30 35 24 14 31 27 49 0 17 23 2 42 10 
963 38 43 41 47 46 48 2 40 6 34 50 18 21 8 36 22 19 25 20 9 12 5 49 33 4 3 42 35 17 37 
964 38 3 17 24 4 47 48 13 49 22 21 11 10 30 15 1 14 12 39 0 28 50 29 45 5 46 9 19 26 44 34 31 36 33 8 16 
965 44 7 32 8 33 37 30 16 41 46 11 45 0 14 13 49 40 17 29 6 3 39 19 31 47 10 1 4 
966 43 40 29 42 28 50 20 37 31 3 8 2 33 4 45 0 35 21 48 5 18 22 11 19 26 9 46 23 17 47 13 7 44 
967 26 36 45 18 42 5 50 29 35 20 17 16 9 6 31 41 37 24 46 12 7 23 47 34 3 32 40 25 48 
968 38 46 6 22 21 32 45 8 0 29 49 25 44 47 2 7 39 41 37 19 43 20 34 50 23 28 27 42 4 9 40 10 16 17 35 
969 5 44 31 29 35 7 18 30 8 34 13 21 3 16 40 10 0 1 19 9 6 33 11 32 46 39 49 
970 43 33 28 44 40 41 10 0 17 16 22 45 2 11 42 3 30 26 35 23 50 47 36 18 24 32 
971 38 43 46 4 21 22 40 26 5 16 44 18 35 0 14 34 9 47 19 17 15 32 31 49 20 36 29 23 6 
972 17 31 35 27 16 32 39 42 5 20 45 10 30 23 40 34 49 47 14 6 24 36 26 2 50 29 33 46 22 3 8 0 43 19 
973 46 39 44 12 30 34 16 11 6 8 7 41 3 47 49 28 2 4 20 48 43 26 1 
974 38 41 2 12 7 9 44 46 8 10 32 31 23 13 28 36 11 6 30 42 20 29 45 1 43 14 
975 38 5 11 42 41 10 37 3 45 48 29 18 26 9 22 2 31 20 23 33 27 14 12 39 30 25 16 34 44 19 
976 38 3 20 33 46 14 29 15 9 1 25 32 40 50 4 10 16 6 41 28 22 44 19 49 34 24 31 5 17 37 
977 27 10 24 31 23 8 9 22 34 50 20 45 25 36 28 12 39 6 2 35 48 26 11 0 4 46 16 49 18 
978 38 48 34 25 9 0 22 44 16 21 24 12 13 49 30 29 23 15 1 4 32 45 5 50 26 11 6 7 43 35 18 33 
979 28 45 17 47 7 30 32 8 6 42 35 48 31 39 25 44 40 4 34 22 19 3 23 27 37 29 21 9 
980 38 46 27 47 48 5 10 8 14 4 7 41 15 32 26 19 33 25 44 6 11 17 23 36 12 16 50 42 0 45 24 35 
981 38 2 36 17 35 50 41 6 34 26 28 8 31 18 15 24 23 40 14 25 22 29 9 48 43 4 46 20 27 47 44 42 7 
982 38 26 4 24 48 14 33 36 20 42 22 44 30 9 27 13 6 10 5 23 25 50 7 46 2 19 
983 21 7 30 22 15 33 19 35 31 25 46 10 5 50 44 32 6 17 37 1 13 45 26 16 39 42 43 4 0 28 
984 38 5 7 46 48 11 23 1 12 39 49 37 34 10 18 36 42 3 30 45 24 8 43 15 4 32 
985 43 1 10 44 50 3 47 25 7 9 5 35 23 45 41 14 33 21 39 12 28 40 11 22 36 32 6 0 46 
986 38 26 5 8 44 41 30 42 15 32 10 37 14 45 50 16 46 47 2 19 11 18 35 17 7 21 29 20 31 
987 3 42 33 44 31 50 20 13 48 26 19 43 23 34 28 22 39 40 36 41 49 2 5 11 21 
988 38 29 7 41 34 10 48 3 23 33 11 4 8 35 16 22 24 30 20 25 46 13 45 0 40 28 21 42 39 
989 43 26 42 36 49 0 23 45 41 5 4 32 12 40 25 1 9 50 31 3 37 17 10 21 29 19 6 11 13 8 33 44 22 24 
990 38 43 50 37 15 35 3 13 6 25 31 12 28 32 33 49 30 24 20 19 17 47 39 34 16 41 36 29 5 
991 38 3 17 44 20 13 10 5 28 22 47 37 50 40 2 7 31 15 35 23 36 0 39 6 19 45 
992 38 50 11 7 17 10 49 23 43 30 29 9 37 28 34 13 45 19 35 5 8 31 26 3 27 41 47 48 20 6 25 
993 39 45 23 34 35 22 13 0 27 29 41 17 9 21 11 50 28 16 33 30 40 12 43 47 32 2 14 44 5 
994 3 19 25 4 43 6 23 29 22 8 18 42 9 30 16 28 14 34 33 47 26 5 1 15 44 40 2 24 20 27 39 11 41 17 21 
995 38 7 45 9 47 43 34 35 6 12 24 32 48 41 40 37 20 42 46 39 19 5 25 11 31 18 
996 38 36 23 11 28 7 0 3 4 45 39 21 6 35 46 14 44 31 18 22 26 8 2 24 47 20 15 16 25 1 
997 38 19 6 23 14 35 43 4 30 24 9 26 2 28 49 0 39 37 27 48 34 50 36 45 40 7 
998 29 31 9 39 36 17 15 12 43 11 4 45 26 32 50 30 23 47 13 5 6 37 48 46 28 
999 38 32 31 28 7 21 25 5 36 13 37 18 27 19 6 17 30 15 43 41 47 48 2 3 50 39 26 8 11 42 10 35 29 14 46 
