0 18 6 14 16 12 11 24 20 4 5 19 7 8 2 10 9 
1 18 6 7 20 4 8 14 5 24 16 9 12 2 10 
2 18 2 20 12 22 16 8 23 17 3 9 14 24 6 4 7 21 
3 4 8 14 0 17 2 23 9 7 16 24 12 22 
4 21 2 9 12 13 8 10 14 17 1 7 3 5 4 23 22 
5 23 12 17 6 2 14 5 22 1 8 10 20 
6 20 19 1 12 11 8 17 21 22 24 5 6 2 0 18 
7 15 13 16 22 17 7 21 6 11 2 8 3 20 24 19 12 10 
8 15 18 3 24 12 6 7 21 13 17 20 23 5 14 2 22 
9 13 9 6 19 16 10 24 20 18 2 1 17 
10 15 6 1 5 10 17 24 22 16 13 20 14 0 3 2 
11 16 0 19 7 13 10 5 18 17 8 12 6 9 2 
12 15 18 12 22 5 24 14 16 19 13 10 17 11 3 21 
13 15 23 9 14 0 22 13 19 11 4 20 16 5 
14 1 7 17 2 16 6 18 3 22 4 5 21 12 24 10 
15 24 10 14 22 13 2 8 23 9 1 7 4 5 0 19 18 16 
16 13 14 16 24 7 18 17 12 22 4 
17 5 16 7 8 22 3 0 17 1 24 13 10 23 4 
18 15 18 19 0 7 6 20 1 16 2 5 24 12 10 4 17 
19 15 18 21 3 11 14 1 9 17 10 16 7 
20 18 20 16 12 23 22 19 13 4 17 8 10 11 7 6 14 0 
21 15 13 1 7 23 8 4 10 21 9 3 20 19 11 24 5 22 0 6 16 
22 15 18 8 11 23 24 13 16 5 0 1 19 6 
23 1 20 23 10 6 14 17 16 2 8 18 21 4 7 
24 18 22 0 16 7 9 17 12 10 23 3 6 4 20 
25 2 10 11 24 5 14 3 19 7 16 0 9 21 
26 22 14 3 11 4 8 24 6 5 21 1 12 
27 21 3 11 1 7 8 5 22 16 23 18 0 13 20 4 
28 8 9 18 5 13 19 0 20 21 23 10 16 3 11 17 2 
29 18 19 8 3 22 1 7 23 20 10 6 21 0 2 17 11 
30 23 1 2 5 16 22 9 18 3 0 24 19 12 11 10 20 4 
31 3 14 23 13 24 20 6 19 7 0 5 
32 15 12 5 11 0 19 23 6 10 1 3 24 17 4 13 21 2 
33 15 19 24 22 23 16 7 5 17 0 11 3 
34 17 11 0 8 21 23 7 4 9 16 12 
35 18 12 5 2 1 17 20 23 3 11 8 22 16 
36 15 18 20 1 7 3 8 21 5 4 10 23 9 0 
37 18 6 8 20 14 2 23 21 11 9 3 4 19 0 5 13 1 17 12 
38 15 9 3 21 8 23 14 0 12 5 1 11 
39 15 2 23 9 7 14 5 17 21 16 4 24 10 19 13 12 3 
40 18 11 4 9 20 24 13 17 0 16 1 14 23 2 22 19 
41 15 11 3 12 0 10 9 20 5 7 23 19 
42 21 7 22 19 2 23 8 1 6 4 
43 15 0 19 18 3 13 9 24 10 20 16 23 7 1 
44 18 19 12 5 9 0 11 24 17 8 13 2 1 16 14 7 6 
45 18 2 22 21 23 1 20 10 17 11 6 4 24 13 8 5 12 
46 8 7 5 22 13 0 18 11 1 12 20 
47 10 4 9 20 16 13 14 3 18 5 1 0 24 8 11 19 12 23 2 
48 4 20 8 12 5 17 23 1 21 3 
49 2 19 17 8 11 23 3 
50 15 12 3 22 11 9 1 7 17 24 21 0 8 13 
51 15 7 23 8 9 16 18 19 12 10 5 
52 15 9 20 21 4 19 23 1 18 7 17 24 3 16 0 13 11 
53 19 23 9 2 11 6 8 12 7 
54 18 7 0 21 20 2 3 24 6 4 12 5 
55 11 18 1 7 21 6 4 14 13 10 2 19 
56 15 2 0 13 14 21 23 4 1 11 8 5 9 3 19 
57 7 24 2 20 4 17 3 19 13 8 9 14 1 11 
58 15 7 16 22 23 5 14 8 2 9 17 20 13 11 18 19 24 
59 15 18 22 12 16 23 11 24 10 0 19 13 17 2 9 5 
60 15 14 5 10 24 12 6 20 1 8 13 0 2 21 11 
61 15 4 8 18 23 1 11 24 13 20 9 17 2 12 0 10 
62 15 13 8 11 14 6 0 1 17 19 2 22 24 
63 15 20 7 23 6 4 17 14 22 1 3 
64 15 6 24 20 9 3 19 18 1 13 7 5 16 23 12 10 
65 15 12 8 16 1 6 19 7 4 20 
66 2 10 8 4 5 11 0 22 23 24 3 
67 19 21 11 0 3 2 17 4 12 5 9 14 7 
68 18 22 11 24 10 19 13 2 23 0 20 7 
69 15 5 11 16 8 9 3 18 24 2 23 10 6 21 13 17 7 
70 23 17 11 13 20 14 0 12 16 24 7 3 
71 10 17 19 9 7 18 2 22 8 5 21 1 24 16 4 
72 15 12 8 22 2 9 18 0 11 17 10 14 3 7 
73 6 0 24 10 13 17 7 23 12 22 5 11 4 9 2 8 3 
74 15 13 5 1 16 21 8 24 18 19 14 23 4 3 6 11 
75 13 7 3 21 14 19 
76 15 18 14 23 3 1 9 11 10 13 17 24 19 6 4 
77 15 17 24 13 19 11 6 7 23 9 21 2 14 20 5 16 1 
78 15 2 12 6 11 4 17 14 19 9 0 16 23 3 8 21 
79 15 12 9 7 22 11 17 6 14 24 8 23 
80 15 7 18 8 21 12 10 13 2 17 5 
81 19 2 21 6 13 18 5 3 24 14 1 0 20 12 
82 15 2 23 10 9 3 21 0 24 19 
83 7 8 1 19 5 2 22 23 9 18 20 10 13 4 0 
84 15 1 17 20 7 2 9 24 6 22 23 14 11 
85 15 12 9 24 19 16 7 13 17 8 22 14 11 1 23 
86 15 20 16 11 1 12 0 17 3 
87 15 6 4 7 19 17 23 14 11 16 3 2 5 8 
88 2 24 18 12 20 8 21 9 16 11 5 3 6 19 
89 15 21 10 2 6 8 17 22 16 12 13 14 9 7 0 
90 15 1 17 16 22 3 6 8 23 7 5 4 0 20 9 14 21 
91 15 18 2 5 11 20 19 8 23 17 3 6 24 13 14 22 
92 15 18 2 8 9 0 13 19 10 17 12 6 20 23 21 11 7 
93 15 13 2 12 4 5 0 7 22 11 9 18 
94 4 6 3 16 24 9 1 0 23 12 13 10 
95 18 10 7 4 5 13 24 3 0 16 12 9 14 20 23 
96 19 22 8 13 6 3 5 7 16 4 11 1 21 12 
97 15 24 13 23 0 11 7 9 4 17 18 16 1 10 5 20 
98 18 22 1 4 19 12 0 23 14 11 
99 4 10 22 13 14 19 16 7 2 18 9 1 3 11 
100 15 14 7 21 8 2 11 9 10 24 16 13 17 12 5 22 6 3 4 23 
101 13 14 19 1 17 4 16 24 21 9 3 6 5 20 0 12 
102 1 2 6 18 14 8 10 22 21 4 11 12 23 17 19 16 9 3 
103 15 18 23 17 12 2 6 8 22 19 0 10 14 
104 15 14 19 22 9 6 8 3 0 24 12 18 7 16 5 20 2 23 11 10 
105 15 23 21 1 22 7 17 13 8 4 24 14 2 5 6 9 12 10 
106 15 2 11 7 19 14 18 9 3 8 10 13 
107 15 17 14 18 8 3 12 11 5 19 
108 15 18 11 7 21 12 3 24 19 23 10 0 
109 15 13 16 11 17 23 10 9 8 21 6 18 0 1 12 
110 15 9 4 8 23 10 19 5 20 7 14 11 2 22 16 17 
111 15 11 13 16 12 5 2 8 22 9 1 23 19 0 24 20 21 
112 15 6 20 2 18 8 17 21 16 12 5 24 19 
113 15 4 5 23 17 6 0 3 9 12 19 11 8 18 16 1 14 13 
114 15 7 21 23 11 22 19 14 9 1 5 8 2 6 24 
115 15 6 11 8 19 24 12 13 20 5 21 16 22 
116 15 18 13 10 9 19 17 4 14 1 7 2 3 
117 18 16 8 0 10 2 3 22 6 12 23 9 
118 12 1 16 13 21 23 10 14 22 5 2 17 24 
119 15 19 4 21 12 9 11 6 10 18 3 22 20 7 
120 18 19 16 14 11 6 9 20 17 12 7 
121 15 12 18 9 17 11 2 13 14 
122 2 22 6 4 5 11 18 1 20 12 7 13 0 
123 15 23 6 10 9 0 24 21 13 17 12 3 18 14 2 1 7 5 19 11 
124 15 18 22 9 5 13 17 7 4 2 14 1 11 
125 15 23 13 19 3 7 12 8 10 20 4 0 11 1 2 5 
126 15 16 8 1 11 13 7 18 14 22 0 6 5 19 9 2 10 
127 20 14 13 1 7 4 2 18 22 0 3 6 5 10 12 
128 21 2 11 6 4 10 19 5 18 17 3 12 14 24 8 
129 15 16 14 12 3 20 4 22 10 1 5 2 18 0 7 19 
130 15 12 4 19 20 24 2 6 14 0 23 21 3 
131 15 19 0 4 8 23 11 9 14 20 22 21 16 18 10 
132 4 17 0 12 24 14 16 6 21 2 22 5 7 23 13 
133 15 9 16 6 17 3 5 0 14 7 12 18 4 11 19 24 
134 15 21 7 4 0 2 11 13 19 1 10 18 22 12 8 16 3 
135 13 16 8 20 17 14 4 18 19 1 23 22 10 12 
136 23 11 19 12 0 1 4 17 16 13 8 18 7 20 24 
137 15 9 3 21 6 10 12 4 11 5 8 22 24 19 7 14 23 1 2 
138 15 22 20 9 17 3 12 6 8 1 16 14 7 2 23 5 4 
139 15 5 20 10 6 8 13 18 7 19 14 11 0 9 12 24 2 
140 14 1 21 13 24 4 8 0 22 23 11 16 12 9 6 
141 8 5 9 14 3 10 19 23 2 22 6 
142 16 17 12 10 9 8 19 21 23 1 11 18 5 24 
143 8 10 14 0 20 2 13 19 18 1 6 17 3 
144 15 7 22 19 12 6 4 23 5 16 21 11 
145 10 0 20 12 14 17 21 8 9 2 13 3 5 16 
146 22 19 13 21 24 20 23 14 18 3 10 2 9 16 
147 4 11 17 20 23 18 7 16 24 14 8 2 9 5 10 22 12 0 
148 15 22 16 7 14 2 11 24 6 12 5 
149 18 23 20 4 13 17 21 5 14 19 8 2 
150 22 7 12 8 19 0 2 14 6 4 24 
151 15 23 5 14 16 4 22 18 2 19 12 6 21 7 1 17 3 11 
152 13 22 2 8 6 18 23 3 16 4 24 
153 15 18 19 6 5 11 13 17 21 9 10 24 7 12 22 0 
154 15 20 6 12 17 9 4 1 16 11 21 19 24 13 10 14 2 
155 15 11 13 10 3 7 4 12 18 22 8 1 21 19 23 2 24 
156 15 11 19 21 24 20 9 14 5 10 2 6 0 1 
157 13 12 5 24 22 21 17 2 9 7 11 19 10 20 1 23 14 16 
158 15 18 19 4 7 21 24 12 5 10 11 16 8 20 2 6 
159 15 1 7 9 5 0 21 23 6 18 8 11 10 3 20 
160 15 22 6 10 12 9 21 7 11 8 13 0 2 14 4 3 24 
161 18 14 23 12 20 4 5 16 22 1 
162 15 6 19 16 14 4 1 3 11 13 8 22 9 20 
163 15 22 6 5 18 4 17 21 13 0 19 8 12 1 2 
164 15 8 12 4 18 21 1 19 7 24 14 10 16 9 17 
165 16 12 1 2 7 22 9 11 23 5 18 13 14 17 19 
166 15 3 10 1 9 0 14 11 18 13 20 2 19 5 
167 14 13 22 2 0 4 1 12 23 6 7 5 24 19 20 9 8 
168 15 1 4 16 22 21 6 17 0 5 10 14 19 18 23 
169 18 11 9 20 3 10 0 12 1 4 8 21 19 
170 15 13 11 8 6 20 5 10 0 19 12 1 17 
171 22 21 20 3 10 14 12 0 8 
172 15 14 12 8 1 9 2 23 11 19 16 21 10 17 20 4 7 5 22 
173 15 2 0 10 13 4 18 12 8 6 11 24 3 22 
174 15 19 7 8 10 4 12 14 17 22 3 24 21 
175 15 16 4 17 18 23 9 0 12 24 8 10 2 20 21 
176 8 3 14 0 12 7 6 22 
177 16 18 24 13 8 10 7 19 0 4 3 12 6 11 
178 7 4 22 10 8 3 24 16 0 19 11 
179 15 13 4 7 23 18 10 1 5 20 12 0 8 
180 16 14 11 17 22 21 10 0 18 3 24 19 2 6 
181 15 18 13 4 16 17 5 6 14 12 2 3 8 19 21 9 
182 15 1 7 9 17 16 3 11 12 5 18 10 24 0 23 20 22 
183 19 22 7 2 13 6 23 4 21 3 
184 15 4 1 7 8 14 6 13 21 24 2 
185 15 16 9 23 4 21 19 14 2 1 12 6 13 
186 16 14 24 8 12 6 5 2 10 19 3 4 23 20 
187 1 21 16 7 8 4 10 0 24 6 19 17 23 2 20 14 3 
188 14 9 5 13 17 22 11 24 19 8 0 12 
189 15 13 16 19 7 24 18 12 9 23 22 2 6 10 1 
190 15 1 5 10 2 22 11 3 14 7 9 17 0 23 12 4 24 
191 15 16 5 7 20 8 14 19 22 10 17 9 12 21 23 1 4 11 
192 15 18 6 21 12 3 10 22 1 11 24 2 
193 18 9 1 12 2 16 14 10 11 20 13 8 
194 4 14 20 8 9 23 5 6 10 19 21 2 17 16 7 0 
195 5 21 14 11 13 7 20 6 23 10 9 3 
196 18 2 8 6 11 23 5 0 20 19 14 22 16 7 10 13 3 
197 18 16 9 14 4 7 5 24 17 6 20 2 1 12 11 13 
198 18 19 22 4 20 24 17 23 0 3 16 21 11 
199 15 3 24 21 13 11 2 5 22 6 12 7 23 19 
200 18 20 2 14 4 8 17 12 23 1 22 10 11 
201 18 23 14 0 4 10 1 8 13 2 11 24 9 12 20 21 22 
202 16 8 24 23 6 21 19 10 22 18 14 12 
203 15 18 7 2 5 1 23 22 12 13 16 6 21 14 11 10 24 8 
204 23 5 20 10 22 6 4 1 16 8 13 18 
205 9 24 11 22 20 13 4 17 7 18 23 6 0 10 
206 15 16 23 24 18 2 1 13 8 10 6 17 5 0 22 12 20 
207 8 9 3 24 22 13 14 11 21 1 23 6 7 19 4 
208 17 2 6 16 1 12 8 20 21 5 4 9 24 
209 15 18 7 2 16 1 5 10 22 19 24 13 8 21 
210 15 13 20 24 12 16 14 17 0 2 4 9 11 8 19 7 5 6 3 18 1 
211 15 4 20 5 23 10 9 14 8 2 11 21 3 16 6 1 24 
212 15 18 2 1 0 7 21 3 8 14 17 13 22 4 
213 1 23 9 11 4 12 14 0 19 24 22 
214 15 4 21 2 18 8 9 17 16 22 5 0 6 1 
215 15 1 16 11 17 19 22 8 3 9 0 18 21 10 4 14 20 12 13 
216 15 22 24 18 23 14 19 5 11 17 12 16 6 2 0 
217 19 10 14 7 22 3 12 11 9 4 0 6 2 20 18 23 
218 15 19 13 20 22 17 12 8 9 14 11 21 4 6 5 16 3 
219 15 5 19 7 2 13 11 23 8 3 9 1 12 
220 15 12 5 6 22 21 3 20 9 16 
221 1 7 6 24 16 22 19 21 9 18 5 10 8 3 
222 15 5 19 20 8 3 18 10 6 1 2 0 13 23 14 21 11 24 
223 15 17 23 22 1 9 12 14 13 16 19 5 8 10 20 0 7 
224 15 13 0 6 23 9 8 11 19 4 16 10 12 20 22 21 
225 15 14 16 0 22 10 4 11 20 2 12 17 1 9 3 
226 15 22 17 21 2 12 0 11 6 14 20 3 1 19 24 10 9 23 4 
227 15 1 8 3 9 17 21 16 5 20 11 22 24 10 14 13 
228 7 9 0 10 2 1 12 18 11 
229 8 0 11 6 16 22 12 23 19 4 9 20 
230 15 18 14 1 12 21 20 11 10 17 2 0 
231 15 1 0 22 2 10 6 5 19 16 3 12 14 7 13 8 
232 9 3 24 21 12 13 10 8 18 17 1 4 19 
233 15 12 3 21 13 17 22 2 6 4 14 
234 15 18 19 7 6 24 12 8 17 0 5 4 11 2 
235 19 23 10 20 16 6 24 1 5 12 0 7 8 21 22 13 
236 15 10 17 11 14 12 4 13 3 16 0 7 9 20 
237 3 8 4 21 24 19 17 2 7 13 10 22 12 
238 15 9 0 12 17 16 21 14 13 2 19 10 11 22 23 18 5 24 20 
239 18 21 19 16 14 6 0 3 11 13 4 1 23 24 
240 15 19 16 6 2 14 3 0 24 5 18 20 
241 16 13 18 2 19 20 21 8 10 6 9 3 4 5 0 
242 7 0 11 2 13 8 19 1 21 9 
243 15 0 6 10 9 17 23 19 7 22 8 13 21 14 2 5 20 
244 15 17 16 2 6 3 10 12 7 
245 15 1 23 11 17 24 6 7 3 14 8 2 0 
246 23 9 14 20 11 18 21 6 4 5 1 16 12 0 3 
247 15 19 2 6 16 23 14 4 17 11 3 13 
248 2 8 5 1 10 23 3 24 21 6 20 11 13 12 16 
249 15 13 4 5 16 12 14 6 10 7 23 1 2 
250 18 19 21 1 7 22 20 23 11 14 4 9 3 24 
251 15 18 13 1 21 2 22 4 8 0 3 7 20 12 
252 1 19 0 7 18 3 8 12 22 5 17 
253 7 2 5 10 18 9 24 17 11 4 13 1 16 19 23 
254 15 13 10 17 3 24 2 6 18 0 8 5 11 23 14 9 21 4 
255 2 11 4 21 23 0 3 14 22 16 18 7 9 24 
256 13 20 14 10 0 11 21 1 22 19 23 2 7 24 
257 15 17 1 10 18 6 16 9 23 7 12 22 13 19 
258 15 21 20 12 5 7 9 14 17 24 
259 15 14 24 7 9 17 22 18 11 8 16 13 23 0 21 19 1 3 
260 15 18 23 4 8 11 16 5 14 6 19 22 10 
261 1 6 7 10 24 14 18 22 19 0 11 23 17 13 9 
262 12 14 8 5 13 24 2 6 23 7 20 
263 15 18 23 20 2 9 12 13 1 4 0 22 21 16 
264 20 4 16 18 19 13 0 22 8 5 10 9 24 2 6 14 17 3 1 
265 15 11 19 4 14 2 8 17 18 23 21 9 
266 1 5 16 23 13 14 3 21 20 2 7 18 17 22 10 
267 15 7 23 18 9 16 8 2 10 21 3 22 12 20 
268 15 13 20 21 2 9 3 1 23 10 8 16 22 7 0 6 
269 15 22 2 4 8 17 24 21 1 6 10 13 20 0 19 18 16 7 11 
270 17 11 7 2 24 6 4 13 8 5 9 
271 15 3 18 19 14 24 8 13 11 22 
272 15 19 16 2 10 12 9 11 24 8 18 0 1 
273 15 18 2 16 13 6 11 0 22 19 1 9 20 
274 15 7 18 10 8 3 17 22 23 16 21 20 13 24 
275 15 16 12 4 21 20 6 2 23 3 22 19 14 0 7 9 8 5 11 10 24 
276 23 1 11 16 22 21 6 19 9 4 12 24 2 
277 15 1 0 2 17 14 13 22 4 8 19 20 18 24 16 3 
278 15 18 8 1 6 14 5 19 13 4 21 24 16 
279 15 19 4 7 2 20 18 23 24 21 17 9 12 
280 15 22 20 16 13 19 14 6 11 1 18 9 23 12 
281 15 21 23 10 17 2 1 4 5 6 18 12 9 13 24 
282 15 18 17 7 22 23 0 12 6 3 19 11 1 9 16 
283 15 20 19 5 14 3 24 22 11 0 9 12 17 13 4 
284 9 2 16 19 18 4 5 22 0 13 8 
285 15 24 10 7 21 23 18 9 2 14 0 20 1 4 
286 18 21 13 9 4 0 24 10 23 5 17 22 1 2 16 12 8 
287 15 24 10 22 4 18 1 5 2 7 11 13 9 19 20 
288 15 22 12 11 21 14 20 0 24 10 4 13 3 16 17 19 
289 15 13 14 10 11 17 21 12 19 16 24 8 5 2 23 
290 15 2 17 13 8 22 20 23 5 12 6 19 21 3 11 1 10 4 7 16 
291 18 22 21 14 0 8 12 11 10 5 23 13 
292 15 20 5 18 12 13 2 6 11 0 21 4 10 3 8 23 22 19 7 14 
293 7 20 23 4 21 12 0 2 16 19 5 9 14 6 22 11 
294 15 0 16 22 23 5 2 6 19 12 14 17 13 
295 15 19 8 12 17 11 24 21 18 9 6 13 5 14 20 7 
296 15 19 11 10 18 2 6 23 5 14 16 9 17 12 21 22 
297 15 1 20 3 11 12 6 18 10 14 2 13 8 9 22 7 
298 15 20 24 0 10 6 4 14 5 17 3 19 9 16 
299 1 20 13 5 10 16 8 3 2 23 4 22 7 19 17 
300 15 21 17 2 13 1 0 3 12 22 24 11 19 6 23 9 
301 15 13 10 12 23 17 6 14 2 20 16 7 0 19 11 18 1 
302 18 16 21 19 23 8 14 3 2 22 4 10 12 6 13 20 9 7 5 
303 10 13 5 18 11 21 2 14 24 4 23 0 3 22 
304 23 14 17 21 0 22 4 16 1 24 7 2 9 13 10 11 18 
305 15 18 13 12 21 7 11 22 3 16 23 
306 15 13 1 12 9 6 4 2 14 0 8 3 19 22 17 21 
307 13 5 4 8 7 1 6 24 10 0 17 20 11 
308 15 21 8 3 22 17 7 23 6 10 11 1 5 19 18 2 
309 15 20 9 0 22 3 13 8 10 2 21 23 6 14 
310 15 16 19 13 7 6 14 3 12 
311 3 20 7 22 6 23 2 14 17 24 9 
312 15 20 1 18 4 11 12 19 23 17 7 3 24 2 13 
313 20 23 5 1 18 4 9 14 24 21 
314 15 1 17 16 6 7 23 20 19 18 10 
315 15 23 1 20 7 14 0 4 10 22 17 13 
316 15 18 19 23 3 21 8 4 20 10 24 16 
317 15 18 5 13 3 6 10 20 2 14 12 8 1 9 11 16 21 0 23 4 22 
318 13 19 24 4 3 20 21 23 1 8 12 5 0 
319 2 23 16 18 3 24 7 20 0 13 10 9 
320 15 0 19 9 7 2 13 16 21 17 12 4 6 3 24 
321 15 9 8 11 6 10 24 13 23 14 4 7 
322 18 10 8 5 22 2 23 0 16 3 19 6 1 21 17 11 
323 15 2 1 18 3 19 21 7 9 5 13 12 23 8 11 0 
324 21 3 7 22 12 23 13 4 10 11 19 5 1 2 8 20 16 9 
325 15 6 18 1 19 17 21 16 8 9 0 5 20 
326 15 10 13 21 24 12 18 0 5 17 14 7 3 
327 15 13 21 24 9 8 5 12 4 18 14 11 16 
328 15 18 6 1 12 5 17 24 16 7 9 3 8 19 
329 15 18 0 7 3 5 20 6 16 24 21 9 23 1 4 
330 13 1 10 0 16 2 23 4 7 6 21 18 8 17 22 
331 18 19 5 14 7 2 6 8 22 1 11 17 3 
332 15 1 11 21 0 7 2 4 10 14 22 19 24 5 6 
333 9 13 19 8 1 5 17 2 6 16 3 20 22 23 0 11 18 
334 14 7 22 12 2 19 13 20 24 11 4 23 1 18 9 6 5 
335 1 3 2 0 24 20 5 21 4 9 17 8 23 14 7 13 
336 15 4 7 13 19 6 18 12 9 11 1 21 10 0 3 8 20 
337 15 18 16 22 4 3 23 17 7 13 1 9 20 
338 15 18 2 23 11 3 22 7 13 16 4 8 17 
339 21 6 11 5 14 16 23 7 24 8 
340 15 22 5 21 9 0 10 17 6 12 23 14 24 19 2 1 4 
341 13 5 0 22 14 12 20 19 1 23 8 10 6 16 24 9 4 3 7 
342 15 5 0 12 18 7 20 19 9 11 22 16 
343 15 9 2 1 20 3 23 4 17 14 7 18 16 22 
344 15 20 17 14 16 18 13 6 8 0 3 22 7 1 
345 18 1 13 2 17 24 21 4 5 3 10 8 7 11 0 12 14 
346 15 19 9 3 20 21 12 18 0 
347 13 1 16 21 0 8 24 9 22 12 4 10 7 3 11 14 2 
348 15 1 22 6 0 3 8 18 14 4 20 19 
349 15 19 24 6 20 13 4 16 2 7 
350 15 24 16 7 6 4 22 2 18 5 12 8 17 20 19 14 9 
351 2 7 4 0 3 9 23 19 14 17 22 
352 12 16 23 11 7 14 13 10 22 24 1 5 
353 15 16 21 19 2 12 13 8 23 6 17 
354 15 23 17 5 19 8 9 18 24 11 6 12 0 13 
355 15 1 14 6 16 22 19 9 5 10 2 13 8 23 21 0 
356 15 23 0 1 4 20 9 7 17 3 16 
357 7 23 18 4 17 3 11 10 0 19 14 6 20 12 
358 15 19 11 23 3 7 12 10 16 0 24 14 13 18 17 2 
359 15 16 5 17 7 8 21 23 20 0 11 24 
360 12 13 10 14 6 9 21 19 1 16 23 8 2 5 17 
361 15 20 16 2 13 22 6 8 14 11 12 21 24 1 10 23 
362 15 2 8 24 18 23 11 12 16 1 4 13 
363 15 20 6 16 19 4 23 10 9 2 7 12 22 17 18 21 
364 18 4 24 3 20 22 9 13 8 19 1 16 21 11 14 
365 15 12 4 16 19 3 18 23 8 5 14 21 17 
366 15 7 13 8 17 21 24 16 11 19 4 2 9 3 22 0 
367 15 21 9 19 0 22 18 2 13 17 1 24 6 12 16 
368 15 20 10 1 2 4 21 12 22 18 13 9 14 
369 10 0 13 16 22 20 6 9 3 
370 15 6 4 9 20 14 21 7 23 2 13 17 11 12 5 1 19 
371 18 1 19 2 14 5 13 16 20 17 12 23 0 
372 15 23 19 0 24 13 9 11 20 6 8 17 21 16 22 2 12 18 
373 15 18 1 10 3 9 11 2 17 7 4 20 21 13 16 19 
374 15 6 16 13 24 21 23 19 3 2 9 11 22 
375 15 24 23 5 13 9 16 2 19 14 3 8 12 0 4 18 
376 22 23 4 7 18 21 12 9 24 17 1 19 2 
377 13 12 21 18 10 3 0 1 24 8 16 19 
378 9 22 6 7 2 12 19 23 10 14 0 24 20 1 
379 18 24 20 9 2 3 23 14 4 19 12 17 7 
380 15 13 2 11 0 5 20 16 23 6 21 7 18 14 
381 15 2 22 4 5 3 8 17 7 6 24 19 
382 23 5 10 22 2 24 20 9 13 4 3 11 19 6 8 14 
383 15 19 4 9 5 3 23 13 1 17 11 22 8 
384 15 12 8 19 2 23 20 10 17 24 14 18 9 0 4 11 
385 3 11 16 23 4 0 10 18 13 7 17 8 20 1 19 14 
386 15 12 8 16 24 5 21 18 1 2 11 10 23 
387 15 13 7 12 14 23 22 0 18 3 17 20 11 
388 15 23 24 13 22 16 1 20 0 4 5 
389 8 13 14 3 6 17 0 21 7 2 24 4 
390 18 24 19 8 11 10 6 21 14 7 16 1 2 22 
391 4 1 13 7 10 14 22 11 6 3 8 24 5 23 21 16 20 
392 13 8 24 22 2 11 5 0 19 23 12 17 9 14 7 10 1 21 
393 15 13 17 6 2 23 5 1 3 19 24 21 20 11 16 12 10 4 
394 15 19 21 5 17 4 8 18 20 3 9 7 13 22 
395 18 13 23 9 17 4 7 1 10 6 22 16 3 24 5 
396 15 12 10 9 17 11 7 23 5 6 16 4 
397 6 5 11 1 8 17 7 20 13 18 14 12 9 19 2 
398 15 18 2 5 23 6 8 19 3 0 12 
399 15 5 10 9 6 16 2 3 23 11 22 14 13 19 18 0 21 24 
400 15 1 23 14 3 2 6 5 20 12 11 22 16 7 13 
401 15 14 9 7 0 19 18 2 4 23 21 11 3 
402 4 7 0 13 9 6 8 10 14 18 5 20 23 22 16 
403 15 12 0 24 20 7 19 21 18 16 8 17 13 1 22 23 5 2 14 3 6 
404 15 6 2 22 18 7 17 4 9 23 8 3 
405 18 16 6 20 17 13 7 21 19 11 
406 18 8 10 23 11 21 0 3 13 2 9 17 4 
407 15 18 1 4 17 24 12 19 20 3 14 23 10 22 
408 13 5 9 21 2 24 14 17 20 4 19 10 12 7 22 
409 15 0 24 10 1 19 21 6 17 9 13 8 
410 15 13 4 19 3 8 14 1 11 20 22 17 9 21 24 7 10 
411 13 14 3 21 24 18 5 23 11 12 6 10 
412 15 2 7 22 5 20 13 21 23 14 3 6 
413 5 0 21 8 18 4 7 10 9 17 13 23 3 2 16 
414 15 7 10 24 13 21 12 2 6 3 14 11 0 22 20 9 
415 17 12 9 6 13 8 10 23 20 18 4 1 5 21 22 16 24 
416 15 16 8 2 14 10 9 1 19 17 24 18 6 
417 15 8 20 7 1 18 5 22 2 6 17 4 13 
418 15 2 24 16 12 14 7 3 10 1 13 
419 15 21 14 12 18 23 10 8 16 0 24 19 5 2 1 11 
420 18 17 3 21 0 1 24 10 22 7 20 4 11 
421 15 23 14 6 0 18 17 12 21 8 11 20 2 3 4 10 
422 15 13 18 1 20 21 23 24 2 8 16 7 3 0 5 4 
423 15 4 17 1 21 8 12 9 7 3 18 11 16 19 5 0 
424 15 24 11 6 17 18 1 5 10 3 19 20 12 
425 15 2 8 6 10 4 3 9 13 16 22 21 7 20 11 
426 15 21 7 24 18 9 19 23 8 0 14 16 3 
427 15 4 12 10 9 2 19 1 13 23 18 20 14 7 22 16 8 
428 15 7 18 23 5 3 11 14 1 19 10 22 8 20 16 
429 20 16 13 10 11 7 3 18 6 8 24 21 
430 2 1 18 16 13 23 9 24 21 5 10 4 
431 12 22 2 11 7 18 21 23 8 5 20 13 3 1 
432 15 18 16 7 24 1 0 22 6 10 23 21 4 12 2 
433 15 11 4 9 20 6 12 8 23 0 13 24 18 10 
434 21 23 1 17 3 8 9 11 2 14 19 20 0 13 
435 18 19 21 4 10 8 23 20 9 11 16 2 14 22 
436 15 7 16 11 18 22 3 6 10 1 4 13 9 0 2 20 
437 15 3 21 11 12 19 1 8 5 22 9 23 17 13 2 4 
438 15 21 18 4 5 12 6 11 1 9 23 8 7 24 0 
439 15 2 10 7 4 19 22 0 1 3 14 24 9 21 12 5 
440 15 23 8 17 6 11 16 9 2 5 7 22 12 21 1 3 13 0 4 24 
441 21 17 0 12 1 3 10 14 16 18 11 8 7 13 
442 1 5 24 12 4 16 22 10 2 8 9 17 7 11 14 
443 18 13 8 14 6 22 21 4 9 11 10 19 12 
444 18 0 16 6 20 22 7 9 24 14 5 
445 15 9 6 5 10 14 24 21 17 3 13 1 12 8 20 7 4 18 
446 15 2 4 14 3 0 19 11 12 24 9 20 16 21 1 22 7 
447 23 21 3 1 0 19 4 12 2 5 17 20 7 16 
448 18 1 10 17 3 22 14 16 12 23 7 6 8 19 11 21 24 5 
449 15 22 9 16 20 14 12 23 8 5 24 17 11 1 19 7 18 
450 23 8 13 19 16 22 2 11 24 6 1 5 18 7 14 
451 15 22 3 5 4 9 18 8 0 1 23 14 17 16 19 2 
452 15 5 21 6 20 4 11 24 22 18 9 19 0 12 14 8 
453 13 10 24 16 4 0 2 9 5 21 23 7 12 3 11 
454 17 2 12 14 10 1 16 5 4 0 7 20 
455 15 12 23 6 4 7 2 10 14 3 22 21 18 1 13 0 
456 15 12 23 8 0 3 1 10 7 14 20 4 19 21 2 13 24 22 
457 21 1 10 7 12 17 3 23 9 0 
458 15 23 13 12 4 17 1 5 10 24 6 9 22 16 14 7 
459 15 1 3 4 12 22 20 8 11 24 23 14 17 5 0 
460 15 8 14 16 21 12 13 17 20 2 23 3 6 19 4 18 11 
461 15 22 14 24 5 13 3 4 12 7 11 20 8 23 
462 2 14 7 4 22 16 5 6 12 9 3 
463 18 13 5 17 2 9 10 19 1 14 0 24 4 7 16 3 6 20 23 
464 15 18 10 6 5 4 7 3 14 1 13 0 21 17 
465 15 18 8 0 13 5 14 2 3 17 1 16 
466 10 11 16 24 2 3 22 8 5 20 
467 15 18 20 6 4 16 9 14 17 11 7 22 21 13 0 2 19 1 23 
468 15 9 21 16 11 8 14 4 0 19 20 1 6 7 22 12 23 
469 2 20 12 0 4 8 13 18 9 3 23 7 24 16 22 5 10 
470 20 21 2 16 8 12 3 14 23 7 11 
471 17 12 19 23 14 24 3 1 22 11 16 18 4 13 0 
472 12 17 10 0 16 2 13 20 6 7 19 
473 15 18 4 22 16 1 13 2 12 19 8 7 9 24 5 
474 15 1 9 2 6 18 24 0 11 13 16 20 
475 20 10 24 0 21 12 8 5 23 13 17 4 2 19 
476 15 14 19 4 13 5 11 12 3 1 17 18 20 
477 8 24 16 23 12 6 18 17 4 14 2 13 9 11 7 1 21 5 
478 15 13 7 23 22 4 11 9 0 14 17 16 6 
479 21 4 6 13 10 19 5 7 3 17 0 1 
480 15 19 12 23 2 1 8 17 10 18 7 
481 10 9 2 23 22 12 21 16 5 
482 15 2 6 10 11 16 3 20 18 14 8 19 12 13 17 0 
483 15 18 19 7 11 4 0 1 9 13 
484 15 0 7 2 23 1 19 9 14 20 8 18 3 24 
485 15 19 9 3 10 20 2 12 4 0 11 14 13 17 16 24 
486 15 20 17 2 1 10 9 14 7 8 24 16 11 22 
487 15 13 3 6 14 19 8 2 23 22 11 4 9 18 24 1 20 12 
488 18 20 19 13 1 3 22 9 11 24 16 4 
489 9 7 17 10 18 12 22 4 24 14 6 11 16 
490 15 18 23 4 9 19 7 1 20 3 24 16 
491 15 18 6 13 5 0 12 23 1 8 19 2 7 3 17 20 
492 15 21 1 19 11 24 12 4 17 22 16 13 3 8 9 2 
493 22 9 17 12 5 1 20 13 19 23 16 7 2 6 3 
494 15 11 12 1 8 23 10 0 19 22 3 24 21 17 18 13 
495 22 1 20 16 10 13 0 2 24 
496 15 7 5 1 6 21 9 24 4 17 19 10 22 11 0 23 
497 19 17 23 3 11 12 
498 15 19 22 4 17 9 10 3 13 21 14 0 2 23 6 
499 13 1 12 22 21 0 18 4 10 3 2 14 19 
500 21 2 12 17 11 13 1 16 4 22 3 14 0 
501 15 13 8 21 5 17 11 23 1 18 2 7 6 14 12 
502 15 18 19 9 21 2 10 3 23 14 8 16 4 22 6 0 
503 2 21 4 1 13 14 11 5 19 18 
504 15 16 17 22 7 24 21 23 8 10 18 3 19 6 
505 15 3 20 12 8 19 10 21 17 1 6 4 9 2 14 
506 18 12 21 2 9 13 1 11 19 10 3 6 7 23 0 8 
507 8 5 14 16 11 13 22 23 0 20 10 4 19 7 21 12 1 
508 15 1 16 21 7 13 17 3 4 24 22 6 18 5 14 
509 15 18 21 17 24 6 10 19 11 22 16 7 23 13 
510 15 13 16 10 24 5 20 19 22 23 4 6 14 
511 9 1 23 8 0 21 2 5 20 11 4 3 13 24 
512 15 6 17 18 0 14 19 23 20 13 2 7 16 12 21 1 
513 19 16 7 14 2 18 23 5 17 11 6 24 9 
514 5 22 4 6 8 10 14 20 16 3 19 2 9 13 11 21 12 17 
515 13 22 24 20 14 3 10 19 12 0 18 23 8 
516 15 1 5 20 16 4 10 22 13 12 18 17 19 23 9 3 
517 19 8 20 17 13 3 24 12 5 18 0 21 2 
518 15 18 9 2 5 7 1 3 24 0 22 4 13 14 12 10 19 11 
519 15 11 2 23 18 22 21 9 4 17 6 7 14 20 10 0 13 3 
520 18 10 3 9 7 12 20 14 22 4 19 11 
521 15 8 7 3 21 16 1 22 11 23 13 
522 13 20 12 0 22 11 10 16 24 17 
523 15 11 22 9 14 12 8 1 5 3 13 10 20 4 24 2 
524 15 17 24 6 20 9 16 0 5 3 10 12 2 13 14 
525 15 8 19 16 9 24 1 3 21 13 6 20 14 4 5 17 
526 15 16 7 23 19 11 2 5 8 24 3 22 6 14 0 4 17 18 
527 15 13 7 19 14 0 9 1 6 18 20 24 17 3 23 8 
528 17 22 24 6 0 19 10 23 4 2 16 14 8 20 12 21 
529 4 16 1 10 3 11 7 13 9 23 24 
530 13 1 4 17 16 24 2 12 5 20 3 0 6 8 18 22 11 19 
531 15 13 8 23 22 4 11 19 16 7 14 24 9 20 21 5 
532 15 18 2 14 5 16 6 20 3 22 24 9 13 17 11 
533 15 14 6 3 12 20 23 22 10 9 
534 21 2 3 11 6 7 22 8 18 17 4 24 
535 20 17 13 11 24 12 7 8 0 23 9 3 16 
536 24 3 1 14 12 4 6 2 10 13 
537 15 22 14 21 11 20 6 23 4 
538 15 4 1 7 21 23 20 19 9 17 11 0 2 5 16 3 24 
539 18 20 22 5 12 14 19 24 8 2 17 23 7 
540 15 20 22 12 4 8 23 18 14 6 5 21 10 2 1 
541 18 8 21 23 9 0 13 5 16 10 2 
542 15 22 11 4 2 0 19 10 14 24 23 8 20 16 
543 4 11 8 9 1 3 5 10 19 17 24 2 12 0 16 21 
544 15 18 23 4 7 12 9 1 16 21 5 22 6 14 
545 14 24 9 0 6 19 7 11 18 16 1 3 5 10 
546 15 1 8 22 0 23 3 24 18 10 6 19 7 2 
547 16 13 3 2 23 9 0 1 12 17 8 6 10 22 20 4 
548 15 16 2 7 10 18 5 9 1 3 14 
549 15 9 7 8 12 4 13 23 14 6 1 18 5 10 
550 15 12 19 2 24 11 1 9 6 16 23 4 5 8 13 20 22 
551 15 24 11 20 22 14 19 18 10 13 12 5 9 
552 15 0 4 9 22 10 2 8 24 20 14 1 5 16 11 17 18 
553 15 16 12 24 2 1 22 5 3 23 20 10 17 21 6 
554 15 19 23 11 13 7 1 4 8 0 2 16 6 3 24 
555 15 7 14 20 12 19 10 11 22 2 17 8 13 18 24 
556 15 11 1 3 2 8 0 13 16 7 6 23 10 18 
557 15 18 6 10 21 23 8 24 2 7 1 20 11 4 19 3 
558 15 8 5 1 16 12 10 14 19 13 9 17 23 4 3 24 
559 23 17 21 10 3 13 20 5 14 2 7 4 
560 15 7 16 22 12 10 11 4 9 23 2 19 18 17 14 3 13 
561 15 18 6 3 20 10 17 9 16 12 8 0 19 24 
562 20 16 8 18 14 7 5 10 11 22 2 0 1 21 17 24 12 6 
563 18 7 21 24 10 20 11 4 13 0 22 1 14 8 17 23 
564 18 7 9 11 6 4 21 22 23 20 14 17 19 
565 18 1 21 10 20 11 22 5 17 0 24 3 23 9 13 7 14 16 6 8 
566 15 1 7 23 21 24 19 5 9 18 17 8 10 11 
567 15 2 17 5 3 24 12 8 1 4 21 16 11 18 22 
568 18 5 10 13 4 22 21 19 23 20 8 6 12 11 
569 15 20 5 11 13 14 9 12 10 2 7 16 17 23 19 1 18 6 0 3 21 4 
570 13 10 9 19 24 21 18 1 6 16 0 11 4 20 
571 15 10 14 16 4 11 1 23 8 7 17 6 12 0 2 21 20 
572 15 0 6 23 5 17 8 1 24 12 10 14 18 11 2 
573 15 16 21 8 18 1 17 2 0 3 20 22 19 13 11 9 7 23 4 
574 15 9 17 23 18 4 8 3 2 1 11 
575 10 8 7 0 5 11 6 13 18 20 9 14 
576 15 1 3 8 14 17 20 16 2 12 13 10 23 6 4 11 24 
577 15 18 20 2 3 8 5 22 4 9 10 
578 18 16 2 0 12 22 11 23 7 24 5 6 8 
579 18 13 19 16 2 7 9 14 1 0 8 6 11 
580 9 1 14 11 5 0 20 2 23 16 7 13 24 
581 1 4 10 5 8 14 0 2 3 12 22 24 
582 15 19 23 0 1 12 3 9 11 6 14 13 5 
583 9 14 0 7 22 23 24 17 8 13 6 12 10 3 19 1 
584 15 7 12 4 8 20 23 10 1 24 11 0 3 21 16 19 
585 2 9 7 21 23 11 0 4 1 12 22 10 14 24 
586 18 21 16 7 10 11 0 3 8 19 23 24 
587 21 9 13 22 7 18 19 23 14 20 17 3 6 5 10 
588 15 18 2 24 10 11 20 6 23 21 14 19 13 9 22 
589 18 13 19 7 22 10 16 23 4 8 2 14 21 9 12 0 5 11 24 
590 15 5 3 7 21 24 12 13 2 8 14 20 16 
591 0 3 7 23 17 24 13 8 14 22 19 18 12 5 10 16 2 4 
592 1 16 7 11 21 8 10 14 3 23 20 13 0 5 2 9 4 
593 15 6 11 1 0 12 4 8 20 23 14 7 21 10 
594 15 1 16 5 14 17 24 2 12 22 3 9 13 4 20 0 23 11 7 
595 11 10 23 13 12 9 1 8 14 17 3 20 21 
596 15 13 21 22 10 19 12 2 16 9 17 
597 15 18 6 11 7 5 9 13 16 24 22 0 12 19 23 
598 18 0 5 21 11 24 23 17 14 22 
599 18 4 9 1 24 12 6 3 22 14 11 16 13 0 2 21 
600 15 3 22 12 13 5 6 14 0 8 7 10 4 18 
601 15 5 21 19 16 7 12 23 3 14 2 24 
602 6 18 22 5 8 1 0 3 2 7 17 11 
603 15 1 4 0 22 9 24 3 17 10 14 2 6 
604 5 10 24 19 13 4 3 9 14 21 6 2 0 16 
605 18 23 17 4 22 7 1 3 11 8 10 14 20 0 
606 15 13 14 4 0 21 22 8 16 11 7 24 10 
607 18 2 4 0 16 6 3 23 5 11 10 8 20 24 
608 15 3 24 17 11 23 16 4 7 0 8 5 22 12 18 
609 13 17 11 4 0 12 18 16 14 7 9 3 24 22 8 
610 15 1 18 24 12 5 3 13 20 23 4 8 14 10 16 22 
611 15 5 10 0 16 12 4 9 13 6 7 21 23 19 
612 13 20 12 4 3 7 2 17 18 24 16 11 6 1 
613 15 4 9 19 21 12 24 18 8 5 3 6 16 23 20 13 7 
614 15 18 1 12 14 17 8 21 5 19 22 7 4 9 10 13 
615 13 21 16 0 2 10 17 22 5 20 11 
616 15 18 2 12 0 6 4 23 19 1 11 17 20 7 22 
617 21 2 19 11 7 22 24 4 0 20 13 3 17 10 14 16 5 1 
618 20 6 17 0 1 7 2 4 13 8 16 18 9 11 12 24 
619 15 13 11 5 7 24 10 3 20 4 18 12 21 2 
620 15 8 18 21 10 0 2 13 5 9 3 11 23 16 19 
621 15 14 20 21 9 17 0 3 13 22 1 2 7 
622 15 13 18 1 7 0 4 16 6 17 3 5 9 8 
623 4 7 12 20 13 10 21 1 22 16 3 2 0 14 19 
624 15 18 0 20 5 9 13 21 12 23 8 14 
625 24 5 17 14 10 3 11 1 19 23 
626 6 11 2 7 13 22 4 10 17 16 9 19 
627 15 10 22 12 7 13 17 3 4 20 24 21 18 0 23 1 19 8 
628 7 21 19 18 1 10 9 16 2 0 4 20 12 11 23 
629 15 19 7 12 14 22 5 18 20 17 3 9 11 8 13 2 
630 15 13 23 6 10 17 22 18 1 3 11 24 9 19 0 
631 15 7 8 14 24 18 20 2 6 1 21 17 13 4 5 23 12 
632 19 7 21 20 22 6 10 0 23 1 4 5 24 16 
633 15 18 13 5 9 14 4 10 11 0 1 20 19 21 22 16 12 7 
634 15 4 14 0 10 9 22 3 21 11 23 18 19 2 24 20 
635 18 19 23 6 14 11 1 12 20 9 7 17 13 21 10 
636 15 18 5 1 6 11 21 7 23 13 9 14 17 2 
637 15 17 11 13 4 9 18 0 23 3 20 24 
638 6 3 7 2 21 8 14 13 24 18 9 4 1 10 17 5 22 12 20 
639 0 13 10 9 19 22 1 2 4 17 20 24 
640 19 16 9 7 6 0 1 8 5 2 11 10 24 17 22 
641 15 3 17 6 4 18 11 13 0 16 12 20 
642 15 4 9 8 20 5 11 0 19 22 
643 15 20 21 17 2 19 13 1 8 23 6 22 
644 18 17 3 19 5 23 7 16 10 1 12 11 
645 15 13 10 16 18 1 0 17 22 5 23 2 3 12 24 7 19 8 20 4 
646 13 19 2 23 10 20 16 11 9 12 
647 6 5 23 20 22 14 0 24 12 4 18 13 10 21 
648 21 4 9 7 8 1 3 6 13 0 24 19 22 
649 15 18 13 1 21 23 4 10 9 22 14 17 8 16 3 19 6 24 
650 15 0 19 1 10 18 23 24 5 16 11 17 12 3 
651 15 13 7 3 22 9 19 21 0 12 23 11 16 24 4 18 
652 15 24 14 21 10 4 16 20 18 6 9 22 13 3 1 
653 15 18 10 6 12 23 1 5 0 24 2 19 14 3 4 8 17 20 
654 15 18 10 14 12 23 22 7 13 9 20 19 1 5 6 24 8 11 16 2 
655 15 13 20 8 6 4 14 3 12 19 0 9 10 16 17 
656 12 3 1 7 20 21 18 22 9 19 6 5 13 14 23 2 
657 15 2 12 23 13 8 11 24 19 9 17 22 0 18 
658 15 1 12 13 3 8 20 21 19 18 10 4 14 22 17 
659 15 2 6 20 16 3 18 23 13 7 19 22 17 11 5 14 1 0 
660 15 13 1 22 2 21 9 5 18 3 16 12 24 11 
661 18 22 23 19 16 14 17 11 12 10 24 20 
662 15 18 2 24 21 0 20 9 14 22 4 8 
663 15 21 7 10 12 14 3 19 23 22 1 16 
664 15 14 2 11 21 16 20 13 4 18 17 
665 15 13 6 4 9 2 1 10 19 0 
666 8 23 14 17 1 11 3 5 16 13 24 0 19 
667 15 18 11 2 16 7 13 1 19 6 20 22 17 0 9 14 
668 15 18 19 6 13 21 22 1 10 0 12 14 4 7 20 2 24 
669 2 8 10 3 22 4 5 21 9 14 18 23 17 19 0 24 
670 15 9 19 20 17 14 12 16 4 8 13 10 18 0 6 7 
671 15 18 3 23 4 7 10 17 16 12 19 21 14 
672 5 20 23 22 1 19 21 4 13 3 12 0 
673 15 17 21 23 11 0 14 1 13 9 6 22 
674 15 13 23 5 14 9 24 12 2 10 19 17 3 
675 16 13 17 23 22 8 12 7 11 24 14 10 
676 16 13 8 10 7 12 4 22 6 14 
677 16 14 12 5 11 24 17 1 18 22 6 0 20 7 
678 15 22 3 21 8 23 13 2 12 9 18 
679 20 2 13 0 24 10 9 19 16 14 17 
680 15 11 23 10 22 14 2 
681 15 18 16 7 3 8 17 6 12 22 10 11 24 4 1 
682 15 7 22 12 10 1 3 14 19 5 11 0 
683 15 22 14 20 2 23 0 13 5 17 4 11 
684 19 0 24 18 7 23 20 17 14 13 6 10 22 
685 15 6 9 7 13 19 12 22 10 2 
686 18 7 6 16 9 17 8 4 22 14 1 
687 15 18 19 11 8 14 2 24 1 20 10 6 4 22 23 
688 19 9 11 6 7 23 5 0 3 4 2 8 21 
689 15 2 12 6 9 1 10 4 19 14 17 11 24 23 18 
690 15 22 10 14 3 11 1 18 16 6 0 5 
691 15 18 20 2 12 4 22 17 16 7 0 11 24 23 
692 7 18 24 5 23 9 3 16 0 1 6 8 20 2 21 11 10 
693 4 11 23 20 6 22 2 3 24 9 16 
694 15 17 1 12 4 23 8 5 9 21 6 24 7 2 14 13 16 
695 15 18 1 20 3 0 4 23 11 2 5 19 16 13 22 
696 18 20 2 17 1 10 22 21 3 7 4 13 11 
697 0 9 10 13 21 12 20 14 4 1 6 22 23 19 3 
698 15 11 4 8 18 19 17 10 14 13 3 6 24 5 
699 18 11 12 23 22 21 6 17 4 5 14 24 
700 15 6 2 23 9 0 21 22 1 8 24 18 16 7 11 3 
701 1 7 10 22 0 13 16 2 12 14 21 19 3 11 9 
702 20 19 10 16 23 17 5 1 3 12 8 
703 18 21 14 19 16 17 5 23 7 4 20 24 3 
704 15 8 9 21 13 24 0 16 17 20 10 4 11 18 5 12 
705 15 5 24 14 0 21 11 22 16 4 1 3 20 
706 15 4 8 5 0 12 17 10 13 14 6 1 24 18 22 
707 15 19 7 10 12 4 0 3 16 17 11 9 5 24 13 2 1 20 8 
708 15 7 12 6 5 14 24 19 23 21 8 10 0 9 18 17 
709 15 20 16 11 10 19 23 2 24 8 22 17 3 1 12 13 
710 22 9 14 19 12 20 4 1 
711 15 13 18 1 23 20 6 4 8 12 11 19 14 16 7 2 24 21 
712 15 18 2 17 22 21 24 13 12 19 10 3 23 8 1 
713 15 9 11 24 5 19 18 3 1 21 20 14 2 8 13 23 
714 15 20 14 3 4 2 23 5 24 22 19 11 12 6 16 
715 15 18 16 7 22 14 13 23 5 1 
716 19 7 4 3 1 9 2 12 0 10 11 24 5 21 22 8 
717 15 1 18 2 22 20 4 21 14 16 7 5 10 19 0 
718 15 20 22 10 18 11 2 12 16 6 8 13 14 
719 16 22 3 10 2 24 4 17 11 9 19 6 18 13 21 
720 18 9 17 5 7 19 20 3 1 6 16 2 24 12 4 
721 15 19 12 17 2 4 1 7 8 9 5 16 6 18 
722 20 17 0 19 22 2 8 9 18 5 11 6 1 23 14 
723 15 20 22 6 11 12 16 18 23 17 3 14 1 21 2 
724 16 12 6 20 2 8 11 10 22 0 7 4 19 5 23 1 
725 18 12 4 22 13 23 1 17 8 0 11 7 5 9 
726 11 13 1 16 23 19 2 24 20 8 5 12 18 
727 19 21 2 24 8 0 23 13 4 20 10 17 16 14 22 18 6 
728 15 18 6 4 0 23 16 5 21 3 12 9 10 14 
729 15 6 9 2 0 24 14 19 17 21 16 10 22 8 13 12 7 18 11 
730 1 10 22 23 24 11 0 4 7 19 18 20 9 
731 18 23 1 14 2 11 21 20 9 17 22 8 16 7 13 19 
732 15 0 13 8 7 23 6 17 4 9 18 2 16 24 
733 15 18 3 12 20 11 0 14 16 23 6 17 19 22 2 7 
734 15 10 17 6 13 3 23 5 19 9 1 20 0 11 14 4 12 
735 20 9 19 24 0 13 7 12 8 16 2 11 14 
736 22 3 11 18 23 10 14 2 5 13 4 9 1 
737 18 16 7 17 14 6 24 20 1 2 3 4 10 0 11 
738 18 17 22 21 23 4 5 19 16 12 3 2 9 
739 15 24 16 12 22 0 11 23 4 6 10 17 19 9 2 
740 15 10 9 18 3 20 14 22 2 24 8 11 7 
741 15 1 7 18 9 4 0 11 2 23 8 13 5 
742 15 16 24 12 1 2 23 14 11 22 9 13 0 20 
743 15 22 13 7 12 20 14 3 8 
744 15 20 5 24 12 13 7 4 21 23 1 6 10 16 0 3 11 22 
745 13 19 8 11 24 3 6 7 20 1 23 2 14 
746 18 8 17 14 7 24 19 23 6 12 20 1 11 
747 5 16 23 14 6 4 10 1 12 20 2 21 8 7 22 
748 20 10 22 13 14 1 8 5 4 19 23 16 3 
749 15 18 7 19 21 4 5 10 0 6 8 9 11 13 1 23 
750 15 11 13 17 2 24 18 1 14 3 16 19 
751 23 8 20 22 7 1 18 13 11 16 9 3 
752 15 23 4 3 24 18 10 14 8 0 6 13 1 9 2 7 
753 15 4 3 10 11 21 9 13 23 5 1 12 20 2 14 
754 18 13 23 16 14 9 0 19 2 21 10 7 20 3 5 
755 15 6 24 21 1 14 11 9 7 23 5 20 2 
756 14 11 7 22 10 16 23 20 21 4 24 1 5 0 2 19 12 
757 15 6 23 5 24 13 18 1 10 0 20 17 8 22 
758 9 0 16 14 4 5 2 8 23 21 20 1 7 13 10 19 17 
759 0 13 12 9 24 2 14 18 7 22 20 11 16 6 
760 15 19 20 22 17 13 11 1 14 9 10 18 0 23 2 21 4 
761 15 18 16 9 12 21 0 11 5 14 7 10 
762 15 10 14 7 8 18 4 1 23 11 16 12 3 
763 13 12 0 18 24 3 16 14 19 11 22 
764 15 3 11 14 0 21 6 9 18 8 23 2 
765 18 1 6 12 9 11 22 19 14 5 13 4 2 16 
766 15 8 17 11 9 21 3 14 1 5 7 0 10 
767 15 24 12 17 1 0 10 14 20 23 9 5 22 
768 12 22 2 23 16 4 11 1 17 0 7 8 9 19 24 
769 15 18 22 8 17 13 14 3 5 7 2 16 11 0 6 9 20 21 
770 13 16 9 7 17 0 21 24 4 19 5 10 20 
771 5 6 8 18 17 2 12 20 23 3 24 22 19 14 
772 15 6 9 5 17 23 24 10 19 2 3 8 12 11 
773 15 4 19 3 11 12 23 2 18 5 6 0 
774 15 18 8 0 13 5 3 24 17 6 22 9 23 10 4 12 
775 18 16 10 19 20 8 0 3 5 9 22 1 11 17 
776 18 0 11 16 7 19 5 14 23 17 6 2 4 21 24 
777 15 11 16 21 19 0 18 24 2 6 22 14 23 9 8 
778 21 17 18 0 8 11 24 5 14 13 20 16 12 19 9 
779 15 18 6 12 4 23 13 19 1 0 20 14 2 7 
780 15 1 20 21 23 16 12 7 6 4 10 17 13 3 24 0 22 9 
781 15 1 5 22 23 18 0 6 8 3 12 13 14 
782 15 18 1 16 24 21 4 6 7 22 13 2 17 14 0 3 11 
783 4 18 22 8 7 3 24 21 10 12 23 13 9 16 11 
784 15 1 9 17 0 21 23 8 14 6 13 18 7 22 4 16 
785 18 13 22 9 6 10 14 12 17 11 4 8 16 20 19 0 
786 23 7 13 12 3 14 21 5 22 2 24 10 0 
787 15 24 16 21 22 12 23 6 3 2 8 13 
788 15 18 16 13 17 19 7 11 22 2 0 24 6 10 23 20 1 5 
789 2 8 3 23 20 6 12 11 14 16 24 10 
790 15 24 6 19 10 22 9 14 12 0 18 16 13 
791 6 13 4 7 2 0 22 10 8 3 
792 20 4 24 6 3 16 21 19 12 5 0 2 22 9 14 1 23 11 18 
793 15 18 13 22 2 21 4 19 5 20 12 3 10 9 11 1 0 24 
794 15 19 0 21 5 14 23 20 18 9 7 13 3 17 10 8 24 
795 15 21 10 17 7 0 23 4 24 5 2 13 8 1 9 20 12 19 22 
796 16 11 8 0 7 17 22 23 18 13 3 9 12 21 5 2 19 10 
797 15 18 22 23 13 6 3 24 2 11 12 4 14 21 9 1 10 0 20 
798 15 13 16 14 20 5 0 8 4 12 3 11 24 21 
799 17 20 8 6 22 18 10 16 0 5 12 19 4 
800 16 4 0 3 11 8 2 5 10 7 12 17 18 14 
801 15 1 12 5 10 4 20 0 21 16 14 17 3 23 7 24 11 8 13 22 
802 15 24 2 23 0 12 3 18 14 20 22 21 19 13 8 11 7 9 
803 2 23 3 9 16 24 7 11 0 13 22 
804 18 7 24 4 22 0 6 19 5 3 12 2 11 
805 2 13 5 23 11 4 3 1 6 20 0 24 14 21 16 
806 15 18 14 17 4 24 13 2 6 20 16 3 5 0 22 19 
807 15 19 2 10 7 13 3 1 6 17 18 5 14 21 8 
808 15 18 2 8 19 7 14 13 23 3 24 5 
809 15 21 13 3 18 23 9 19 6 24 7 20 
810 15 23 11 2 17 3 16 13 18 9 0 7 19 20 24 
811 15 18 10 4 22 17 0 3 6 1 5 14 13 8 24 
812 15 4 20 16 12 11 10 18 1 13 7 17 22 14 3 
813 15 20 17 16 7 9 2 22 12 19 13 11 23 24 4 
814 15 18 22 20 7 11 19 13 14 21 5 1 2 3 
815 15 0 13 7 14 17 9 23 4 6 8 2 11 3 19 5 18 24 1 12 
816 15 19 4 10 7 1 16 0 5 22 9 24 18 14 
817 14 1 13 18 0 21 11 24 22 4 19 10 
818 15 13 12 24 2 4 21 14 10 22 18 19 0 8 5 
819 15 7 20 4 21 5 14 10 24 16 
820 10 1 18 7 14 12 5 21 24 6 22 19 0 
821 15 22 7 2 10 1 21 6 0 16 11 5 3 
822 15 9 4 0 7 16 19 8 11 24 21 2 
823 15 13 19 23 8 14 18 21 4 1 9 0 17 2 
824 18 20 8 1 5 13 0 19 9 10 16 24 6 7 2 17 23 3 
825 15 23 22 17 9 13 24 6 16 14 18 1 
826 18 2 8 3 19 11 1 7 
827 15 18 8 17 2 5 22 3 11 6 19 9 13 23 1 7 12 20 
828 6 4 21 13 16 20 9 8 14 11 22 12 0 23 7 
829 20 9 8 21 18 1 12 2 0 4 19 
830 15 13 19 18 22 24 7 3 23 20 14 4 10 1 5 
831 15 12 7 6 4 16 18 23 2 1 19 0 22 13 5 3 10 
832 5 2 4 0 19 17 21 24 23 1 20 18 13 11 
833 18 13 12 20 7 21 11 6 3 24 19 
834 15 5 1 9 19 6 23 18 14 4 11 13 22 20 7 
835 15 2 23 16 20 12 7 13 1 4 18 19 10 14 5 
836 15 9 17 3 11 24 14 22 2 6 4 10 23 
837 6 4 17 14 2 18 5 0 13 12 10 21 8 7 22 1 16 19 9 
838 15 1 16 6 3 5 21 19 2 8 14 9 0 
839 13 1 10 2 6 16 20 5 23 14 3 18 11 0 12 
840 15 10 11 19 17 4 24 23 7 8 18 21 9 6 14 
841 4 19 2 22 10 1 20 23 14 6 18 5 12 9 
842 15 23 10 9 17 0 22 21 4 7 19 14 8 6 3 
843 15 9 6 2 24 18 20 19 21 
844 1 12 10 23 14 11 2 3 20 16 4 8 0 5 19 7 
845 15 5 22 23 9 19 4 10 1 7 0 20 24 
846 19 5 20 0 22 21 12 14 6 10 9 17 24 
847 15 20 4 5 19 7 1 0 11 2 6 23 13 10 9 3 22 
848 15 3 0 23 5 9 11 19 20 8 6 17 4 16 10 14 2 18 22 
849 15 10 3 13 16 20 5 18 6 17 22 12 0 24 
850 15 18 13 2 16 17 3 5 24 12 0 19 
851 15 14 6 9 10 13 3 21 20 1 4 
852 15 14 13 1 19 16 6 18 21 3 11 4 0 20 
853 13 1 9 3 23 19 16 7 12 8 6 4 11 24 10 18 14 5 
854 15 18 13 20 12 4 9 19 10 14 21 
855 7 11 19 22 0 16 21 1 6 5 17 20 3 8 10 18 
856 15 1 13 18 23 17 4 8 21 3 6 22 2 
857 15 18 16 24 19 9 20 5 13 7 12 10 0 6 8 
858 16 5 3 23 1 11 22 14 7 8 9 12 19 4 24 
859 15 23 4 3 2 9 17 7 11 5 0 24 19 14 13 16 6 21 
860 15 22 2 24 12 10 19 16 0 21 8 17 1 9 3 6 20 
861 15 23 18 17 11 4 14 24 6 7 21 12 20 3 16 8 10 0 13 
862 15 18 13 3 11 21 0 19 10 23 12 9 22 2 
863 15 12 4 10 11 2 7 19 24 17 20 0 3 13 23 
864 18 13 12 3 24 17 11 23 
865 15 4 16 13 21 6 9 17 12 5 19 14 0 7 1 
866 15 18 16 1 14 20 11 2 24 6 13 19 22 
867 13 19 9 17 12 10 16 20 1 24 7 11 18 14 22 0 3 
868 2 16 18 7 24 1 22 21 23 6 11 13 9 20 19 3 0 
869 15 12 10 19 21 13 11 24 23 22 3 7 2 5 
870 15 12 16 18 1 17 0 10 9 13 24 3 5 
871 18 9 8 10 1 23 24 13 17 3 2 11 6 
872 15 21 2 5 16 10 24 8 12 14 22 4 18 1 19 9 3 13 
873 15 18 6 4 21 23 16 0 20 24 12 8 22 14 1 2 11 
874 15 21 1 0 18 2 6 10 13 23 9 5 7 14 16 
875 15 1 2 8 24 6 23 3 19 18 0 20 16 
876 15 14 11 20 6 18 7 24 5 17 22 9 21 2 
877 15 1 6 14 24 12 2 8 16 19 0 10 18 21 
878 13 16 12 8 9 11 20 18 5 0 3 17 7 
879 15 5 7 12 3 18 22 21 9 0 14 4 10 6 23 8 16 1 
880 16 21 6 5 8 24 11 19 22 2 17 0 4 10 
881 15 10 17 7 22 6 1 2 9 0 23 14 20 12 
882 15 6 8 3 18 1 10 21 13 23 17 5 19 0 
883 15 18 11 3 20 19 7 17 16 9 12 2 
884 15 18 19 13 14 11 8 24 9 3 23 22 21 12 2 20 7 4 
885 15 10 18 14 24 6 22 2 5 1 4 3 20 12 9 17 11 
886 15 13 23 11 14 16 0 4 21 7 17 8 1 
887 20 11 0 17 9 18 1 13 23 16 22 19 24 12 6 4 
888 15 4 24 5 20 10 12 6 14 22 17 23 2 1 18 8 0 
889 15 18 9 4 13 11 23 12 3 7 6 5 
890 15 3 11 16 23 13 24 19 6 9 7 0 12 
891 15 18 8 14 17 11 2 12 10 9 5 19 13 16 22 0 23 20 
892 15 24 12 11 16 20 18 1 5 19 22 0 7 14 8 21 
893 15 22 23 11 7 0 1 21 2 10 4 13 18 9 
894 15 2 4 1 5 10 16 14 21 12 6 18 20 9 23 13 11 24 
895 15 6 14 8 22 9 17 0 24 12 
896 22 20 18 24 19 14 23 11 8 7 
897 15 5 7 23 0 22 
898 15 22 3 20 19 1 18 11 23 21 12 10 16 0 5 
899 15 18 19 4 11 10 3 8 7 13 22 1 6 17 
900 1 4 8 6 18 24 20 17 22 0 5 16 
901 22 4 19 12 6 14 23 3 16 8 7 11 13 5 
902 15 2 13 16 3 24 22 11 5 10 7 9 0 18 
903 15 2 20 16 18 10 24 7 13 12 4 0 9 6 22 23 1 
904 15 1 20 19 12 6 10 9 3 8 5 24 13 23 0 2 7 
905 0 11 24 20 9 2 19 6 17 21 12 22 14 
906 13 2 11 20 5 23 6 9 21 14 1 12 
907 15 2 4 24 21 19 20 9 17 13 7 22 16 14 
908 6 13 5 11 12 24 9 21 18 7 0 3 20 
909 15 18 13 4 20 22 2 3 21 8 1 7 5 9 17 6 11 14 23 12 
910 15 2 23 1 20 13 4 10 16 19 21 5 14 17 18 11 22 
911 15 22 24 1 7 12 19 13 10 11 8 6 21 
912 15 18 7 22 10 14 23 17 4 19 0 
913 18 6 9 14 17 0 7 8 5 1 23 22 11 
914 15 18 7 23 5 10 14 6 17 12 3 16 1 
915 16 20 21 13 18 7 9 14 11 2 10 17 1 19 6 22 
916 18 5 7 13 10 19 14 0 11 8 20 17 1 12 9 22 4 21 2 
917 15 2 20 8 17 21 0 22 3 4 5 10 24 18 23 19 14 16 
918 14 11 2 16 3 19 4 20 21 
919 18 2 0 14 4 19 9 1 6 10 12 8 5 
920 15 2 24 14 23 3 5 0 1 12 21 
921 15 10 2 3 11 19 24 14 1 4 7 
922 15 18 13 9 16 20 7 14 3 2 11 4 19 22 6 8 12 17 
923 15 18 2 0 12 14 24 23 3 17 9 19 7 8 
924 15 1 13 9 12 18 14 7 21 20 0 22 24 4 5 19 10 11 2 3 23 
925 18 4 21 8 9 12 3 6 20 10 13 2 0 11 
926 15 13 9 23 21 6 2 19 17 20 14 3 5 4 7 12 
927 15 6 7 16 4 3 20 11 2 19 5 24 17 1 
928 16 23 10 13 14 7 24 19 22 1 4 8 17 0 2 
929 9 18 22 0 11 7 17 24 1 10 19 20 23 14 6 12 
930 18 23 8 9 24 4 10 0 3 12 2 16 5 7 
931 15 12 23 6 10 0 19 24 18 1 20 11 9 21 
932 13 20 22 2 4 9 1 11 16 24 12 
933 15 13 1 8 2 6 20 12 16 11 14 10 17 24 19 22 
934 20 2 4 10 21 5 12 23 16 17 22 14 18 19 11 3 6 24 
935 23 5 10 24 8 3 19 20 
936 6 4 3 2 23 14 20 9 21 17 8 16 1 22 24 
937 18 16 10 19 2 12 1 4 5 0 23 21 7 20 9 
938 18 13 20 23 21 6 7 8 16 22 17 
939 7 22 8 14 17 3 23 4 21 2 10 19 5 12 0 6 
940 13 14 11 23 18 2 4 9 22 6 19 8 20 1 24 
941 15 2 16 22 13 21 9 1 12 4 5 14 6 11 17 24 19 10 0 
942 23 7 21 3 22 2 1 24 0 14 
943 15 19 8 24 6 3 23 14 22 11 2 17 5 21 12 
944 15 7 21 17 3 6 14 13 
945 20 19 3 12 17 8 2 10 0 4 9 14 16 23 7 6 21 
946 15 7 6 23 1 22 11 12 21 5 17 9 24 18 
947 7 8 9 17 6 19 12 1 10 13 11 4 24 5 23 20 14 
948 15 14 11 1 21 10 22 3 24 12 4 18 20 2 8 13 19 23 9 
949 15 16 12 14 1 8 9 20 2 7 0 
950 5 6 4 18 12 8 
951 8 24 16 10 17 3 12 9 0 22 21 1 19 7 5 
952 18 3 2 4 5 23 0 20 9 13 22 8 21 14 1 
953 14 8 9 24 2 7 22 1 
954 15 18 4 10 7 13 8 9 22 5 0 23 
955 15 18 10 0 23 8 11 5 16 17 22 19 
956 15 18 13 10 5 8 16 21 19 20 3 23 22 2 11 
957 15 14 6 12 18 11 21 3 23 4 19 13 2 22 8 5 7 16 
958 15 19 17 3 18 8 10 4 7 9 12 5 16 22 0 24 
959 18 17 4 16 23 5 14 7 24 6 0 3 11 12 1 19 13 9 
960 15 18 23 14 20 2 1 5 9 3 
961 15 8 20 14 23 22 13 3 11 24 2 4 5 16 17 
962 14 2 23 4 6 16 21 13 9 18 10 11 3 7 19 
963 19 21 6 9 13 23 2 7 17 0 18 24 1 20 
964 16 2 19 18 12 20 24 7 6 8 14 11 4 23 21 
965 18 19 14 8 22 6 24 20 0 23 11 2 9 1 
966 15 18 2 0 13 5 6 20 23 1 9 22 14 12 16 8 19 
967 8 14 0 12 19 21 16 18 1 9 11 
968 15 18 12 10 5 17 4 16 0 1 20 22 7 11 21 8 13 
969 11 22 2 17 3 14 0 24 20 23 7 21 16 
970 15 20 14 18 16 22 7 9 6 8 23 3 10 5 1 
971 11 9 6 2 8 10 21 19 1 4 5 0 17 
972 2 3 24 23 9 18 8 10 19 0 1 6 4 17 5 14 13 
973 1 3 17 0 24 6 22 21 9 20 10 14 13 5 7 18 8 16 
974 15 18 4 8 3 10 9 6 0 16 2 23 14 21 
975 15 13 3 24 12 11 1 6 16 17 
976 15 23 14 16 22 8 3 2 0 19 4 1 11 20 17 6 7 
977 1 16 18 11 22 8 5 21 17 6 24 14 20 9 4 
978 15 0 12 10 21 13 4 18 24 17 2 14 5 1 23 
979 6 1 7 14 8 22 20 5 23 21 4 19 11 17 
980 13 5 16 7 12 4 23 17 11 8 24 6 14 
981 19 6 11 18 23 5 14 1 16 12 20 13 0 
982 12 5 22 14 3 11 20 16 18 4 1 23 
983 15 8 14 13 2 18 19 9 17 24 5 21 3 12 20 7 1 0 6 
984 15 11 6 5 9 16 3 22 1 19 13 24 10 14 2 7 23 
985 18 8 22 23 4 6 16 3 13 9 7 12 0 
986 15 18 5 7 14 24 11 19 2 21 4 9 10 16 1 
987 15 9 8 13 10 1 16 12 6 20 14 23 21 22 7 2 3 
988 15 1 22 2 21 6 9 23 10 18 11 14 19 
989 16 4 12 18 11 20 9 8 24 14 
990 15 18 7 11 13 12 3 21 0 1 5 9 23 2 22 
991 17 22 18 9 23 6 24 7 13 20 4 3 
992 15 12 1 20 2 4 21 7 14 23 17 
993 15 3 20 12 9 18 2 24 22 16 0 21 
994 15 18 17 19 16 7 3 2 6 21 9 1 20 8 13 11 5 
995 15 18 7 20 23 5 9 11 3 17 6 22 21 12 13 14 10 0 
996 15 9 22 4 13 1 21 2 0 23 14 24 
997 23 10 11 17 0 19 9 4 16 12 
998 18 7 0 19 17 12 
999 15 9 5 6 1 2 19 16 20 10 7 21 
