0  1 7 6 3 4 2
1  5 1 7 6 8 0 3 4
2  5 7 6 9 8 3 4 2
3  5 1 6 9 3 4 2
4  1 9 8 0 3
5  1 6 4
6  6 8 0 3 4
7  5 7 6 9 0 4 2
8  5 1 6 9 8 3 4
9  1 0 3 4 2
10  5 1 7 6 8 0 3 4
11  5 1 7 6 9 0 4
12  5 1 9 0 4 2
13  7 8 3 4
14  5 7 6 9 8 3
15  5 6 9 8 4 2
16  5 1 7 6 9 8 0 3 4
17  5 1 7 9 0 3 4 2
18  5 1 7 6 3 4 2
19  5 1 7 6 9 8 0 3 4
20  5 1 7 9 8 0 3 4 2
21  5 1 8 4 2
22  5 1 7 9 8 0 3 2
23  5 1 7 6 9 0 3 4 2
24  5 1 9 8 3 4 2
25  5 1 7 6 9 8 0 3 4 2
26  5 1 7 6 0 4 2
27  1 7 6 9 3 4
28  5 7 8 0 3 4 2
29  5 7 6 9 8 0 3 4
30  5 9 8 3 4 2
31  5 3 4
32  1 7 9 8 0 2
33  5 1 6 8 0 4
34  1 7 6 9 8 0 3 4
35  6 9 8 0 2
36  5 1 7 9
37  1 6 9 8 0 3 4 2
38  5 1 7 6 3 4 2
39  1 7 6 9 8 4 2
40  5 1 7 9 8 0 3 4 2
41  5 1 7 6 9 8 3 4 2
42  1 7 6 9 8 0 3 4 2
43  5 1 7 6 9 8 0
44  5 1 7 6 9 0 3 4 2
45  5 1 7 9 8 3 4 2
46  5 1 6 9 8 3 4
47  1 9 8 0 2
48  5 1 7 9 8 0 3 4 2
49  5 1 7 6 8 0 4 2
50  1 6 9 8 3 4 2
51  5 1 7 6 9 3 4 2
52  5 1 7 6 9 8 0 3 4 2
53  5 1 9 0 3
54  5 7 9 8 0 3 4
55  5 1 7 6 9 8 3 4 2
56  5 1 7 6 9 8 0 4 2
57  5 7 6 9 3 4
58  7 6 9 8 2
59  1 7 9 8 0 3 2
60  5 7 6 9 3 4 2
61  5 1 6 9 8 4 2
62  5 1 7 6 9 8 0 3 2
63  5 6 9 0 3 2
64  1 7 6 8 0 3 2
65  5 1 6 9 8 0 3 2
66  5 7 9 8 0 3 4
67  5 7 6 8 0 4
68  5 1 7 6 9 8 3 4 2
69  5 7 6 0 3 4
70  5 1 6 9 8 0 3 4 2
71  5 7 6 9 0 4 2
72  5 1 7 6 9 8 0 3 4 2
73  5 8 0 3 4 2
74  5 1 7 6 9 8 0 3 4 2
75  1 7 6 9 8 0 3 4 2
76  5 7 6 9 0 3 4 2
77  1 7 6 8 0 4
78  1 7 6 8 0 3 2
79  5 1 7 8 3 4
80  5 1 7 6 9 8 0 3 4 2
81  5 1 7 6 9 8 0 3 4 2
82  5 1 7 6 9 8 0 3 2
83  5 7 6 0 3 4
84  7 6 8 3 2
85  5 6 9 8 0 4 2
86  5 1 7 9 8 0 3 2
87  5 1 6 4 2
88  5 1 7 6 4 2
89  1 7 6 8 0 3 4 2
90  5 1 7 6 9 8 0 3 4 2
91  5 1 7 8 0 3 4
92  7 9 4 2
93  5 1 7 6 9 8 0 3 4 2
94  1 7 9 8 0 3 4 2
95  1 7 6 8 3 4
96  5 1 9 8 0 4 2
97  7 6 9 8 3 4 2
98  1 7 6 9 8 3 4 2
99  5 1 7 6 9 8 0 4 2
100  5 1 7 6 9 8 0 3 2
101  5 1 7 6 9 8 0 3 4
102  5 1 6 9 0 3 4 2
103  1 7 6 9 8 0 3 4 2
104  5 1 6 9 8 0 3 2
105  5 1 7 6 8 4 2
106  5 1 7 6 9 8 0 3 2
107  5 1 7 6 9 0 3 4
108  5 1 7 6 9 8 0 3 4 2
109  5 1 6 9 8 0 2
110  1 6 9 8 0 3 2
111  5 7 6 9 0 3 4 2
112  5 1 7 6 0 3 2
113  5 1 7 9 0 3 4 2
114  7 9 8 0 3
115  5 1 6 8 0 3 4 2
116  5 1 6 8 4 2
117  5 1 7 9 8 3 4 2
118  5 1 7 6 9 8 3 4 2
119  5 1 7 6 8 0 3 4 2
120  5 1 7 6 8 0 3 4
121  5 7 6 9 0 3 4 2
122  5 1 9 8 0 3
123  5 1 7 6 8 0 3 4 2
124  1 7 9 8 0 3 4 2
125  5 1 7 6 9 8 3 4 2
126  5 1 7 6 9 8 0 4 2
127  5 1 7 6 9 8 0 3 4 2
128  7 9 0 3 4 2
129  5 6 9 8 0 4 2
130  5 1 7 6 9 8 0 3 2
131  5 1 7 6 9 8 0 3
132  1 7 6 9 8 0 3 4 2
133  1 7 6 9 8 0 4 2
134  7 6 9 0 3 4 2
135  1 7 6 9 8 3 4
136  5 1 7 6 9 8 0 3 4
137  5 1 7 6 9 0 3 4
138  5 1 7 6 9 8 0 4 2
139  7 6 9 8 3 4
140  5 7 6 0 3 4 2
141  5 1 7 6 9 8 0 3 4 2
142  5 7 6 9 3 4 2
143  5 1 7 6 9 8 3 4 2
144  5 1 7 6 9 8 3 4 2
145  1 7 6 9 8 3 4
146  5 1 7 6 8 4 2
147  1 7 9 0 3 4 2
148  7 6 9 8 0 3 4 2
149  5 1 9 8 0 3 2
150  5 1 7 6 9 0 3 4 2
151  5 6 9 8 0 2
152  5 1 7 6 8 0 3 4
153  5 7 6 9 8 0 3 4 2
154  1 7 6 8 0 2
155  5 1 7 6 9 8 0 3 4 2
156  5 1 7 6 9 8 0 3 2
157  5 1 7 6 9 0 3
158  5 1 7 6 9 8 0 3 4
159  5 1 7 9 8 0 3 4 2
160  7 9 8 0 3 4 2
161  5 1 7 6 9 0 3 4 2
162  5 1 6 0 3 4 2
163  5 1 7 6 8 3 4
164  5 7 6 9 8 3
165  1 7 6 9 8 0 3 4 2
166  5 1 7 6 9 8 0 3 2
167  1 7 6 9 0 4 2
168  1 7 6 9 8 0 3 4 2
169  5 7 8 3 4 2
170  5 6 8 0 4
171  5 1 7 6 9 8 0 3 4 2
172  1 7 9 8 0 3 4 2
173  5 1 7 6 8 0 3 4 2
174  5 6 9 8 0 4 2
175  5 1 7 6 9 8 0 3 4 2
176  5 1 6 9 8 0 3
177  5 1 7 6 9 8 0 3 4 2
178  5 1 6 9 8 3 4 2
179  1 7 6 9 8 0 3 4 2
180  1 6 8 0 3 2
181  5 7 6 8 0 3 4 2
182  5 1 7 8 0 3
183  5 1 7 6 9 8 0 3 4 2
184  5 1 9 8 0 3 2
185  5 1 7 9 8 0 3 4
186  5 6 9 8 0 3 4 2
187  5 1 6 8 0 3 4
188  5 1 6 9 8 3 4 2
189  1 6 8 0 4 2
190  5 1 6 9 0 3 2
191  5 3 4
192  5 1 7 6 9 8 0 3 4 2
193  5 1 7 9 0 3 4 2
194  5 6 9 4 2
195  1 7 6 9 8 3 4 2
196  5 1 7 6 8 0 3 4 2
197  5 1 7 6 9 0 3 4 2
198  1 7 6 9 8 3 2
199  5 1 7 6 9 3 4 2
200  5 7 6 8 0 3 4
201  5 1 6 0 4 2
202  5 1 9 8 0 3 2
203  1 7 6 9 0 3 4 2
204  5 1 7 6 9 8 0 4
205  1 7 6 8 0 4 2
206  1 7 6 9 0 3 4 2
207  5 7 6 9 0 3 4 2
208  5 7 8 0 3 2
209  1 7 6 9 8 0 4 2
210  1 7 6 9 8
211  5 1 7 6 9 8 0 3 4 2
212  1 7 9 8 0 3 2
213  5 7 9 0 3 4 2
214  5 1 7 6 9 8 0 3 4
215  5 1 7 6 9 8 0 3 4 2
216  1 7 6 9 8 0 3 4
217  1 7 6 9 8 0 3 4 2
218  9 0 4 2
219  5 1 7 6 9 8 3 4 2
220  5 1 7 6 9 8 0 4
221  5 1 6 9 8 0 2
222  1 7 6 8 4
223  5 6 9 0 2
224  5 1 7 6 8 0 3 4 2
225  5 1 7 9 3 4 2
226  5 1 6 9 8 0 4 2
227  1 7 6 8 0
228  5 1 7 6 9 8 0 3 2
229  5 1 7 6 9 8 0 3 4 2
230  5 1 7 6 9 8 2
231  5 7 6 9 8 0 3 2
232  5 6 9 8 4 2
233  7 6 0 3 4
234  5 1 7 6 9 8 4
235  1 7 6 9 0 3 4
236  5 1 7 6 9 8 4 2
237  5 1 7 6 9 0 3 4 2
238  5 1 7 6 9 0 4
239  1 7 8 0 3 2
240  5 1 7 6 9 8 4
241  5 9 3 4
242  5 7 6 9 8 0 3 4 2
243  5 1 7 9 0 4 2
244  5 1 6 9 0 3
245  5 1 7 6 9 8 0 3 4 2
246  5 1 7 9 8 0 2
247  5 1 7 6 8 0 3 4 2
248  5 1 7 6 3 4
249  7 9 8 0 3 4
250  5 7 6 9 8 0 3 2
251  1 6 9 3 4
252  5 1 7 6 9 8 0 3 4 2
253  5 1 7 9 8 0 3 4 2
254  1 7 6 9 8 0 3 4 2
255  5 1 7 6 9 3 4 2
256  5 1 7 6 8 0 3 4 2
257  5 1 6 9 8 0 3 4
258  5 1 7 8 0 4 2
259  5 1 7 6 9 0 3 4
260  5 1 7 0 4 2
261  5 1 6 9 8 0 3 4 2
262  5 1 7 6 9 8 0 3 4 2
263  5 1 7 6 8 0 3 4
264  5 7 6 9 8 0 3 4 2
265  5 7 6 9 8 3 4 2
266  5 1 7 6 9 3
267  5 6 9 8 0 3 4
268  5 1 7 6 9 8 4 2
269  5 1 7 6 9 8 0 3 2
270  5 1 6 8 3 4 2
271  5 1 7 6 9 8 0 4 2
272  5 1 6 8 0 3 4 2
273  1 6 8 3 4 2
274  5 1 7 9 8 0 3 4 2
275  5 7 8 0 3 2
276  5 1 0 3 4
277  5 1 7 6 9 8 0 3 4 2
278  8 0 3 4 2
279  5 7 6 9 8 0 3 2
280  5 1 7 6 9 8 0 3 4
281  5 6 8 0 3 4 2
282  7 6 9 8 0 3 4 2
283  5 1 7 6 9 8 0 3 4 2
284  5 7 6 8 0 3 4 2
285  1 7 6 9 8 0 2
286  5 1 7 6 8 0 3 4 2
287  5 1 7 6 8 0 3 2
288  5 1 9 8 3 4 2
289  1 6 9 8 0 3 4 2
290  6 9 8 0 3 2
291  5 1 7 9 8 0 2
292  6 9 8 4 2
293  5 1 7 9 8 3 4 2
294  5 1 7 6 8 0 3 4
295  5 1 7 6 9 0 3 4 2
296  5 7 6 9 8 0 4 2
297  5 1 7 9 8 0 3
298  5 1 7 6 9 8 0 3 4 2
299  5 1 7 6 8 0 3 4
300  5 1 7 6 8 0 3 4 2
301  5 1 7 6 9 8 0 3 4 2
302  5 7 6 9 8 0 2
303  5 7 6 9 8 0 3 4 2
304  5 1 7 9 8 0 3 4 2
305  5 7 6 9 0 3 2
306  5 1 6 9 8 0 3 4
307  5 1 6 9 8 2
308  5 1 7 6 9 0 3 4 2
309  6 8 0 3
310  1 6 9 8 0 4
311  1 7 6 9 8 0 3 4 2
312  5 1 7 6 9 8 0 3 4
313  5 7 6 8 0 4 2
314  5 1 7 6 9 8 3 4 2
315  7 6 8 3 4 2
316  5 1 7 6 9 8 3 4
317  5 7 9 0 3 4
318  5 1 7 8 0 3 4 2
319  5 1 6 9 8 0 3 4 2
320  5 7 6 8 4 2
321  1 7 6 9 8 0 4 2
322  5 1 7 6 9 0 3 4 2
323  1 7 6 8 0 3 4 2
324  5 1 7 6 9 8 0 3 4 2
325  5 1 7 6 9 8 4
326  5 7 6 9 8 4 2
327  5 1 7 6 9 0 2
328  5 1 7 6 8 0 3 4
329  5 1 7 6 9 8 0 3 4
330  5 1 7 6 9 8 0 3 4
331  5 1 6 0 3 4 2
332  5 1 7 6 9 8 0 4 2
333  5 1 7 6 3 4 2
334  5 1 7 8 0 3 4 2
335  5 1 7 6 9 0 4
336  5 1 7 9 8 0 3 4
337  5 7 6 8 0 3 4
338  5 1 7 9 8 0 3 4 2
339  5 1 7 9 0 3 4 2
340  1 7 9 8 0 3 4 2
341  1 7 8 3 2
342  5 1 7 6 9 3 4 2
343  5 1 7 6 9 8 0 3 4 2
344  5 7 9 8 0 3 4 2
345  1 6 9 8 0 3 4 2
346  7 9 0 4 2
347  5 7 6 9 8 0 3 4 2
348  5 1 9 8 0 4
349  5 1 7 6 9 8 0 3 2
350  5 1 7 6 9 8 0 3 4 2
351  5 7 6 8 0 3 4 2
352  5 1 9 8 3 4 2
353  5 6 9 8 3 4 2
354  5 1 6 8 3 4
355  5 1 7 9 8 3 4 2
356  1 7 6 9 8 0 2
357  5 1 7 6 9 0 3 4
358  5 7 6 8 0 4
359  1 7 9 8 0 3 4 2
360  5 1 7 6 9 8 0 3 4 2
361  1 6 9 8 0 3 4
362  5 1 7 8 0 3 4
363  7 8 3 2
364  5 1 7 6 9 8 0 3 4
365  5 1 6 9 8 0 3 2
366  5 1 7 6 9 8 0 4
367  6 9 8 4 2
368  7 6 9 8 4 2
369  1 6 8 0 3 2
370  5 7 6 0 3 2
371  5 1 6 9 0 3 4
372  1 7 6 9 8 0 3 4 2
373  5 1 6 9 8 0 3 2
374  5 1 9 8 3 2
375  5 1 7 9 8 0 4 2
376  5 1 7 6 9 8 0 3
377  5 1 7 6 0 3 4
378  5 1 7 6 9 8 0 3 4
379  5 1 7 6 8 0 3 4 2
380  5 1 7 9 0 3 4 2
381  5 1 7 9 8 0 3 4 2
382  5 1 7 6 9 8 3 4
383  5 1 7 6 0 3 4 2
384  5 1 7 6 9 8 3 2
385  5 1 7 6 9 8 0 3 4 2
386  5 1 7 6 9 8 0 3 4
387  5 6 8 0 3 4 2
388  5 1 7 6 9 3 4 2
389  5 1 6 8 0 3 4 2
390  5 1 7 6 9 8 0 3 4
391  1 7 9 8 0 3 4 2
392  1 7 6 9 8 0 3 4 2
393  1 7 6 9 8 3 4
394  5 1 7 6 9 8 0 4
395  7 8 0 3 4
396  5 1 7 6 9 8 0 3
397  5 1 7 6 9 8 0 4
398  5 9 0 3 2
399  5 7 9 8 0 2
400  5 1 7 6 9 3 4 2
401  5 1 8 0 3 4 2
402  5 7 6 9 8 0 3 4 2
403  5 1 7 6 9 8 2
404  5 1 7 6 9 8 0 3 4 2
405  5 1 7 6 9 8 0 3 2
406  5 1 9 0 3 4 2
407  5 1 7 6 9 0 3 2
408  5 1 7 6 9 8 0 3 4
409  5 1 6 8 4 2
410  5 1 7 6 9 8 0 3 2
411  5 1 7 6 9 8 0 3 4 2
412  5 1 7 9 8 0 3 4
413  5 1 7 6 9 8 0 3 2
414  5 1 7 6 9 8 3 2
415  1 7 6 9 4 2
416  1 6 9 4 2
417  5 1 6 9 8 0 4 2
418  5 1 6 8 0 4 2
419  5 1 7 6 9 0 4 2
420  5 1 7 0 3 4 2
421  5 1 6 9 8 0 3 2
422  5 1 7 6 9 0 4 2
423  5 1 7 0 3 4 2
424  5 6 9 8 0 3
425  5 6 9 0 3 4 2
426  5 1 7 6 9 8 3 4 2
427  1 7 6 8 0 3 2
428  1 7 6 0 3 4 2
429  5 7 6 9 8 0 3 4 2
430  1 7 6 9 8 0 3 4
431  5 1 7 6 9 8 0 3 4 2
432  5 7 6 0 3 4 2
433  1 7 9 8 0 4 2
434  5 1 6 9 8 3 4
435  5 1 7 6 9 8 0 3 4 2
436  5 1 8 0 3 4 2
437  5 1 7 6 8 0 4
438  5 7 9 8 3 4
439  5 1 7 6 9 8 0 3 2
440  5 1 7 6 9 8 0 3 4 2
441  5 1 7 9 8 0 3 4
442  1 7 9 8 0 3 4 2
443  5 7 6 9 8 3 4 2
444  5 1 7 6 9 8 0 3 2
445  5 7 9 3 4 2
446  1 9 8 0 3 4 2
447  5 1 7 6 8 0 3
448  5 7 6 9 8 0 3 4 2
449  5 1 7 6 8 3 4
450  5 6 9 8 0 3 2
451  5 6 8 0 3 2
452  5 1 7 6 9 8 0 4 2
453  5 7 9 3 4 2
454  5 1 7 9 0 3 4
455  1 7 6 9 8 0 3
456  5 6 9 8 0 3 4 2
457  5 7 9 8 0 3 4 2
458  7 6 9 8 0 3 2
459  5 9 0 3 4 2
460  1 7 9 8 0 3 4
461  1 7 6 9 8 0 3 4 2
462  1 7 6 9 8 0 3 4 2
463  5 7 6 9 8 0 4 2
464  5 1 6 9 8 0 4 2
465  5 1 9 8 0 3 4
466  5 1 6 9 8 0 4 2
467  7 8 3 4 2
468  5 1 7 8 0 4 2
469  5 1 6 9 8 3 4
470  5 7 6 9 8 3 4
471  5 1 6 9 0 3 4 2
472  1 7 6 8 0 3 4 2
473  1 7 6 8 2
474  5 1 7 9 8 3 4 2
475  1 6 8 0 2
476  5 7 0 3 4 2
477  5 1 7 6 9 8 0 3 2
478  5 1 7 6 9 8 0 4 2
479  5 1 7 6 9 8 0 3 2
480  5 1 7 6 9 8 0 2
481  5 1 7 6 9 3 4 2
482  5 1 7 6 8 0 3 4 2
483  1 8 0 3 4
484  5 1 7 6 9 8 0 3 4 2
485  1 7 6 9 8 0 3 2
486  5 7 9 8 3 4 2
487  5 7 9 8 3
488  5 1 7 6 9 8 0 3 4 2
489  5 1 6 9 8 0 3 4 2
490  5 1 7 6 9 8 4
491  5 1 7 9 8 0 3 4 2
492  5 1 7 6 9 3 4
493  6 9 8 0 3 4
494  5 1 7 8 0 3 4
495  5 1 7 6 9 8 0 3 2
496  5 1 8 0 2
497  5 7 6 9 8 0 3 4 2
498  5 1 7 9 0 4 2
499  5 1 6 0 3 4 2
500  5 7 9 0 4 2
501  5 7 6 9 8 0 3 4 2
502  5 7 6 9 8 0 3 4 2
503  5 1 0 4 2
504  1 7 6 8 3 4
505  5 1 9 3 4
506  5 1 6 9 8 0 4 2
507  5 1 9 8 0 3 4 2
508  5 1 7 6 9 8 3 2
509  5 1 9 8 0 3 2
510  5 7 6 9 8 3 4 2
511  5 1 7 6 9 8 0 4 2
512  1 7 6 9 0 4 2
513  5 1 7 6 9 8 0 4
514  5 6 9 8 0 3 4 2
515  5 1 7 6 9 8 0
516  5 1 7 6 8 0 3 4
517  7 6 0 3
518  7 6 9 3 4
519  5 1 7 6 9 8 0 3 4 2
520  5 1 7 6 8 0 3 4 2
521  5 1 6 9 8 0 3 4 2
522  1 7 9 8 0 3 2
523  5 1 7 8 4
524  5 1 6 9 8 0 3 4 2
525  5 1 7 9 0 3 2
526  5 1 7 6 8 4 2
527  5 1 9 0 3
528  5 1 7 6 9 8 3 4 2
529  1 7 6 9 0 3 4 2
530  5 1 7 6 9 8 0 3 4 2
531  1 7 6 0 3 4
532  5 1 7 6 9 8 0 4 2
533  1 7 6 9 8 0 3 4 2
534  1 6 9 0 4 2
535  1 7 8 0 3 4 2
536  1 7 6 9 8 3 2
537  5 1 7 6 9 8 0 3 4 2
538  5 1 7 6 9 8 3 2
539  5 1 6 9 8 3 4 2
540  5 1 9 8 0 3 4 2
541  5 1 7 6 9 8 3 4 2
542  5 1 7 6 8 0 4 2
543  5 6 0 3
544  5 1 6 9 8 0 3 4 2
545  5 1 7 6 9 8 0 3 4 2
546  5 1 7 9 8 0 4 2
547  5 1 7 9 8 0 3 4 2
548  5 7 6 9 3 4
549  1 6 9 8 3 2
550  5 1 7 6 9 8 0 3 4 2
551  5 6 9 8 0 4 2
552  5 1 7 6 8 0 3 4 2
553  5 1 9 8 0 3 4 2
554  1 7 9 8 0 3 4 2
555  5 1 7 9 8 0 3 4 2
556  7 9 8 0 3 4
557  5 1 7 9 8 0 3 4 2
558  5 1 7 6 9 8 0 3 4 2
559  5 1 7 6 9 8 0 3 4
560  5 1 6 9 8 3 2
561  5 1 6 9 8 0 3 4
562  1 7 6 0 3 4
563  5 7 6 9 0 3 4 2
564  5 1 7 6 9 3 4
565  5 1 7 6 9 3 4 2
566  5 1 7 6 8 0 2
567  5 1 7 6 9 8 0 3 4 2
568  1 6 9 0 3 2
569  5 1 6 8 4
570  5 6 9 8 3 4
571  5 1 7 9 3 2
572  5 1 3 2
573  5 1 7 9 8 0 4 2
574  1 7 6 9 0 3 4 2
575  5 1 7 6 8 0 3 2
576  5 7 6 9 3 4 2
577  7 6 9 8 0 3 4 2
578  6 8 3 4 2
579  5 7 6 9 4 2
580  5 1 7 6 9 0 3 4 2
581  1 6 9 0 3 4 2
582  5 1 7 9 8 0 3 2
583  5 1 6 9 8 0 3 2
584  5 7 6 9 8 3 4 2
585  5 1 7 9 8 0 3 4 2
586  5 1 7 6 9 8 0 4 2
587  5 7 6 8 0 3 4
588  5 1 7 6 9 8 0 4 2
589  5 1 7 9 3 4 2
590  5 1 6 9 0 4 2
591  1 7 6 9 8 4 2
592  5 7 6 9 8 3 4 2
593  5 1 7 6 9 8 0 3
594  5 1 7 8 0 3 4 2
595  1 7 9 0 3 4 2
596  5 1 6 9 8 4 2
597  7 6 9 8 0 3 4 2
598  5 1 7 6 9 0 3 4 2
599  5 1 7 8 3 4 2
600  5 1 7 6 8 0 2
601  5 1 7 6 9 8 3 4 2
602  5 1 7 6 8 0 3 4 2
603  1 7 6 9 8 0 3 4 2
604  5 1 0 3 4 2
605  5 9 8 0 3 4 2
606  5 1 7 6 9 0 3 4 2
607  5 7 9 8 0 4 2
608  5 7 6 9 0 3 4
609  5 1 9 8 0 3 2
610  5 1 7 6 9
611  5 1 7 6 9 8 0 3 4
612  5 1 9 0 3 2
613  5 1 7 6 9 0
614  5 1 7 6 9 8 3 4 2
615  5 1 7 6 9 8 0 3 4
616  5 7 6 9 8 0 4
617  1 7 6 0 3 2
618  5 1 6 9 8 0 3 4
619  5 7 6 9 8 0 3 4 2
620  7 3 4 2
621  5 1 7 9 8 0 3 2
622  1 7 6 8 4
623  5 1 7 6 9 8 0 3 4 2
624  5 1 7 6 9 8 0 3 2
625  1 7 6 9 8 4 2
626  5 1 7 6 9 8 0 2
627  5 1 7 6 9 8 0 3 4 2
628  5 7 6 9 8 3 2
629  5 1 7 6 9 8 0 3
630  5 7 6 9 8 0
631  1 6 9 0 3 4 2
632  1 7 6 9 8 0 3 4 2
633  1 7 6 3 4 2
634  5 1 7 6 9 0 4
635  1 7 6 9 8 0 3 4 2
636  5 1 6 8 0 4 2
637  5 1 7 6 9 8 0 3 4 2
638  5 1 7 9 8 0 3 4 2
639  5 1 7 6 9 8 0 3 4 2
640  5 1 7 6 9 8 0 3 2
641  5 1 7 6 8 0
642  5 6 8 0 3 4 2
643  5 7 6 9 8 3 4 2
644  5 1 6 9 8 0 3 4 2
645  5 1 7 6 9 8 0 3
646  5 1 7 6 9 8 0 3 4 2
647  5 1 7 6 9 0 3 4 2
648  5 7 6 9 8 0 3 4 2
649  5 1 6 8 0 4
650  5 1 7 6 9 0 3 2
651  5 1 6 9 8 0 3 4 2
652  5 1 7 6 9 0 3 2
653  5 7 6 8 0 3 4 2
654  5 7 6 9 8 3 4 2
655  5 1 7 6 8 0 3 4 2
656  5 7 6 9 8 0 3 4 2
657  5 1 6 9 8 0 3 2
658  5 1 7 9 8 0 4
659  5 1 7 6 9 8 0 3 2
660  5 7 6 9 8 0 2
661  5 1 7 9 8 4 2
662  1 7 9 8 0 3 4 2
663  5 1 7 6 9 8 0 4 2
664  5 7 6 9 0 3 4 2
665  5 1 7 6 8 0 3 4
666  5 1 7 6 9 8 0 3 4 2
667  5 1 7 6 8 3 4 2
668  5 1 7 6 9 8 0 3 4 2
669  5 1 6 9 8 0 3 4
670  5 1 6 9 0 3 4 2
671  1 6 9 8 0 4 2
672  5 1 7 9 0 4 2
673  9 3 4
674  1 7 6 9 0 3 4 2
675  5 1 7 6 9 8 3 4
676  5 6 8 0 3 4 2
677  7 6 8 0 3 4
678  5 1 7 6 9 8 0 4 2
679  7 6 9 8 0 4 2
680  1 7 6 9 8 0 4 2
681  5 1 6 9 0 3 2
682  5 1 7 6 9 8 0 3 4 2
683  5 1 7 6 9 8 4 2
684  7 9 0 4 2
685  5 1 7 6 8 0 3 2
686  5 1 7 6 9 8 0 3 2
687  1 8 0 4
688  7 6 9 8 0 3 4 2
689  5 1 7 6 9 3 4 2
690  5 1 7 9 0 4 2
691  5 1 7 6 8 0 3
692  5 1 7 9 8 0 3 2
693  5 1 7 6 8 0 3 4 2
694  5 1 7 6 9 8 0 3 4 2
695  1 7 6 9 8 3
696  5 1 6 9 0 3 4 2
697  5 1 7 6 9 8 0 4 2
698  5 1 7 8 3 4
699  5 1 7 6 9 8 0 3 4 2
700  5 1 7 9 8 0 4 2
701  5 1 7 6 9 8 3 4 2
702  1 7 6 9 8 0 3 4 2
703  5 1 7 6 9 3 2
704  5 1 7 6 9 8 0 4 2
705  5 1 6 9 8 0 3 2
706  1 7 6 9 0 4 2
707  5 1 6 9 8 3 4
708  5 1 7 6 9 8 0 3 4
709  5 1 7 6 9 8 3 4 2
710  1 6 8 0 3 4
711  7 6 9 3 2
712  5 6 9 8 0 3 4 2
713  5 6 0 3 4 2
714  1 7 6 9 8 4 2
715  5 1 7 9 0 3 4 2
716  5 1 7 6 9 8 0 3 2
717  5 7 6 9 8 0 3 4 2
718  5 1 7 8 0 3 4 2
719  5 1 7 6 8 0 3 4 2
720  5 1 7 9 8 3 4 2
721  5 1 6 9 8 0 4 2
722  5 1 9 0 3
723  5 1 6 9 8 0 2
724  5 1 7 6 9 0 3 2
725  5 6 0 3 2
726  5 1 7 6 9 8 0 2
727  5 1 8 0 4 2
728  5 1 7 6 9 0 3 4 2
729  1 7 9 8 0 4
730  5 7 9 8 0 3 4 2
731  5 1 7 9 8 0 3 4 2
732  5 1 7 6 9 8 0 3 2
733  5 1 7 6 9 8 2
734  5 7 6 0 3 4 2
735  5 1 7 6 9 8 0 3 4 2
736  5 1 7 9 0 3 4
737  5 1 7 9 8 0 4 2
738  1 7 6 8 0 4 2
739  5 1 7 6 9 8 0 3 4 2
740  5 1 9 8 3 4 2
741  5 1 7 6 8 0 3 4 2
742  5 7 6 9 8 0 3 4
743  5 1 6 9 8 0 3 4 2
744  5 1 6 9 0 3 4
745  5 1 6 9 8 3 4 2
746  5 7 6 9 3 2
747  5 1 7 9 8 0 4
748  1 7 9 8 3
749  5 1 7 6 9 0 3 2
750  1 7 6 0 3 2
751  1 7 8 0 3 4
752  5 1 6 9 8 0 3 4
753  5 7 6 9 8 0 3 4
754  5 1 7 6 8 0 3 2
755  5 1 7 6 9 8 0 2
756  5 1 7 6 9 8 0 4 2
757  5 1 6 8 0 3 4 2
758  7 6 9 8 0 3 2
759  5 1 7 6 9 8 0 3
760  5 1 7 6 9 0 3 4
761  1 7 9 8 0 3 4 2
762  1 9 0 3 4 2
763  1 6 9 8 0 3
764  5 1 7 6 9 8 4
765  5 1 7 9 0 3 2
766  5 1 7 0 4 2
767  5 1 7 8 3 2
768  5 1 6 9 8 0 3 4 2
769  1 7 6 8 3 4 2
770  1 7 6 9 8 4 2
771  5 1 6 8 0 4 2
772  5 6 9 8 0 3
773  5 1 7 6 9 0 3 2
774  5 7 6 9 8 0 4 2
775  5 1 7 6 9 0 3 2
776  9 8 0 3 4 2
777  5 1 6 9 0 3 4 2
778  5 7 6 9 8 3 2
779  1 7 6 9 8 0 3 4 2
780  5 1 7 6 3 4 2
781  5 1 9 0 3
782  5 7 6 9 8 0 3 4 2
783  5 1 6 9 8 0 3 4 2
784  5 7 6 3 4 2
785  5 1 7 6 9 8 0 3 4 2
786  5 7 6 9 8 0 3 4
787  5 1 7 6 9 8 0 4 2
788  5 6 9 8 3 4 2
789  5 1 7 9 8 0 3 4 2
790  1 7 6 9 8 0 3
791  5 1 7 9 8 0 3
792  5 1 9 8 3 2
793  5 1 7 6 9 8 0 3 2
794  5 1 6 8 0 3 4 2
795  5 7 6 9 8 0 3 4 2
796  5 7 6 9 8 0 3 2
797  5 1 7 9 0 3 4 2
798  5 1 7 9 8 0 3 2
799  5 7 6 9 8 0 3 4 2
800  5 7 8 3 4
801  1 7 6 9 3 4 2
802  5 1 7 6 9 8 3 2
803  5 1 7 6 9 8 0 3 4 2
804  5 1 6 9 8 0 3 4 2
805  7 6 0 3 4 2
806  5 1 9 8 0 4 2
807  1 7 6 9 8 0 3 2
808  5 1 7 6 9 8 0 2
809  5 1 7 6 8 0 3 4 2
810  5 1 7 6 8 0 3 4 2
811  1 7 9 2
812  5 1 7 9 0 4
813  5 7 6 9 8 0 3 4 2
814  1 7 6 9 0 3 4 2
815  5 1 7 6 9 8 0 4 2
816  5 1 6 8 0 3 4 2
817  5 1 7 8 3 4 2
818  1 7 6 9 8 0 3 4 2
819  5 1 7 6 9 8 0 3 4
820  7 6 9 3 4 2
821  5 1 7 6 9 8 0 3 2
822  5 1 6 9 8 0 4
823  5 1 7 6 9 8 0 3 4 2
824  5 1 7 6 9 8 0 3 4 2
825  5 1 7 6 9 8 0 3 4 2
826  1 7 9 0 3 4
827  5 1 7 6 9 8 3 4 2
828  5 1 7 6 0 3 4
829  5 1 7 6 9 0 3
830  5 7 6 9 8 0 3 4 2
831  5 1 7 9 4
832  5 7 6 9 8 0 3 4 2
833  5 1 6 9 0 3 4 2
834  1 7 6 8 0 3 2
835  5 1 7 6 9 8 0 4 2
836  5 1 7 6 9 8 0 3 4
837  5 7 8 0 2
838  7 6 9 0 3 2
839  5 1 7 6 9 3 4 2
840  5 7 9 0 3 4
841  5 1 7 6 9 8 0 3 4 2
842  5 1 6 9 8 2
843  7 6 9 8 3 4 2
844  1 7 6 9 8 0 3 2
845  5 1 6 9 8 0 3 4 2
846  5 1 7 6 8 0 3 4 2
847  1 7 6 9 8 0 3 4 2
848  5 7 9 8 0 3 4
849  5 7 6 8 0 3 4
850  5 1 7 6 9 8 0 3 4
851  5 1 6 9 8 0 3
852  5 1 7 6 9 0 3
853  5 1 7 6 9 8 0 3 4 2
854  5 7 9 8 0 4 2
855  5 7 6 9 8 0 4 2
856  1 7 6 9 8 0 3 4
857  5 1 7 6 9 8 0 3 4 2
858  5 1 6 9 8 3 4 2
859  5 1 7 9 8 3 4 2
860  1 7 9 8 4 2
861  5 7 6 9 8 2
862  1 7 6 9 8 3 4
863  5 7 6 9 8 3 4 2
864  5 1 7 6 9 8 0
865  5 1 7 6 9 8 0 3 4 2
866  5 7 9 8 0 3 4 2
867  5 1 6 9 8 0 3 4 2
868  5 7 6 9 8
869  5 1 6 9 0 2
870  5 9 8 0 4 2
871  1 7 6 9 8 0 4 2
872  5 7 6 9 0 3 2
873  5 1 7 6 9 8 0 3 4 2
874  5 1 6 9 8 0 4
875  1 7 6 8 0 3 4 2
876  7 6 4 2
877  1 7 6 9 8 4 2
878  5 1 9 0 3 4
879  5 6 3 2
880  1 6 9 8 0 3 4 2
881  5 1 6 8 0 3
882  1 7 6 9 0 4 2
883  5 1 7 6 9 8 0 3 4 2
884  1 7 6 9 0 3 2
885  5 7 9 0 3 4 2
886  5 1 7 6 8 0 4 2
887  1 7 6 9 8 0 3 4
888  5 7 6 9 8 0 3 4
889  5 7 8 0 3 4 2
890  5 1 7 8 3 4
891  5 7 6 9 0 4 2
892  5 1 7 6 9 8 3 4 2
893  5 1 7 6 9 4
894  5 1 9 8 0 3 4 2
895  6 9 8 0 3 4 2
896  5 1 7 6 9 8 3 4 2
897  1 6 8 0 3 2
898  5 7 6 9 8 0 4
899  5 7 6 9 8 3 4
900  1 7 9 0 3 4 2
901  5 7 6 9 8 3 4
902  5 7 6 9 8 0 3 4
903  5 1 7 6 9 0 3 4
904  5 1 7 6 9 8 3 4 2
905  5 7 6 9 8 0 3 4 2
906  5 1 7 6 0 4
907  5 1 7 6 8 0 3 4
908  5 1 9 0 3 4 2
909  5 1 7 6 8 3 4 2
910  5 1 6 9 8 3 4 2
911  5 1 7 6 9 8 0 3 4 2
912  5 1 7 6 9 8 0 3 4
913  5 1 6 9 8 0 3 4
914  5 9 8 0 3 4 2
915  5 1 7 6 8 0 4 2
916  5 1 7 9 8 0 3 2
917  7 6 9 8 0 3 4 2
918  5 7 6 9 0 3 4 2
919  5 7 6 9 4 2
920  1 7 6 0 3 4
921  5 1 7 6 9 0 3 4
922  1 7 6 9 8 0 3 4 2
923  5 1 7 6 9 8 3 4 2
924  5 1 6 8 0 3 4
925  5 1 7 6 9 8 0 3 4
926  5 1 7 9 8 0 3 4 2
927  5 9 3 4 2
928  5 1 7 6 8 3 2
929  5 6 8 0 3 4 2
930  5 1 6 9 8 0 3 4 2
931  5 6 8 3 2
932  5 1 7 6 9 8 0 3 2
933  5 1 7 6 9 0 3
934  5 1 7 6 9 0
935  5 7 6 9 8 0 3 4 2
936  1 7 9 8 0 3 4 2
937  1 6 9 8 0 4 2
938  1 7 6 9 8 3 4 2
939  1 6 9 3 4 2
940  5 1 6 9 8 0 4
941  5 1 7 6 9 8 0 3 4 2
942  5 1 7 9 8 0 3 2
943  5 1 7 6 8 0 3 4
944  5 1 7 6 9 8 0 3 4 2
945  5 1 7 9 8 4 2
946  5 1 6 9 8 0 3 2
947  5 1 7 6 9 8 0 3 4 2
948  5 6 9 0 3 4
949  1 7 6 9 0 3 4 2
950  5 1 7 9 8 0 3 4 2
951  5 1 7 6 9 8 0 4
952  5 7 6 9 8 0 3 4
953  5 6 8 0 4 2
954  5 1 7 6 9 8 0 3 2
955  1 7 9 8 3 4 2
956  5 1 6 9 8 0 4
957  5 1 6 9 0
958  9 8 3 4 2
959  5 1 6 9 8 0 3 4 2
960  5 7 6 9 8 3 4
961  5 1 7 9 3 4
962  5 1 7 6 9 8 0 3 4 2
963  5 1 7 6 9 8 0 3 2
964  6 9 8 0 3 4
965  5 1 6 9 8 3 4
966  5 1 7 6 8 0 3 4 2
967  5 1 6 9 0 4
968  5 6 9 8 0 3 4
969  5 1 7 6 9 8 0 3 4 2
970  5 1 7 6 8 0 3 4 2
971  5 1 7 9 8
972  5 1 7 6 9 8 0 3 2
973  5 1 7 6 9 8 0 3 4 2
974  1 7 6 8 0 3 4 2
975  1 7 9 8 3 4 2
976  5 1 7 6 0 3 4
977  1 7 6 9 8 0 3 4 2
978  5 1 6 9 8 0 4 2
979  1 7 6 9 0 3 4 2
980  5 1 7 6 9 8 0 3 4 2
981  5 7 8 0 4 2
982  5 1 7 9 8 0 3 4 2
983  5 7 9 0 2
984  5 6 8 0 2
985  5 7 6 9 0 3 4 2
986  5 1 7 6 9 3 4 2
987  5 1 7 9 0 4 2
988  5 6 9 0 4
989  5 1 7 9 8 0 4 2
990  1 7 6 9 8 3 4
991  5 1 7 6 8 0 3 4 2
992  5 1 7 9 8 4 2
993  5 1 7 6 8 0 3 4
994  5 7 9 0 4 2
995  5 1 7 6 9 8 0 3 4 2
996  5 1 7 9 8 0 3 4 2
997  1 7 9 8 3 4 2
998  5 1 7 9 8 4
999  5 1 7 6 4 2
