1145 13.344138 52.438824 107212 0.199 2
792 13.533539 52.57779 80555 0.378 1
1523 13.460014 52.494442 49823 0.519 1
2080 13.546985 52.437344 430238 0.268 1
1077 13.445043 52.499664 359485 0.385 1
2042 13.291536 52.55384 215701 0.111 1
1668 13.425401 52.480953 385422 0.291 1
722 13.301063 52.488445 501933 0.827 1
2072 13.565008 52.542885 32412 0.125 1
1111 13.387418 52.526474 356864 0.759 2
1426 13.575114 52.538403 481706 0.766 2
1739 13.415194 52.543957 213473 0.531 1
1767 13.393915 52.42658 401148 1.0 1
1186 13.3266735 52.463398 97440 0.92 7
933 13.410832 52.566906 15421 0.68 1
1591 13.373761 52.50591 48281 0.457 1
2017 13.325969 52.482635 4549 0.483 2
2005 13.344071 52.555225 171001 0.883 2
640 13.301363 52.51533 7049 0.222 2
317 13.206821 52.538048 30709 0.632 1
648 13.292238 52.474533 267436 0.62 1
326 13.470774 52.53103 496201 0.217 18
1376 13.285748 52.59001 244540 0.344 1
1718 13.422456 52.53699 79293 0.305 2
564 13.322739 52.51097 206578 1.0 1
587 13.388733 52.549717 54723 0.871 1
1513 13.156895 52.53325 273633 0.114 5
114 13.370257 52.40885 120398 0.397 1
535 13.307374 52.50514 349272 0.575 3
529 13.311966 52.58473 44874 0.914 1
1784 13.402078 52.528896 185253 0.925 3
808 13.314918 52.490356 2048 0.481 1
1472 13.431028 52.534813 23066 0.634 1
1664 13.426801 52.490284 17675 0.361 2
1698 13.393265 52.51255 160262 0.662 2
1135 13.386036 52.51677 456623 0.617 29
15 13.383145 52.530758 502245 0.722 13
1329 13.376412 52.510395 500864 0.0 1
276 13.321868 52.52115 2562 0.677 25
889 13.409319 52.538013 445566 0.569 1
1703 13.554597 52.55744 301227 0.681 2
1495 13.461222 52.511837 59051 0.33 2
1639 13.611984 52.51177 236496 0.898 1
562 13.330469 52.5055 248997 0.21 36
777 13.302728 52.49965 120317 0.39 1
1032 13.455481 52.51186 251055 0.809 1
1494 13.461308 52.511333 59051 0.693 1
1500 13.4094715 52.50416 345731 0.606 19
801 13.354274 52.494614 7726 0.239 3
1305 13.423169 52.491707 386841 0.054 2
