28 0.0 0.0 11185 1.0 64
6 0.0 0.0 15554 0.0 62
8 0.0 0.0 15159 1.0 56
39 0.0 0.0 4361 0.0 66
23 0.0 0.0 10059 0.0 44
15 0.0 0.0 8103 0.0 71
17 0.0 0.0 13729 1.0 58
34 0.0 0.0 8511 0.0 11
31 0.0 0.0 3657 1.0 67
11 0.0 0.0 9086 0.0 86
49 0.0 0.0 5191 1.0 89
32 0.0 0.0 18517 1.0 78
10 0.0 0.0 8477 1.0 11
37 0.0 0.0 11816 1.0 94
30 0.0 0.0 1804 1.0 41
14 0.0 0.0 15261 1.0 97
0 0.0 0.0 18487 0.0 38
16 0.0 0.0 20153 0.0 54
22 0.0 0.0 18781 1.0 21
45 0.0 0.0 16232 0.0 47
19 0.0 0.0 1796 0.0 82
33 0.0 0.0 13297 0.0 57
7 0.0 0.0 1901 0.0 26
35 0.0 0.0 9698 0.0 10
4 0.0 0.0 10845 1.0 80
