22 0.0 0.0 17736 0.0 10
20 0.0 0.0 9907 0.0 44
39 0.0 0.0 12064 0.0 55
0 0.0 0.0 2255 1.0 77
8 0.0 0.0 9377 1.0 4
13 0.0 0.0 3680 1.0 16
12 0.0 0.0 13570 1.0 62
36 0.0 0.0 2997 1.0 82
38 0.0 0.0 15020 1.0 92
26 0.0 0.0 15838 0.0 25
7 0.0 0.0 16823 1.0 46
1 0.0 0.0 18669 1.0 21
17 0.0 0.0 6520 0.0 2
37 0.0 0.0 18225 1.0 12
24 0.0 0.0 12055 0.0 85
48 0.0 0.0 1300 0.0 16
6 0.0 0.0 16390 1.0 73
16 0.0 0.0 2777 1.0 41
42 0.0 0.0 12894 0.0 53
25 0.0 0.0 15828 0.0 42
40 0.0 0.0 3265 0.0 40
18 0.0 0.0 6321 0.0 4
2 0.0 0.0 8670 1.0 24
41 0.0 0.0 10060 1.0 97
14 0.0 0.0 10462 1.0 93
