0  11 31 34 32 24 21 16 30 19 50 5 42 43
1  25 33 34 44 16 30 18 20 19 39 50 29 9 26 3
2  11 25 2 18 0 41 35 29 26
3  11 8 40 15 37 0 45 20 19 46 26
4  25 8 32 24 44 21 30 37 20 39 27 29 9 1 43
5  8 48 47 32 23 21 15 18 0 17 49 45 4 20 19 50 27 29 9 3
6  47 15 7 13 19 27 9 3 43
7  11 25 8 2 23 24 16 30 37 18 17 49 10 41 39 50 5 1 3
8  25 14 8 44 37 17 10 6 13 20 19 29 3 43
9  12 48 18 49 4 50 5 1 43
10  12 31 14 32 24 16 30 49 41 20 50 1
11  31 48 32 15 22 10 6 7 19 39 50 46 3 43
12  11 25 14 8 40 21 30 18 4 5 35
13  33 12 14 40 21 15 22 30 37 10 41 39 5 29 9
14  33 31 47 30 17 49 6 13 35 29 28 38
15  11 25 33 47 32 22 16 17 10 6 41 45 4 13 36 46 35 29 9 26 3
16  25 12 48 32 44 15 18 41 45 7 39 27 1
17  14 2 48 24 44 16 0 17 45 36 39 26 3 43
18  25 34 14 2 40 23 24 18 13 50 46 29 3
19  11 33 48 21 15 18 0 49 41 7 13 36 19 50 29 1 26 43
20  11 12 31 8 40 23 15 37 18 49 6 45 7 4 13 36 19 50 42 1 43
21  11 2 15 6 41 45 19 38
22  11 12 8 40 48 24 44 16 37 18 41 4 50 28 42 1
23  48 15 22 10 45 4 1 43
24  12 14 47 44 22 30 37 18 6 13 20 19 27 46 29 9 42 1
25  25 24 44 16 30 17 6 13 29 28
26  33 34 22 30 4 36 39 29 9
27  48 32 22 30 18 49 6 41 7 4 19 46 35 29 9 28 42 1 3 43
28  34 2 47 23 37 0 10 6 13 20 46 28
29  11 12 8 32 23 21 15 0 45 7 13 5 27 35 29 42
30  2 32 37 17 45 7 19 50 46
31  11 31 14 49 36 50 42 1 3 43
32  11 12 14 2 48 47 24 44 16 18 17 10 46 9 43
33  25 33 31 14 40 47 15 37 17 5 46 35 29 1 26 38
34  25 12 23 24 6 45 27 35 9 42 43
35  2 8 22 30 49 45 7 20 50
36  44 21 18 50 42 38
37  33 2 8 48 16 18 17 41 20 19 42 1 38
38  33 12 44 30 49 45 4 13 20 19 26 3 38
39  12 31 2 23 18 20 36 39 28 1 26
40  48 44 16 37 17 41 50 42 38
41  11 25 33 34 14 40 48 30 0 45 7 13 19 50 35 1 26 43
42  33 8 40 47 32 30 37 10 7 13 35 28
43  25 21 37 6 41 4 36 39 50 27 43
44  33 14 2 8 32 23 44 21 15 37 0 17 49 36 19 50 27 1 38
45  11 14 32 44 37 41 7 20 19 5 29 9 42
46  40 48 47 44 18 41 45 27 35 3
47  25 33 2 47 44 21 16 17 49 13 20 19 39 26 38
48  14 2 8 48 23 15 17 41 45 4 50 43
49  11 25 32 16 30 0 10 7 36 27 35 42 43
50  8 48 32 24 21 15 37 18 10 41 5 46 35 1 3
51  11 34 14 40 32 22 18 49 4 46 35 9 28 3
52  25 33 12 34 14 8 48 47 15 45 7 39 50 5 27 1
53  40 23 21 10 4 7 13 36 19 27 9 1 26 3
54  12 40 47 32 23 24 10 41 7 13 20 36 50 5 29 9 26 3 43
55  31 2 40 30 18 0 10 45 36 29 9 43
56  11 31 34 47 23 15 37 10 45 7 4 36 46 28 1
57  12 31 34 2 8 40 24 37 18 17 13 50 5 27 35 9 38
58  33 14 2 32 23 16 10 6 45 20 9 28 42 26
59  33 47 32 44 22 10 4 19 50 5 27 28 1 3 38
60  25 8 21 15 6 45 7 46 28 1 43
61  11 31 34 14 40 22 17 41 45 46 1 43
62  11 40 48 15 45 4 20 19 27 9 42 26 3 43
63  12 31 2 40 21 15 22 0 6 41 13 20 39 9 28 26 43
64  40 44 0 17 45 20 50 9 28 26 3 38
65  33 12 34 48 32 23 17 10 39 50 27 46 35 9
66  31 47 32 23 16 7 42 1 3
67  12 2 23 44 21 30 10 45 4 13 39 50 29 9 28 42 1 3
68  11 25 34 23 16 18 13 27 35 26
69  33 40 48 47 21 16 49 4 36 39 5 35 29 28 42 1 43
70  11 34 2 32 23 24 16 30 41 13 42 26
71  11 12 31 14 47 24 44 15 22 0 10 13 29 42 43
72  11 25 12 31 34 14 40 24 44 15 30 37 0 41 13 39 35 29 1 3 38
73  34 40 23 21 22 37 6 41 45 46 35 29
74  11 33 12 2 47 16 18 0 49 7 13 35 29 1 26
75  11 25 23 24 21 10 41 13 50 5 1 43
76  24 18 0 4 20 5 46 9 42 3
77  11 33 31 23 37 17 41 20 19 29 42 26 38
78  34 14 40 0 4 7 39 50 26 3
79  31 8 15 49 4 39 50 5 27 35 42 3 38
80  33 8 48 21 22 18 10 7 5 27 46 38
81  33 8 48 23 10 50 27 29 9 26 3 43 38
82  11 40 32 44 37 10 41 45 4 13 46 29 42 3
83  34 14 48 47 44 21 15 6 7 36 19 9 1
84  33 31 14 2 23 24 44 30 37 0 49 13 28 1 26 43
85  11 12 34 40 32 24 0 17 10 6 4 19 39 50 35 28 3
86  31 2 40 23 24 15 16 18 17 10 41 13 36 19 42 43 38
87  11 33 14 40 48 15 37 41 7 4 39 50 5 35 42 1 3
88  33 14 48 47 24 0 49 41 7 20 19 50 46 9 3 38
89  11 8 32 44 21 15 41 13 20 36 5 9 28
90  11 33 31 34 8 40 48 23 15 22 49 10 7 13 36 39 29 42 1 26 38
91  33 34 14 2 8 47 45 27 3
92  2 48 44 16 30 0 49 4 5 29 43 38
93  33 34 40 22 18 0 17 10 6 20 36 5 29 43 38
94  11 25 14 47 24 44 30 18 45 20 19 46 35 43
95  14 40 24 16 10 13 50 5 46
96  11 25 33 47 22 37 18 45 7 4 13 36 19 9
97  33 31 34 23 24 30 37 49 4 13 20 39 9 1
98  2 40 32 16 30 10 45 7 35 9 1 38
99  34 14 47 23 44 21 16 0 7 13 36
100  40 21 15 16 17 49 45 36 26
101  2 8 48 32 44 30 17 49 10 36 28 42
102  11 12 48 23 37 41 7 20 50 27 28 1
103  11 33 12 31 14 2 15 6 41 45 39 27 26 3
104  33 40 17 10 6 4 36 5 27 9 26
105  25 2 8 40 47 23 17 41 7 19 35 38
106  11 25 40 15 16 45 39 5 9 42 26
107  25 47 22 30 37 0 7 19 50 35 29 43 38
108  11 25 48 32 23 10 4 19 50 27 29 1
109  11 25 2 40 32 44 21 30 0 17 10 4 13 19 46 43
110  33 34 47 37 17 49 4 36 19 39 29 9 28 1
111  31 34 40 47 32 24 17 10 6 46 9 3
112  11 33 2 48 32 24 15 16 0 49 45 7 20 36 29 1 26 38
113  11 34 8 32 21 15 45 36 27 28 3
114  11 34 2 24 44 21 22 30 37 45 5 29 9 42 38
115  32 24 44 15 30 0 7 13 20 39 27 29 9 42 3
116  12 32 23 24 21 30 18 17 27 28 1 38
117  31 34 24 49 6 45 4 7 13 39 26 38
118  11 34 47 32 23 15 22 5 46 29 38
119  14 40 21 45 9 42
120  11 25 12 32 44 22 17 45 50 29 28 3
121  11 31 34 2 22 45 36 39 26
122  11 33 31 24 22 37 49 6 20 5 27 43 38
123  11 2 8 47 32 23 44 22 30 18 17 5 46 35 9 28 42 1 26
124  12 8 40 48 47 44 21 0 49 6 4 20 19 50 35 9 1
125  31 8 40 32 16 37 18 17 6 41 4 20 50 5 46 9 1
126  14 40 47 32 37 0 4 27 35 1 3 43
127  33 47 32 24 44 21 30 18 0 17 45 36 46 35 42 1 26 43
128  31 14 40 48 22 37 18 6 41 45 4 20 19 5 1 43
129  12 8 24 21 0 45 19 39
130  25 31 14 40 44 21 16 37 18 17 49 6 45 13 20 50 9 28 26
131  18 0 41 45 7 36 46 42 26 3 38
132  33 12 31 34 8 2 40 23 17 49 45 7 13 36 39 1 3 38
133  8 22 6 41 5 35 29
134  31 14 44 16 30 18 17 50 46 28 42 26 3
135  33 12 31 8 40 23 21 37 45 7 13 19 35 3 38
136  31 8 48 47 24 21 15 37 18 0 45 13 42 1
137  12 47 15 22 13 27 29 42
138  25 2 48 47 21 15 22 49 13 39 50 46 28 42
139  25 0 10 6 41 7 20 36 39 27 9 42
140  34 8 30 0 45 13 20 36 19 46 42
141  33 31 8 40 48 23 21 0 49 4 9 28
142  25 34 2 47 23 21 15 30 18 0 13 36 9 26 38
143  11 40 32 44 0 17 6 20 27 46 9 28 43
144  33 31 2 8 32 45 29 9 3
145  34 2 47 23 49 10 45 36 28 42 38
146  12 32 18 49 45 19 39 5
147  33 14 2 40 48 30 17 6 13 19 27 29 9 26
148  31 14 2 48 23 6 4 13 20 46 9 28 42 1 3
149  11 33 14 40 48 47 21 17 45 7 50 5
150  11 33 12 40 48 23 22 18 10 6 41 13 28 3 43
151  11 25 12 40 47 32 17 6 36 19 46 29 42 38
152  33 44 21 15 22 16 18 0 49 45 19 46
153  25 34 14 48 47 24 22 37 49 10 6 36 50 5 46 28 42 43 38
154  25 12 14 2 8 24 30 17 49 10 50 5 9
155  34 48 47 32 44 39 27 46 1 3 38
156  11 12 31 44 15 49 10 45 4 19 35 29 28 3
157  34 21 16 37 17 45 19 50 1 3
158  2 48 37 0 49 41 4 13 39 50 35 29 9 1 43
159  11 40 47 44 15 22 30 49 10 4 39 27 35 29 28 26
160  25 33 12 48 47 32 21 15 16 36 39 9 42 26 38
161  31 14 8 44 15 22 18 17 10 45 13 42 1 38
162  31 8 40 44 21 15 49 41 45 19 35 9 28 42
163  34 44 22 30 37 0 41 7 13 36 39 50 28 1 3
164  25 33 31 24 37 0 4 20 27 29 42 43 38
165  11 12 31 14 40 48 44 21 15 16 37 17 10 41 13 36 46 35
166  11 2 40 21 18 41 45 36 50 46 9 28
167  25 2 24 22 30 41 19 39 50 27 46 28 26 43
168  2 23 24 30 49 41 45 46 38
169  12 23 16 30 49 10 4 5 38
170  31 14 40 32 16 37 0 49 19 39 5 1 43
171  25 12 34 14 2 48 24 44 30 49 41 20 36 19 50 5 46 28 1 43
172  11 8 32 21 17 49 7 5 29
173  25 8 47 32 23 21 22 30 18 0 17 7 20 39 50 46 42 26 38
174  48 32 23 44 22 30 45 4 13 5 46 29
175  33 34 2 47 16 30 41 45 13 20 5
176  2 48 47 32 23 37 17 39 9 28
177  25 48 32 44 15 30 10 36 28 3 43 38
178  33 12 32 15 22 16 10 36 46 35 26 3
179  25 34 40 21 30 17 4 50 29 1
180  34 14 15 10 41 27 1 26 3
181  12 14 47 44 15 18 0 49 6 41 45 4 13 39 5 42 3
182  33 12 2 40 48 23 24 22 37 41 7 5 46 29 9 43
183  48 47 44 37 0 41 7 4 19 50 5 35 42 38
184  33 12 31 34 14 24 44 15 16 10 19 9 38
185  14 48 24 21 30 10 4 20 26 3
186  33 12 14 8 32 24 30 49 10 6 20 46 29 1 26
187  33 34 14 2 44 22 16 0 17 41 4 39 46 35 3
188  31 47 24 44 37 10 5 27
189  25 12 34 14 32 21 15 18 0 49 4 13 36 50 5 46 35 9 42 38
190  11 14 40 18 10 6 41 45 4 36 42
191  12 14 44 30 0 7 39 5 46 9 26 38
192  25 33 34 48 32 24 44 30 37 0 45 36 39
193  30 18 4
194  11 33 32 44 22 7 4 50 46 35 43 38
195  11 25 31 34 24 21 16 30 0 20 36 39 50 46 26
196  25 34 2 32 44 16 30 18 19 27 29 1
197  11 25 14 15 16 30 49 20 5 46 35 28 43 38
198  40 47 21 30 36 19 27 35 9 28 43 38
199  25 40 32 23 44 30 37 18 0 41 45 36 35 26
200  40 48 32 44 22 18 41 5 46 1 26
201  34 8 40 30 17 49 6 4 19 39 9 28 3
202  25 33 47 22 30 49 4 36 50 28 3 43
203  12 14 30 18 0 17 13 46 35 42
204  11 31 2 48 32 21 17 36 50 29 9 42 1 26 38
205  25 12 47 22 16 0 17 6 4 13 46 3 38
206  33 8 40 24 44 49 6 7 4 36 27 35 28 42 1 38
207  14 47 24 44 16 13 19 39 50 5 9 42 26 38
208  12 47 23 22 19 46 1 26 38
209  11 12 31 14 40 32 21 22 5 46 9 26 43 38
210  25 40 48 24 44 15 30 7 35 26
211  25 34 2 40 47 32 21 41 45 7 27 46 29 26
212  32 22 30 17 10 6 45 7 13 46 35
213  11 25 33 12 34 48 15 16 30 10 6 45 4 7 13 20 39 50 5 27 42 26
214  11 33 48 47 44 18 17 5 46 28 1 38
215  11 25 33 14 2 48 30 17 45 19 9 42 3 38
216  31 14 8 32 44 37 7 5 46
217  31 40 47 24 44 18 6 4 36 9 28 26 3 43
218  11 34 30 37 4 7 13 27 42
219  31 24 16 6 7 13 19 39 50 27 46 29 9 42 26 38
220  11 25 40 32 44 16 37 10 4 13 19 46 35 9 26 43
221  33 12 31 34 14 2 40 48 32 21 22 30 10 45 13 5 28
222  11 25 31 14 2 8 23 44 17 6 41 20 19 50 35 26 43
223  11 25 8 40 48 23 24 15 16 37 0 17 41 4 39 5 27 29 43 38
224  25 34 14 8 32 23 15 22 19 9 28 1 3 38
225  12 34 47 32 23 22 0 17 10 20 36 5 27 29 42 1 3
226  25 21 22 18 49 39 50 29 9 42 3
227  33 12 31 47 10 13 19 27 28
228  25 34 8 2 40 48 15 45 36 3 43
229  25 34 8 24 21 49 10 45 13 35 29 28
230  11 2 8 32 23 44 30 41 4 50 46 9
231  11 31 34 8 40 22 37 9 1 26
232  25 33 12 31 47 23 16 37 10 41 7 4 50 5 27 46
233  33 31 2 32 44 15 37 0 49 4 19 50 28 42 43 38
234  11 25 31 14 2 8 44 21 17 10 36 28 3
235  25 2 47 21 16 37 0 4 5 46 29 42 26
236  11 31 14 40 37 49 10 6 13 20 5 26 3
237  14 2 22 30 37 45 20 42 1 26 43 38
238  31 8 47 44 22 6 20 36 50 42 1 43
239  25 8 23 44 30 18 0 17 19
240  8 23 44 0 41 7 13 27 46 3
241  12 48 47 23 15 22 18 49 10 36 39 35 29 26
242  11 40 15 18 0 13 36 46 35 28 42 1 38
243  33 44 21 41 4 13 50 27 35 29 28 42
244  31 2 23 15 30 41 45 4 50 5 42
245  25 44 15 30 37 0 45 20 36 19 50 5 27 29
246  33 34 14 8 48 47 32 21 16 17 7 13 46 28 42 1
247  34 40 47 32 15 18 49 7 20 27 9 28 38
248  8 47 49 45 13 20 39 9
249  8 32 24 22 16 30 18 20 39 50 42 1
250  11 14 8 21 49 41 7 20 27 28 26
251  33 34 40 23 13 28 42 43
252  11 34 14 8 40 44 15 37 6 41 13 39 5 27 35 9
253  34 2 48 47 15 22 0 35 9 28 3 43
254  32 6 39 5 46 35 42 26 43
255  25 23 44 30 6 41 4 20 19 42 1 26 43
256  25 31 14 48 47 23 24 15 22 37 0 20 5 29 28
257  25 12 40 47 16 37 18 0 4 7 19 9 26 43 38
258  33 12 31 8 32 22 30 18 0 45 20 19 50 9 1 43 38
259  12 8 47 44 37 0 10 45 13 5 29 26
260  11 12 34 2 8 32 23 44 37 6 41 13 20 27 29 9
261  34 14 2 40 48 47 44 6 27 35 3 38
262  12 40 48 32 23 24 16 18 4 7 13 20 36 5 42 1 3 38
263  33 2 32 21 22 18 41 45 4 7 39 35 43
264  11 25 12 8 48 32 24 44 17 41 4
265  31 34 48 32 23 21 15 22 37 39 46 42
266  12 31 24 44 21 22 16 0 49 46 28 3 38
267  47 23 44 21 22 37 36 19 39 5 46 29 1 3 38
268  31 14 32 23 44 22 18 49 10 41 7 36 27 46 35 1 26 38
269  33 12 47 41 7 4 13 50 27 9 3 43
270  8 23 15 22 49 13 20 50 27 9 1 26
271  2 48 32 44 21 15 16 30 0 41 45 7 4 20 36 19 9 42
272  25 48 24 16 30 49 41 45 4 20 36 29 38
273  14 2 8 47 23 37 18 17 49 6 4 46 26 43 38
274  11 40 48 21 37 49 10 6 50 35 1 26
275  11 34 14 8 40 48 47 16 18 10 6 5 46 9 28
276  11 14 44 22 30 10 41 13 26 3
277  8 40 47 32 22 37 0 49 36 5 27 46 29 28 43
278  33 24 44 21 50 29 1 43
279  11 31 16 17 39 29 43
280  2 21 37 10 6 45 7 4 13 19 3
281  11 25 12 31 15 49 45 7 13 5 29 9
282  24 16 10 4 36 39 46 9 28 1 43
283  33 47 32 23 15 22 16 49 45 7 20 19 27 29
284  12 32 23 24 30 0 10 6 45 39 46 42 1 26 3
285  11 34 16 18 41 45 36 27 35 1 26 43
286  12 47 32 23 15 0 17 49 20 50 5
287  11 33 8 48 30 41 45 39 27 42
288  31 2 24 15 22 37 17 7 36 50 9 28 26
289  12 32 23 24 15 22 30 37 13 19 29 28 42
290  8 32 24 44 37 17 49 27 3 38
291  31 34 16 30 37 17 13 5 42
292  33 31 40 15 18 49 6 7 20 36 50 5 27 42 1 38
293  25 2 8 40 15 41 20 27 35 9 1 26 3 38
294  33 8 40 48 32 17 10 6 41 7 19 5 28
295  8 23 24 44 21 30 37 0 17 49 4 7 20 5 27 29 43 38
296  33 31 34 40 23 24 10 41 5 27 29
297  8 40 21 16 37 17 46 42
298  33 12 47 32 24 21 49 13 36 39 5 1 38
299  11 34 14 2 40 48 15 17 6 41 4 42 1 26 3 43
300  8 40 48 44 16 49 45 7 13 5 35 26 43
301  14 2 32 23 24 21 15 50 9 28 26 3
302  12 34 14 48 44 21 18 4 46 9
303  11 2 23 24 44 17 6 4 5 46 35
304  2 32 23 44 15 18 49 10 13 36 3
305  11 25 12 8 47 15 18 17 41 4 13 36 27 46 35 9 28 26
306  33 2 8 48 47 22 17 50 5 29
307  33 12 31 2 48 44 22 18 39 35 29 28 38
308  33 34 8 23 35 29 42 3
309  11 25 12 8 40 23 16 30 37 4 35 28 1
310  31 32 22 30 17 10 45 13 50 27 35 28
311  25 47 15 18 45 7 4 5 46 35 1
312  25 33 47 21 39 42
313  25 33 34 32 10 6 36 50 5 27 35 29 9 26 43
314  14 40 32 23 24 44 15 22 30 37 0 45 13 20 5 27 46 9 42 3 38
315  2 32 22 29 26 3
316  12 8 40 32 44 21 15 16 0 19 50 5 46 35 9 1 3 43
317  33 32 23 37 0 17 7 13 46 28 1 26
318  48 22 37 45 4 13 39 27 29 42 1 3
319  12 47 37 7 4 36 39 5 27 26 38
320  11 12 2 24 15 16 18 17 6 7 4 13 19 29 9 42 26 3
321  11 31 34 14 8 40 22 20 36 19 50 28 43
322  25 2 22 37 6 41 20 5 27 46 35 29 42 26
323  2 40 44 21 37 10 7 19 50 28 42 1 38
324  34 15 37 45 20 5 46 26 3
325  25 2 40 48 23 21 15 22 18 49 20 50 5 27 29 9 42 3
326  31 14 48 32 21 15 22 16 37 49 13 36 5 35 43
327  33 12 2 40 47 21 15 22 37 41 46 35 43
328  25 47 23 24 37 0 10 4 13 46 3 43 38
329  31 14 8 37 20 36 42
330  11 12 14 2 8 48 16 10 41 45 7 19 46 26 3 43
331  11 31 34 8 40 15 22 30 37 17 10 7 26 3
332  14 8 40 48 47 23 24 18 17 10 4 20 19 27 29 1 26 3 43
333  12 2 21 15 22 0 10 20 50 3 38
334  33 47 24 44 18 0 49 6 45 7 4 19 5 42 43
335  34 44 16 37 0 10 41 5 46 42 38
336  31 34 14 32 23 37 17 10 20 46 35 42 3
337  33 12 8 40 47 23 24 15 22 30 49 39 5 26
338  12 8 48 37 4 36 19 27 28
339  33 2 8 23 24 22 17 45 20 39 26
340  25 47 24 17 10 41 5 9 1 26
341  33 31 14 8 44 15 30 37 0 17 49 6 4 39 5 35 43
342  11 12 31 34 40 48 47 32 24 15 17 49 10 6 41 45 13 20 26 38
343  34 21 0 17 41 7 46 28 38
344  14 8 21 15 18 17 6 41 45 35 43
345  11 31 40 47 44 15 0 49 41 20 36 9 3
346  31 34 8 32 23 44 37 10 6 20 39 5 27 28 3
347  40 47 32 24 16 18 6 4 7 50 28
348  2 8 48 24 16 18 17 10 6 19 39 50 35 1 43
349  2 48 23 24 44 16 30 18 0 49 41 45 50 46 28 26 38
350  11 33 40 21 30 17 7 36 5
351  11 25 14 47 32 22 37 18 0 10 39 50 27 46 29 3
352  33 12 31 34 8 30 37 49 20 5 29 9 42 1
353  25 34 15 37 17 6 7 13 36 19 1 43
354  2 23 15 6 7 50 5 27 1 26 43
355  31 34 8 21 7 39 29 42 3 38
356  11 34 48 32 44 15 30 10 45 7 4 13 46 42 3 43 38
357  48 21 19 50 27
358  33 34 44 21 18 49 41 7 13 19 42 43
359  33 8 40 47 23 30 0 17 10 20 19 27 26
360  11 25 12 14 8 21 37 0 6 7 46 35 29 28 26
361  40 0 49 6 45 7 13 35 9 42 38
362  11 25 33 2 8 23 24 22 41 27 28 42
363  33 2 8 47 24 44 21 16 30 10 6 20 5 27 46 28 3 43
364  12 34 14 40 24 0 10 41 39 50 1 26 43
365  2 40 32 23 18 0 49 6 41 7 20 27 35 26
366  11 12 31 2 48 23 24 16 30 10 13 50 29 42 38
367  25 33 40 15 17 45 5 28 42 3 43
368  25 12 2 32 23 24 16 30 37 49 41 13 39 42 3 43
369  33 12 8 47 21 10 6 27 46 9 3 43 38
370  40 44 16 10 19 39 5
371  11 31 8 15 30 6 45 7 4 20 36 27 9 28 1 38
372  14 40 47 21 22 30 10 6 41 45 4 19 5 29 9 42 1
373  25 33 14 48 32 15 22 16 41 7 13 20 36 19 39 27 28 1
374  14 48 32 44 22 17 19 3 43
375  11 33 12 31 47 32 21 15 22 16 37 17 36 19 5 27 35 29 28 1 26
376  11 33 12 31 8 23 15 22 17 49 45 7 13 36 19 39 1 26 3 38
377  14 2 40 48 17 10 39 50 27
378  31 34 40 48 24 22 0 49 13 39 50 46
379  11 31 34 2 44 21 15 22 16 30 37 17 10 7 27 46 9 42 43
380  25 2 23 21 22 30 18 6 5 28 3 43
381  25 12 34 8 40 15 22 37 45 7 36 5 27 35 9 3 38
382  31 34 23 21 15 30 18 5 27 29 9 1
383  11 31 37 18 17 49 41 7 13 50 5 28
384  11 12 32 23 44 16 30 0 13 27 42 1
385  11 14 2 8 48 32 16 18 4 27 46 29 28 26 3
386  2 48 44 21 49 10 7 13 20 50 3
387  12 14 2 40 21 30 37 17 49 10 7 35 9 1 43
388  11 2 40 47 32 21 15 16 37 17 6 7 13 19 9 1 43
389  31 34 15 37 17 6 45 4 7 13 19 39 29 1 3
390  11 31 23 24 21 16 30 45 4 46 29 38
391  34 48 24 21 15 16 37 45 42 1 26
392  25 31 34 14 47 44 21 22 37 10 41 13 36 19 43
393  33 12 2 40 16 37 18 45 20 50 29 9
394  25 33 34 44 10 45 27 29 1 26 43
395  25 12 34 48 47 22 18 17 41 39 29 3
396  14 40 48 47 23 37 18 49 4 13 20 36 27 46 28 42 26 38
397  33 34 32 24 44 21 30 37 18 0 27 1
398  11 34 40 47 44 16 18 49 10 46 38
399  25 34 2 8 48 24 41 36 50 5 35 29 28 3
400  15 17 49 10 20 39 50 5 27 35 3
401  11 33 14 37 18 17 45 7 4 13 20 46 29 1 26
402  12 34 14 8 40 22 6 36 39 5 46 26
403  11 33 31 14 8 40 24 15 41 19 39 5 35 29 9
404  25 12 14 32 15 16 30 0 17 10 13 39 50 35 9 28 43 38
405  11 34 32 23 22 4 20 27 42 26
406  25 14 30 37 36 50 5 29 9 26
407  25 12 31 8 32 18 41 36 19 46 28
408  31 48 0 17 10 36 50 27 9 1
409  8 40 16 18 45 13 36 39 50 29 28 26
410  11 31 8 23 30 27 46 28 38
411  25 12 48 23 17 7 38
412  12 2 47 24 44 16 6 41 20 19 5 29 26 43 38
413  11 12 2 23 24 15 16 30 10 6 45 4 46 35 29 26
414  11 12 8 40 37 49 10 13 5 46 43
415  31 23 24 18 20 19 46 29 42 38
416  11 33 12 14 48 47 16 30 0 49 41 45 36 39 35 9 1 38
417  11 33 12 34 14 2 40 21 22 16 37 18 20 36 5 35 9 43
418  33 12 2 40 21 16 0 17 49 27 46 29 9 28 42 43
419  33 31 2 40 18 41 36 50 5 27 35 29 3 43 38
420  11 12 31 40 47 32 16 0 45 9 28 3
421  12 48 23 24 44 21 0 10 41 50 27 29 9 26
422  33 31 8 47 15 37 36 39 5 35 29 9
423  11 33 48 32 37 0 7 20 39 50 42 3
424  12 31 23 22 16 6 41 45 20 28 42 26
425  11 6 50 1
426  11 33 12 31 34 40 23 15 22 30 37 17 10 6 41 4 7 50 43
427  34 8 21 6 41 7 36 50 29 9 26 3 43
428  25 47 24 44 21 18 41 45 50 5 9 28
429  25 34 14 18 0 17 10 39 46 35 9 42
430  11 33 37 18 0 17 49 10 6 41 7 4 20 19 27 35
431  33 12 34 14 2 8 47 24 44 15 22 16 45 39 35 42 26 3
432  33 8 2 23 44 15 22 0 6 46 38
433  12 31 14 47 24 22 16 30 18 0 45 1 38
434  14 2 40 32 24 16 30 37 49 6 41 39 28
435  12 34 40 44 22 37 0 49 10 6 50 5 9 43
436  33 12 31 8 47 32 15 16 17 10 4 36 19 39 5 27
437  11 47 44 21 37 18 49 41 4 19 5 35 26
438  34 2 44 15 16 30 0 49 41 45 7 4 36 27 28
439  33 34 14 8 48 44 30 18 4 13 5 27 3
440  33 8 40 21 22 18 5
441  33 31 14 2 47 44 16 18 49 6 39 50 35 1
442  31 34 48 32 21 30 17 10 46 35 29 1 3 43
443  11 21 6 7 13 39 50 27 9 28 1
444  12 14 48 44 21 15 22 0 49 45 7 4 36 39 42
445  31 14 8 48 15 30 0 41 45 36 29 28 43
446  33 14 2 16 10 41 36 29 42 26 43
447  11 25 12 2 21 22 30 10 20 19 35 9 28
448  11 12 31 34 44 37 49 6 4 13 5 46 35 1
449  11 25 34 14 2 40 22 30 37 18 10 13 5 27 26 43 38
450  25 47 24 44 15 18 45 13 20 19 50 46 29 28 26
451  2 40 48 21 0 6 1
452  12 32 24 21 37 41 13 42 1 26
453  11 12 34 40 47 23 6 41 4 13 39 1
454  11 12 14 22 0 7 27 46 9 26
455  47 32 23 30 18 17 27 29 42 1 38
456  33 2 8 44 21 30 49 10 6 36 39 9 28 38
457  11 12 40 32 44 16 0 45 20 36 50 35 1 43
458  25 31 34 40 23 24 44 37 0 4 36 39 27 28 42 3 43
459  31 14 32 23 24 21 22 37 7 36 19 5 28 1 26 3
460  25 14 47 23 44 37 17 4 50 5 35 3 38
461  24 44 22 16 0 17 7 13 19 39 50 5 29 42
462  11 25 33 31 40 48 32 24 10 4 13 36 29 9 28 1 43
463  14 48 32 23 22 30 0 17 49 10 20 19 5 35 29 9 43
464  12 14 44 22 30 49 4 13 20 50 5 27 28 38
465  11 25 33 14 32 24 44 21 0 6 13 19 50 9 42 38
466  40 48 22 16 45 7 20 39 27 43
467  31 14 30 4 13 20 36 39 5 46 28 42
468  8 48 47 0 41 45 36 19 46 29 9 42 26
469  25 8 40 48 47 24 16 30 4 50 46 26 3
470  31 8 24 15 30 0 17 4 50 27 28 42 3 43
471  47 24 15 22 16 0 4 36 19 1 26
472  11 25 33 31 34 2 32 21 0 7 13 36 19 5 1 26 3
473  12 31 34 18 6 45 5 3 38
474  25 31 14 48 32 22 30 37 0 17 49 41 45 5 35 28 26
475  14 8 2 40 47 23 30 49 13 39 50 29 28 26
476  33 31 14 44 10 7 36 27 46 35 29 9 28 3 43 38
477  11 2 21 16 10 7 19 50 46 29 43
478  31 8 21 22 16 30 17 6 27 29 9 28 43 38
479  12 31 34 14 2 44 17 10 41 3 43 38
480  25 12 14 8 48 24 44 16 37 17 49 13 20 19
481  11 14 2 40 48 21 10 41 20 36 50 35 9 43
482  25 31 2 8 47 32 22 18 0 10 6 45 20 5 27 35 29 38
483  12 40 48 15 16 37 49 10 6 41 42
484  25 12 40 24 0 10 6 20 36 19 39 27 9 42 26
485  25 8 40 48 22 30 45 20
486  11 34 2 48 24 44 15 22 30 37 18 49 20 50 46 28 26 43
487  11 12 40 23 24 37 7 4 20 50 5 27 46 35 28 42
488  11 25 33 21 18 13 36 27 29 38
489  2 47 32 22 30 37 18 6 4 20 19 39 27 9
490  12 34 48 47 23 18 10 7 36 46 28 42 26
491  31 14 2 24 44 15 30 37 41 19 35 29 28 1 38
492  12 31 34 14 40 48 24 44 21 15 16 0 10 50 46 29 28
493  11 34 2 8 40 32 22 41 45 7 13 19 1 26 38
494  14 21 15 49 6 7 46 1
495  11 25 31 8 2 40 47 32 17 10 7 36 19 50 5 29 42 38
496  33 31 14 8 23 44 18 0 49 41 7 9 43 38
497  25 33 31 22 16 6 41 7 20 5 46 29 3
498  33 31 14 2 40 48 22 30 37 0 10 4 20 50 35 42 3
499  11 34 16 0 4 19 39 50 43
500  25 33 8 24 15 30 37 6 7 20 39 29 1 26 38
501  11 25 12 34 2 8 23 44 21 30 6 41 4 29 9 42 3 43
502  25 31 34 8 40 23 22 30 0 13 20 5 46 35 9 28 1
503  11 48 23 22 30 13 50 5 28 43 38
504  25 34 40 47 37 49 10 27 29
505  8 40 24 30 17 49 13 27 29 9 28 26 3 43 38
506  25 2 40 15 30 18 10 27 35 28 1 26
507  25 12 48 47 23 24 16 0 10 41 45 7 4 20 36 19 5 46 1
508  12 2 47 23 44 0 10 6 41 13 5 43 38
509  12 44 21 16 37 0 6 19
510  31 14 44 30 17 6 45 20 5 27 29
511  11 34 40 47 44 21 15 37 36 39 1 3 38
512  34 16 37 0 10 7 20 36 5 43
513  33 34 14 21 16 37 7 4 20 50 27 29 1 43 38
514  14 48 24 44 4 7 13 39 50 5 27 1
515  31 34 8 40 23 44 37 18 17 10 4 36 5 3 43
516  14 40 23 21 15 22 45 4 19 29 9
517  2 8 44 30 18 0 4 20 19 5 27 42 38
518  11 25 48 44 7 36 27 35 9 1 26
519  11 23 24 22 17 6 45 7 20 50 29 9 1 3
520  33 48 44 30 18 45 39 9 3
521  12 47 21 37 6 45 39 50 27 28 1 26 3
522  11 25 33 12 34 14 2 23 30 7 4 36 27 35 29
523  11 31 2 48 47 16 18 6 41 4 13 19 50 5 46 42 43 38
524  11 34 8 22 37 6 13 20 27 46 35 28
525  33 31 23 37 6 45 7 13 20 5 1 3
526  11 2 8 40 44 18 0 6 39 5 35 3 43
527  12 2 8 32 44 21 30 18 17 10 4 39 50 46 28 3 43
528  40 47 24 22 18 17 41 13 19
529  12 31 14 8 48 47 44 37 45 36 19 39 27 35 3 43
530  33 31 14 47 23 15 22 16 30 19 9
531  12 31 14 40 15 0 10 35 42 26 3
532  33 8 16 37 0 45 36 50 26 3 43
533  11 25 31 40 30 7 39 27 29
534  11 25 40 48 32 24 22 18 6 7 13 46 29 9
535  33 12 14 47 24 15 22 30 49 41 45 7 13 20 19 5 28 3 43
536  34 32 21 45 39 5 35
537  2 40 44 21 15 37 7 13 19 39 27 42 26 43
538  11 33 34 40 48 47 15 30 37 13 20 35
539  34 32 0 10 41 4 5 35 29
540  14 8 17 49 10 41 4 20 36 39
541  2 8 44 21 22 16 37 17 49 6 7 20 35 26 43 38
542  24 21 18 17 10 41 36 27 46 1
543  11 34 23 21 15 22 0 49 45 7 4 13 20 46 29 9 28 26 38
544  34 40 24 21 16 0 19 39 29 26
545  33 16 18 10 6 20 36 50
546  12 2 40 48 32 23 24 15 0 49 6 41 45 36 39 35 29 9
547  11 34 32 16 6 41 20 19 50 46 26 38
548  25 47 32 21 18 7 36 19 27 35 29 9 43
549  12 31 34 14 2 40 47 24 37 0 10 4 46 9 28 1 3 38
550  25 33 12 31 40 23 15 41 13 19 42 1 38
551  31 8 47 22 37 17 10 6 41 39 27 9 42 1 26 3 38
552  2 40 24 17 49 6 4 13 19 50 5 28 1 3 43
553  11 25 23 21 30 37 49 6 20 5 35 9 3 38
554  33 47 24 22 37 18 17 41 19 1 43
555  14 2 40 22 30 37 10 6 45 13 20 50 5 35 9 1 26 43
556  11 25 18 10 50 46 35 28 3
557  34 14 32 23 16 49 4 39 50 35 42 26 43
558  25 33 12 40 23 44 0 17 10 41 7 39 50 46 35 28 42
559  11 33 12 31 40 48 32 23 22 30 6 7 4 36 5
560  12 31 40 47 32 23 24 37 18 49 41 46 35 26
561  34 2 47 21 16 30 0 6 7 20 46 29 28 26 3
562  12 8 24 30 39 5 27 3
563  25 12 34 14 8 21 37 17 41 7 20 39 50 46 9 28 1
564  31 14 6 45 13 20 36 46 29 28 3 38
565  31 2 40 44 21 15 18 49 20 36 5 46 29 1 3 43
566  33 47 21 30 37 49 41 29 1
567  33 2 44 6 41 7 4 19 46 29 42
568  33 31 2 47 44 15 22 30 18 45 7 13 39 50 5 9 28 1 38
569  25 8 24 16 17 10 6 5 27 9 3
570  12 14 48 37 49 41 5 42
571  12 34 2 8 24 15 30 18 49 10 20 19 39 5 27 29 9 3
572  2 8 40 47 23 24 15 20 19 5 35 26 3
573  34 14 40 21 22 30 0 41 45 7 13 19 5
574  12 32 18 17 49 1 3 38
575  11 25 12 48 44 22 30 0 7 4 19 5 46 29
576  34 2 21 15 18 17 49 6 41 45 7 36 39 46 29 3
577  33 2 40 15 10 13 20 36 39 35 9 28 38
578  25 14 40 15 16 30 18 17 6 41 45 4 7 13 39 46
579  25 33 44 22 30 0 10 6 7 27 29 26
580  31 14 2 23 24 0 10 6 41 4 5 9 28 43
581  33 12 31 16 49 10 20 5 28 26 38
582  12 34 14 2 48 32 49 6 7 20 39 29 43
583  14 48 32 15 16 4 36 35 28 42 1 26 3
584  11 33 48 32 21 16 30 37 49 4 50 5 9 42 38
585  25 8 30 18 41 5 27 1 3
586  11 25 33 31 48 32 18 17 6 41 45 50 27 29 28 3
587  12 31 34 8 32 23 44 21 15 22 30 13 20 28 3 38
588  33 31 34 47 32 24 30 41 45 4 19 5 26 38
589  25 31 14 2 32 17 10 39 46 43
590  25 31 2 8 23 16 49 4 20 5 46 35
591  12 34 32 37 41 45 7 19 27 46 38
592  23 49 20 19
593  31 34 14 32 21 22 30 18 0 17 41 4 7 20 36 27 42 1
594  11 33 12 31 34 8 40 48 22 37 18 49 20 35 28 3 38
595  25 24 21 16 0 6 7 13 36 39 27
596  40 48 37 49 7 5 35 1
597  2 44 21 22 0 17 10 36 35 29 43
598  25 31 14 22 18 45 4 20 39 46 35
599  31 23 21 18 49 6 7 4 20 39 43
600  31 40 24 16 41 45 13 20 46 26 43
601  25 31 14 32 24 30 37 45 39 50 5 35 42 43 38
602  31 8 40 32 24 21 22 37 4 13 39 27 35 9 1 26
603  12 34 40 23 21 22 30 37 18 49 4 20 50 27 35 42
604  34 14 2 22 49 45 13 46
605  48 23 24 30 18 17 49 10 50 28 42 43
606  33 12 14 40 44 17 13 20 5 29 9 28 26 38
607  11 33 14 15 37 0 7 39 27 28 43
608  34 21 16 18 17 10 4 36 50 27 35 1 26 43
609  34 2 40 47 32 23 24 44 10 13 19 39 5 27 35 43
610  12 2 48 47 22 17 41 4 20 50 27 1 38
611  31 24 44 15 16 49 6 45 7 4 50 29
612  34 14 2 32 18 41 7 50 27 46 35 42 43 38
613  12 24 21 30 41 36 27 35 29 26 43
614  31 47 44 21 37 0 20 19 5 35 29 42 43
615  31 47 21 18 4 20 27 28 1 38
616  11 33 2 8 24 44 22 41 20 5 46 29
617  2 48 47 16 30 10 6 20 39 27 26 38
618  31 34 2 8 24 22 30 6 41 4 7 36 19 50 5 35 29 42 3 43 38
619  23 24 0 49 4 39 50 27 42
620  11 25 12 31 23 24 22 16 49 4 36 39 35 9 42 26 38
621  34 47 32 15 37 10 41 7 13 36 46 29 9 42 26 38
622  31 34 8 32 22 16 17 7 13 39 26
623  24 16 0 4 13 20 36 9 28 43
624  11 44 15 22 18 0 17 10 41 7 4 20 39 50 46 1 26
625  33 24 22 16 18 17 49 6 7 20 19
626  8 40 32 23 37 18 49 10 41 36 46 29 9
627  25 31 34 47 24 16 37 13 20 5 9 1 3
628  11 12 14 48 47 24 21 15 18 10 6 13 19 9
629  34 8 40 48 47 32 44 21 22 37 0 17 49 10 13 20 46 9 26 3
630  25 12 48 23 10 45 4 20 36 39 5 29 42 43
631  11 31 22 16 0 17 13 20 39 38
632  33 34 8 47 24 44 18 6 45 4 36 19 46 35 9 43
633  25 14 2 44 0 50 38
634  14 32 24 17 49 45 19 5 9 1 3 38
635  14 8 47 30 0 49 41 4 36 29 42 38
636  14 8 47 32 30 39 29 42 1 26 38
637  31 40 48 47 24 21 18 0 49 41 7 4 39 27 29 1
638  11 34 14 8 40 18 49 45 20 19 29
639  47 32 18 0 10 41 27 46
640  23 21 22 0 39 27 46 35 42 1
641  11 33 12 14 44 21 22 17 49 13 39 46 29 1 26 3 38
642  11 31 34 14 23 15 30 0 17 10 45 7 20 39 5 28 43
643  2 40 47 24 30 45 4 27 3 43
644  8 48 47 32 23 49 45 4 13 36 50 27 35 9 42 38
645  25 48 32 24 21 49 10 6 36 19 50 5 29 3
646  32 44 21 16 0 49 41 46 29 1 26
647  24 0 17 6 41 4 20 27 46 29 9
648  33 14 2 40 24 16 37 17 49 6 39 29 1 38
649  12 2 40 47 32 23 21 30 18 41 50 9 1
650  25 15 30 0 10 13 36 19 5 27 9 1 26
651  14 2 32 44 22 16 17 49 10 41 20 19 35 29 1
652  11 25 34 47 15 0 6 41 45 13 39 50 5 29 9 28 38
653  24 44 45 13 20 27 46 1 43 38
654  25 12 6 36 19 39 5 3
655  12 48 32 21 30 13 20 19 29 9 42 1 26
656  47 24 16 30 17 10 41 45 4 46 35 9 42 1 3
657  33 12 31 34 48 24 22 18 49 45 46
658  11 31 14 2 21 15 49 6 4 19 27 9 42
659  12 14 24 16 6 45 4 20 39 50 5 27 29 3
660  25 31 15 30 49 36 42 1
661  11 2 23 16 30 10 6 41 36 39 50 28 38
662  11 25 48 47 23 37 49 45 46 29 28 26 43
663  33 14 47 32 23 22 0 49 6 20 19 27 46 28 42 26
664  11 8 44 21 0 41 29 43 38
665  25 33 34 47 24 10 6 19 46 35 26
666  31 34 8 40 47 23 15 37 0 6 20 50 1 26 43
667  25 14 2 8 22 16 37 6 41 19 9 42 1 43
668  11 33 12 34 8 40 44 15 16 18 49 7 20 50 35 9 42 3
669  8 32 37 18 49 20 5 46 42 38
670  25 12 14 32 16 30 0 17 10 6 41 4 13 36 46 28 26
671  33 12 47 21 0 17 41 45 4 19 5 27 26 38
672  33 2 48 47 23 30 37 17 10 4 50 29 9 28 3
673  12 48 47 23 21 15 18 0 10 6 13 19 5 27 1 38
674  24 21 16 18 4 13 39 50 5 27 43
675  34 47 30 18 6 45 7 13 5 35 42 38
676  12 2 47 16 10 6 45 7 27 9 1 26
677  14 8 47 23 24 18 17 49 9 28 42
678  14 2 32 21 30 36 19 46 42 1 43
679  33 31 14 22 6 5 27 29 28 26 43
680  34 2 8 23 21 15 30 18 0 17 6 19 39 27 43
681  31 34 8 48 47 15 18 0 45 4 7 50 5 29 28 3
682  33 12 31 40 47 24 44 30 18 7 13 20 36 35 3
683  25 33 31 34 23 24 30 17 10 6 41 20 5 46 35 9
684  34 8 40 23 44 22 18 49 10 13 27 46 9
685  12 8 48 23 44 21 49 6 20 50 29 26 38
686  33 31 2 47 22 37 49 39 50 5 46
687  25 12 8 2 32 44 15 17 39 42 1
688  25 32 24 22 16 18 0 49 7 50 35 28 42 3
689  2 23 15 16 37 10 7 19 5 1 38
690  11 8 40 48 24 21 17 10 45 20 36 27 46 29 9 26
691  25 14 2 8 32 23 24 16 18 17 10 13 50 46 26 43 38
692  2 15 30 37 17 49 10 45 7 36 9 26
693  11 33 12 48 44 21 16 17 10 6 13 35 29 9 28 26
694  25 33 14 48 44 0 10 7 19 28 42
695  31 40 48 15 18 17 20 39 35 9 28
696  11 33 12 8 23 21 15 22 16 0 49 10 6 41 20 5 27 29 28 42 38
697  34 48 44 16 37 10 45 4 7 13 20 19 39 26
698  11 33 34 23 16 10 4 20 46 29 42 1
699  11 33 47 44 21 0 6 19 46 35 29 26
700  25 33 47 44 16 18 45 36 39 27 9 28 43
701  31 8 21 16 6 45 4 13 50 27 29 42 26 43
702  25 14 2 40 24 37 18 17 7 19 39 27 46 29 9 26 3
703  25 33 34 47 24 21 15 30 13 20 19 50 46 35 28 38
704  33 34 14 8 37 17 45 4 39 28
705  40 47 44 49 10 36 46 35 9 28 1 38
706  25 14 24 6 4 13 35 9 3 43
707  32 10 6 41 45 4 7 46 42
708  11 25 33 2 40 47 22 17 41 19 5 35 29 42
709  25 33 48 32 44 21 16 0 49 7 46 35 42 1
710  33 31 8 40 21 30 37 4 13 20 36 39 1
711  25 14 40 15 0 45 4 13 39 5 27 46 9 42
712  11 32 24 44 22 49 41 45 4 36 39 50 27 29 43
713  37 18 41 45 20 36 19 5 46 1 3
714  14 47 32 15 22 7 4 46 35 9 38
715  25 33 12 34 24 15 22 17 49 10 6 45 50 5 9 1 38
716  25 33 14 40 23 24 15 16 30 37 45 29 42 38
717  11 25 31 32 24 15 22 18 49 10 41 36 1
718  11 25 31 34 15 37 10 45 20 19 39 29 1 3 43
719  12 48 24 44 15 16 0 17 49 41 4 13 19 5 46 1 26 3
720  11 34 2 8 18 0 41 7 13 19 29 43
721  11 2 8 44 22 37 0 6 41 19 5 46 35 9 1 26 3 38
722  34 14 8 40 24 15 22 30 18 49 10 6 20 46 35 42 43
723  34 14 47 24 30 10 41 45 36 39 29
724  14 40 22 41 4 19 39 50 35 42 26
725  14 8 48 23 30 0 49 45 4 36 46 35 28 42 3 43
726  11 21 16 4 7 13 36 50 43
727  33 12 21 15 0 10 39 5 27 28 3
728  12 14 18 0 4 19 27 3
729  33 34 14 8 40 21 22 16 39 5 46 42 1 43
730  33 40 48 32 24 44 22 16 37 0 17 45 50 35 28 3 38
731  12 2 8 40 48 24 44 22 37 45 4 7 5 46 35 38
732  12 34 47 23 22 37 4 20 36 19 38
733  8 40 23 44 0 10 41 13 50 46 28 1 38
734  11 48 24 44 21 16 37 18 0 10 41 20 46 1 26 43
735  11 33 31 14 8 48 32 24 44 49 41 45 7 3
736  34 8 40 32 21 16 19 3
737  34 2 8 15 30 18 41 13 36 5 43
738  11 33 14 23 15 22 30 18 10 41 4 20 50 27 3 38
739  31 48 18 0 49 41 7 13 39 28 1
740  11 31 37 18 20 43
741  11 47 23 22 18 0 6 45 13 36 19 46 29 1 26
742  31 14 8 48 37 17 49 7 4 1 43
743  2 47 24 15 22 0 10 45 4 20 26
744  11 33 12 31 8 22 30 13 36 19 50 43
745  34 21 30 17 6 41 45 7 19 5 35 29 1 26 3
746  48 37 17 10 45 13 19 29 42 38
747  48 47 21 18 10 41 20 1 38
748  33 48 16 30 18 6 29 9 1 3
749  31 47 44 17 6 45 13 39 5 9 28 26
750  25 33 32 23 24 30 37 0 49 13 20 28
751  25 2 48 47 23 15 16 30 41 45 39 29
752  11 25 33 31 14 8 49 41 45 13 39 28 3 43
753  23 24 44 21 37 18 49 4 7 50 27 26 3 43
754  31 14 2 40 24 18 6 41 36 5 46 38
755  25 33 12 2 23 22 20 19 9 28 1 26 3 38
756  12 8 40 32 21 0 6 41 4 13 19 5 38
757  25 14 2 48 32 44 21 16 18 17 10 45 20 50 35 38
758  25 33 12 2 40 24 49 45 13 19 50 35 9 28 3
759  33 31 34 47 44 15 22 17 49 10 6 36 39 50 26
760  33 14 24 44 15 30 45 13 19 27 35 29 43
761  25 33 34 8 32 24 44 22 18 0 50 5 29 9 42
762  11 33 48 32 23 24 15 18 0 6 41 45
763  11 25 2 8 23 44 22 16 30 17 49 10 7 36 19 29 42
764  33 47 32 24 16 37 10 41 45 36 50 42 3
765  25 33 31 14 48 24 44 15 37 10 6 4 7 46 9 42 43
766  25 31 34 48 30 0 49 5 27 9 42 26 43
767  2 8 44 49 19 50 29 1
768  25 12 14 40 30 17 49 10 13 5 35 29 42 1 26 43 38
769  25 14 8 40 47 24 44 17 10 4 7 36 5 42
770  23 44 19 5 26 3 43 38
771  25 34 8 2 32 18 36 19 5 29 42 26 43
772  12 30 37 41 4 46 29 42 26 43
773  31 23 24 21 17 10 6 7 3
774  11 33 31 34 8 32 24 22 6 36 46 28 1
775  8 32 23 24 22 30 18 0 17 4 36 50 29 9 26 43 38
776  48 24 15 30 7 13 35 29 28
777  11 12 2 16 19 35 28 1 3
778  11 12 34 8 32 17 41 4 13 36 19 35 1 26 43
779  25 8 15 41 45 46 42 1 26 38
780  34 2 40 47 32 24 18 0 10 41 20 50 27 9 28 42 26 43
781  31 8 32 23 24 44 18 0 4 7 13 35 29 38
782  25 33 14 2 47 32 23 16 18 41 13 5 27 46 29 26
783  12 2 24 15 18 10 46 28 42 26
784  25 2 48 32 23 30 18 10 41 4 13 42 26
785  25 34 32 23 21 15 16 49 4 13 28 42 3
786  33 34 2 24 15 22 30 37 0 49 13
787  12 31 18 17 10 39 29 26 3
788  33 14 8 47 22 16 0 17 41 4 19 50 27 42 38
789  31 14 8 32 21 30 18 0 17 6 13 50 5 27 35 42 38
790  14 2 40 23 21 49 6 41 7 36 50 35 1 26 3 43 38
791  40 47 0 49 10 6 36 35 29 9 42 1 3 38
792  14 40 23 24 30 37 17 41 13 20 36 39 50 27 46 28 42 26 3
793  25 12 34 2 23 44 41 13 36 50 38
794  25 33 31 34 8 32 44 15 22 16 13 1 26 43
795  11 12 31 2 48 47 44 16 18 6 36 5 9 28 38
796  40 23 15 22 16 0 49 10 45 19 46 1 3 43 38
797  11 2 23 49 6 7 19 50 5 27 3
798  2 8 48 32 24 44 22 37 49 10 45 19 50 29 42 26
799  11 25 33 8 2 32 23 44 21 30 17 4 36 39 27 35 1 26
800  11 12 2 40 16 37 49 41 36 5 46 9 28 42 38
801  12 2 47 32 44 10 41 45 20 36 50 1 43
802  11 25 32 44 15 10 36 50 1 26 3
803  25 33 2 40 48 44 15 22 30 37 0 7 36 19 29 9
804  11 12 34 14 40 37 17 42 43
805  33 12 24 44 16 30 18 17 41 5 3
806  25 34 2 40 48 44 16 18 6 45 13 39 50 46 28
807  11 25 12 31 40 16 39 5 27 35 28 42 1 3 38
808  11 31 48 32 21 22 10 7 13 39 38
809  8 23 21 16 37 18 17 13 19 5 35 26 43
810  11 31 8 40 47 22 16 10 19 39 50 35 29 42 26 38
811  33 47 49 41 13 9 1 38
812  25 14 2 40 47 32 15 10 41 4 20 3
813  11 31 32 24 16 10 6 7 3
814  11 12 47 44 21 22 30 37 18 0 49 6 45 27 38
815  25 33 40 32 23 44 17 49 10 6 13 35
816  11 34 14 2 32 24 15 37 0 6 7 13 19 39 50 5 27 46 35 3 38
817  11 33 34 48 44 30 45 4 7 36 19 39 27
818  25 34 14 48 21 37 18 17 41 46 28 1 38
819  11 25 12 14 8 24 44 21 15 37 18 17 10 36 46 35 29 9 28 42 1
820  8 44 21 17 45 7 35 9
821  33 12 31 34 22 41 36 39 46 9 28
822  11 25 48 0 49 45 36 39 9 42 26 3
823  32 16 37 17 7 20 35 9 28 42
824  12 8 45 4 13 39 27 46 42 26 43
825  33 8 40 15 30 0 45 4 27 28 42
826  34 14 40 32 23 44 21 10 20 39 42 1
827  33 34 14 48 24 15 18 6 4 13 36 19 46 35 42
828  12 31 2 8 23 24 30 0 45 4 5 35 3
829  11 34 6 39 50 29 9 42 26
830  11 33 40 32 16 0 45 4 39 50 29 43
831  33 31 8 40 47 32 24 44 18 17 45 13 19 50 35 29 1 43
832  25 33 14 2 8 48 24 15 16 30 18 0 17 41 7 20 36 19 39 50 35 1
833  25 34 8 47 24 44 18 49 41 5 42 43 38
834  11 25 12 14 40 32 44 22 16 0 6 45 7 39 46 9 28 42 1 38
835  33 8 24 15 30 17 41 13 39 27 46 29 26 3
836  33 34 23 44 15 6 20 35 28 42 3 38
837  33 31 14 8 2 23 0 10 20 42
838  11 31 8 47 44 15 30 49 41 19 39 46 35 3
839  11 12 47 15 16 18 0 6 45 7 13 20 42
840  2 40 47 16 37 18 0 36 5 46 9 42
841  11 25 8 24 22 17 4 13 35 38
842  31 34 14 2 8 24 44 20 35 9
843  33 2 8 47 32 23 24 21 50 5 9 3
844  12 40 48 15 22 30 49 41 4 39 1 3 38
845  12 40 22 30 10 4 20 5 26
846  31 47 44 21 49 27 46 1 38
847  33 47 32 15 49 10 45 13 36 39 35 28 42 1
848  34 48 49 36
849  31 32 23 44 21 16 30 37 10 7 13 20 36 27 46 38
850  14 48 44 49 13 36 39 50 46 29 9 28 42 3 38
851  34 2 48 47 24 44 21 15 16 4 46 3 38
852  14 48 32 44 21 16 0 49 41 36 50 5 27 28 1 3
853  34 40 15 37 18 17 10 45 7 20 50
854  25 14 8 22 18 0 45 7 20 36 39 46
855  25 12 31 40 32 23 15 22 16 0 49 36 5 46 9 42 26
856  34 8 22 0 10 6 19 35 29 3
857  33 12 34 32 23 44 21 37 0 10 41 20 19 50 1 26 3
858  31 14 23 24 15 22 16 49 45 13 36 29 28 42 1 26
859  33 12 31 2 30 37 10 5 29 42 26 3 43
860  34 14 48 32 23 24 16 0 17 10 13 20 27 29 43 38
861  11 33 31 32 10 41 45 13 39 50 46 42 26
862  34 32 23 44 30 0 17 13 9 1
863  11 31 34 40 22 16 37 7 20 36 39 50 27 46 29 1
864  34 14 8 32 15 22 30 18 0 41 19 27 1 26 3 43
865  25 34 21 45 20 36 39 28 42 1 38
866  11 25 33 21 22 30 37 18 41 36 19 5 27 28 3
867  12 47 24 37 0 41 36 5 46 35 38
868  11 25 34 40 23 44 21 15 10 13
869  11 14 2 44 21 30 18 49 6 41 45 35
870  2 21 17 6 45 50 5 27 29 9 1 3
871  25 33 31 14 48 23 44 15 16 37 10 6 41 45 7 4 13 36 19 9 3 38
872  33 12 34 48 15 22 30 20 36 29 28 1
873  2 48 24 30 37 7 13 20 36 27 46 29 28 38
874  11 12 31 8 48 23 21 16 37 10 39 50 27 1
875  33 40 48 47 44 22 16 18 49 6 20 5 9 42
876  48 24 18 0 49 41 7 4 5 46 42 26 43
877  11 40 32 44 21 16 0 20 39 9 28 42 26
878  11 34 2 15 16 18 0 49 20 36 50 5 46 26 3
879  12 40 24 22 16 18 41 20 19 5 26 43 38
880  12 15 30 37 18 17 6 7 4 20 28 1 26
881  2 48 32 44 20 39 50 27 46
882  24 49 6 7 19 39 29 9 43
883  2 23 21 22 17 49 10 13 20 36 39 50 27 35 42 26 43 38
884  23 15 30 0 10 6 45 5 29 38
885  25 8 48 47 23 22 16 37 0 17 7 4 13 35
886  12 31 34 14 47 23 37 0 13 20 36 50 27 26
887  14 2 40 24 44 15 0 41 45 36 26
888  25 2 48 15 22 49 10 20 39 1
889  14 40 24 21 16 37 18 49 10 13 20 36 19 39 50 29 26 43
890  12 14 47 23 44 15 17 7 4 13 20 39 5 9 1 3
891  14 32 21 37 17 45 4 13 20 5 26 38
892  33 12 34 40 0 17 45 4 39 46 42 38
893  11 33 34 16 6 41 28 42 26
894  34 8 40 24 30 18 36 27 35 28 42 43 38
895  11 31 8 40 21 37 0 4 36 39 27 35 1 43
896  14 23 44 18 49 10 45 4 19 28 43
897  12 31 8 48 24 17 49 10 13 36 29 28 42 1
898  11 23 15 49 10 6 36 19 5 27 9 42 1 26 38
899  12 48 32 22 10 13 19 39 27 46 35
900  11 34 8 24 21 15 18 0 10 6 45 7 13 19 27 35 9
901  33 12 14 8 32 44 18 20 19 5 29 42
902  11 25 8 47 44 30 45 7 36 39 27 9 28
903  11 12 31 32 23 24 21 16 37 6 20 39
904  2 47 37 49 10 5 46 42 26 3 38
905  12 15 37 49 27 46 42
906  12 34 2 8 48 23 44 21 6 13 36 46 38
907  25 24 6 7 20 5 35 28
908  25 2 40 44 21 16 30 4 39 43 38
909  25 23 21 15 16 0 10 13 36 39 28 3
910  12 34 24 0 17 10 6 45 35 38
911  25 31 34 47 21 16 37 10 45 7 20 19 29 9 28 43 38
912  25 31 14 8 40 47 21 22 16 17 49 41 7 20 19 39 50 27 9 28 42 1
913  25 34 2 47 23 24 17 6 36 39 5 27 35 42 38
914  31 34 14 40 37 6 41 45 5 27 28 26
915  12 34 2 8 40 47 24 21 15 18 45 7 46 28 26
916  11 12 32 24 0 45 46 35 9 28 3 38
917  11 8 32 17 36 19 35 9 42 1
918  34 8 23 44 49 45 46 29 3
919  32 22 18 17 20 36 5 27 29
920  33 31 34 47 21 10 6 41 4 20 36 39 28 43
921  25 31 34 8 40 32 44 21 17 6 41 5 27 35 43
922  11 40 32 21 13 20 36 39 5 35 29 9 28 42
923  31 14 8 23 16 30 0 49 45 13 19 39 46 3 38
924  25 33 14 8 40 24 15 16 37 18 17 10 6 41 45 7 13 20 19 5 28 42 43 38
925  33 12 48 32 44 30 37 0 10 45 27 29 1
926  25 34 40 30 37 10 41 4 46 28 42 43
927  40 23 10 36 39 1 26
928  12 8 23 15 22 0 49 7 39 5 26 3
929  25 33 12 14 2 40 21 37 0 9 28 43
930  12 2 40 23 24 44 21 22 10 6 13 50 27 26 38
931  11 48 23 15 37 0 49 36 19 5 29 42 3 43
932  14 8 40 47 24 15 49 10 20 39 50 1 26
933  33 14 2 8 48 37 10 41 7 13 36 19 5 35 29 9 28 1 26 43
934  33 14 48 47 23 21 16 30 37 18 6 13 19 39 50 35 9 28
935  25 33 2 40 47 23 44 15 16 10 6 45 20 19 27 35 38
936  25 31 34 14 2 8 48 24 21 22 16 5 29 43 38
937  25 34 48 10 39 27 3 43
938  25 33 31 2 24 21 15 16 6 13 36 19 9 28 1
939  25 33 31 2 40 16 18 13 19 26 3
940  11 2 21 16 37 0 17 4
941  34 2 44 22 30 49 10 6 36 46 42 43
942  33 8 40 37 17 6 36 28
943  25 33 47 23 24 37 49 7 20 39 50 27 29 28 26
944  33 24 22 0 17 4 36 5 27 9
945  25 12 31 34 23 44 16 30 37 0 4 13 5
946  8 30 17 49 27 1 3
947  25 34 2 8 15 30 0 17 10 7 50 27 26
948  11 33 14 47 44 22 0 49 10 13 20 39 50 27 46 29 38
949  11 34 2 40 48 32 44 30 13 50 29 3
950  25 8 21 22 30 41 13 50 35 1 3
951  11 33 14 8 40 23 15 30 37 7 13 50 9 1 26 43
952  25 2 8 40 15 30 0 49 20 35 28 26 38
953  11 25 40 48 47 23 15 22 16 37 18 10 6 13 19 5 46 35 42 1 26
954  25 31 47 0 17 41 13 36 39 35 26
955  11 34 2 47 44 15 17 49 10 13 36 35 9 43
956  33 31 34 48 44 21 15 16 37 49 6 7 4 13 27 46 28 42 26 3
957  11 25 34 32 23 22 0 17 49 10 41 5 46 35 29 28 42 26
958  33 2 47 23 24 0 49 6 4 13 20 50 28
959  11 25 33 34 14 47 30 37 17 10 45 20 19 39 27 46
960  2 40 47 44 15 30 6 41 7 13 5 28 38
961  12 34 14 47 24 44 18 41 45 4 39 50 46 35 43
962  12 14 8 18 0 49 10 41 4 36 39 29 3 38
963  12 31 47 21 22 16 30 49 41 7 27 28 3
964  2 40 47 24 15 4 26 43
965  11 32 15 30 41 20 19 27 35 9 3 43
966  11 25 34 48 32 23 21 10 45 27 35 1 38
967  25 33 34 14 23 24 21 15 30 37 18 0 45 4 13 36 5 42
968  31 40 48 47 23 15 16 10 36 39 5
969  11 25 12 47 24 16 27 46 1 26
970  30 20 39 27 42
971  47 15 22 18 10 6 13 39 29 28 42 26 38
972  31 34 16 30 18 0 49 41 4 39 46 35 42 1
973  14 32 15 22 18 10 4 13 50 5 46 9 42
974  34 14 23 30 37 18 41 19 50 27
975  11 25 33 34 40 32 23 21 0 10 36 29 28
976  11 32 23 24 18 17 41 7 20 36 50 5 35 28 42 38
977  34 48 21 37 49 6 29 9 1 26
978  11 33 12 23 44 22 30 37 49 7 5 42 1 26 3 38
979  33 14 2 40 44 41 19 39 5 28 1 3
980  31 8 40 23 6 42 1
981  11 25 33 22 18 49 45 7 4 13 36
982  33 12 2 49 6 20 27 35 29 1 3 43
983  25 2 8 22 10 41 45 13 36 5 28 26
984  11 25 34 8 47 23 16 30 37 18 0 10 6 7 13 20 19 39 27 28 26
985  31 34 14 8 48 23 24 16 6 45 4 20 19 50 27 9 1 26 43
986  34 14 48 18 0 17 4 20 36 9 3
987  11 25 33 8 23 15 0 7 39 50 46 26 38
988  12 31 21 16 37 17 49 10 41 46 3
989  48 49 7 19 35 28 26 3
990  33 12 34 14 2 8 48 22 37 18 0 17 41 7 36 19 27 46 29 28 1 3
991  12 31 14 8 2 32 44 15 37 6 41 4 20 19 39 35 9 1 26 43 38
992  25 33 22 18 10 20 19 39 35 1 3
993  12 31 14 47 32 18 49 6 45 39 26
994  11 2 47 21 22 17 45 7 13 19 35 28 38
995  11 25 40 0 17 45 36 39 50 1 3 38
996  33 14 40 22 30 36 46 1 38
997  33 12 34 2 47 24 37 0 17 41 13 19 39 27 28 26 38
998  11 33 31 14 32 24 22 36 27 46 29 42 1 26 43
999  14 15 16 4 7 46 28 3 38
