32 0.0 0.0 10247 0.0 22
19 0.0 0.0 8785 1.0 42
6 0.0 0.0 424 1.0 18
35 0.0 0.0 8208 0.0 73
46 0.0 0.0 16884 1.0 17
42 0.0 0.0 4115 1.0 72
40 0.0 0.0 13505 0.0 55
15 0.0 0.0 19188 1.0 98
36 0.0 0.0 1380 1.0 47
34 0.0 0.0 8167 1.0 13
13 0.0 0.0 9708 0.0 45
38 0.0 0.0 19431 0.0 21
49 0.0 0.0 15289 0.0 57
31 0.0 0.0 16618 1.0 13
17 0.0 0.0 17261 0.0 38
28 0.0 0.0 15062 1.0 93
39 0.0 0.0 16329 0.0 84
18 0.0 0.0 4979 1.0 23
24 0.0 0.0 6729 0.0 7
29 0.0 0.0 19599 1.0 52
41 0.0 0.0 425 1.0 42
8 0.0 0.0 8263 1.0 67
33 0.0 0.0 15544 0.0 24
47 0.0 0.0 19091 0.0 3
27 0.0 0.0 19855 1.0 44
