10 0.0 0.0 10897 0.0 3
34 0.0 0.0 4977 1.0 8
36 0.0 0.0 13021 1.0 75
39 0.0 0.0 15219 0.0 23
24 0.0 0.0 1249 1.0 63
11 0.0 0.0 15635 1.0 3
19 0.0 0.0 8981 0.0 88
47 0.0 0.0 1273 0.0 19
14 0.0 0.0 8933 0.0 63
15 0.0 0.0 4198 0.0 32
17 0.0 0.0 8286 0.0 38
23 0.0 0.0 2118 0.0 27
35 0.0 0.0 15626 1.0 48
42 0.0 0.0 10915 1.0 91
32 0.0 0.0 10709 1.0 17
8 0.0 0.0 5908 0.0 97
27 0.0 0.0 17232 1.0 92
9 0.0 0.0 4173 0.0 71
31 0.0 0.0 12348 1.0 45
7 0.0 0.0 8702 1.0 44
49 0.0 0.0 14091 0.0 73
3 0.0 0.0 3305 1.0 82
5 0.0 0.0 5202 0.0 87
18 0.0 0.0 991 1.0 41
43 0.0 0.0 3623 1.0 68
