0 80 51 40 13 25 35 100 57 69 48 6 99 75 101 2 46 
1 40 13 51 57 25 99 69 6 48 46 75 2 
2 40 30 93 57 25 91 24 13 99 75 53 31 86 48 69 6 46 
3 30 13 25 35 40 80 91 100 93 53 6 99 75 48 69 46 
4 66 100 93 24 80 30 13 25 91 86 53 99 2 75 69 6 
5 80 100 51 13 35 66 25 57 6 82 101 53 99 75 31 2 
6 40 100 13 25 80 91 30 24 57 66 99 101 75 48 2 6 82 46 
7 100 51 66 24 80 40 93 57 13 2 46 99 75 86 48 53 69 
8 24 80 66 40 100 51 75 101 82 69 2 
9 80 24 91 51 75 101 48 69 2 46 86 31 
10 100 30 80 24 51 35 99 75 53 69 82 2 
11 57 25 40 66 80 99 75 69 86 53 31 2 82 
12 24 66 100 91 51 25 80 13 99 101 31 82 46 69 2 
13 24 91 100 51 25 93 13 99 53 101 46 
14 91 40 80 30 100 13 35 48 53 75 86 31 6 82 
15 100 93 25 40 24 57 99 53 82 86 101 48 69 46 
16 93 24 13 25 30 100 51 53 46 75 86 
17 91 40 51 57 13 66 100 53 82 99 2 46 
18 51 57 66 100 25 91 24 99 46 53 82 101 31 
19 24 40 13 80 57 25 75 82 86 101 53 99 31 69 
20 40 100 24 30 13 57 25 99 46 6 82 86 
21 80 25 30 100 91 51 13 35 99 86 31 69 6 46 48 53 101 
22 24 66 57 51 93 13 25 30 46 99 75 86 48 31 53 69 
23 100 25 24 91 51 57 13 30 6 
24 24 51 80 66 57 13 25 69 2 6 53 86 82 46 
25 24 100 57 40 80 66 30 93 25 35 99 86 101 2 
26 91 100 93 13 25 80 30 51 57 35 75 101 48 31 82 99 86 53 46 
27 91 66 100 13 35 30 51 57 24 25 101 46 69 2 86 48 6 
28 57 25 80 93 13 40 24 101 48 31 2 6 86 82 46 
29 80 30 35 51 57 24 86 101 48 6 82 99 46 
30 80 30 51 100 40 93 57 99 31 53 75 48 69 6 86 
31 100 51 80 91 57 25 99 2 69 46 
32 66 30 13 25 80 100 51 57 2 31 48 69 6 82 
33 51 13 24 40 91 66 30 57 25 75 86 31 53 69 99 2 48 
34 80 91 93 57 99 86 53 6 82 48 46 
35 80 66 93 13 30 100 57 99 31 75 69 46 86 
36 66 100 24 80 91 30 57 25 99 75 53 82 101 6 46 
37 40 80 35 24 91 51 66 100 57 2 6 46 
38 57 25 24 80 91 30 35 51 93 69 6 75 86 48 2 46 
39 80 100 57 51 93 13 25 75 86 69 2 82 48 
40 80 30 51 57 35 91 25 75 69 6 99 86 53 48 
41 40 80 66 100 57 13 35 51 93 25 99 101 75 69 6 82 2 
42 91 30 13 80 57 25 75 69 2 46 53 101 
43 91 66 93 40 57 35 69 2 99 48 86 101 31 46 
44 24 30 80 35 91 100 13 101 48 69 2 6 99 46 75 86 31 82 
45 66 30 93 40 100 51 57 91 99 101 48 69 75 86 31 53 82 46 
46 91 93 57 69 6 48 82 46 
47 93 13 25 35 40 100 51 57 2 48 53 69 46 
48 80 91 93 13 35 57 30 51 25 69 6 82 86 75 31 2 
49 93 80 66 30 57 13 91 24 51 25 35 75 101 69 2 82 46 31 6 
50 24 91 100 93 40 51 25 35 53 86 31 99 75 69 6 82 
51 66 57 25 80 100 13 30 51 24 75 53 86 31 2 82 46 
52 100 51 24 80 30 93 86 6 101 75 53 69 46 
53 57 13 24 80 66 30 93 91 40 31 46 99 101 75 69 82 
54 66 93 24 40 91 51 13 86 31 53 2 75 46 69 6 
55 91 51 80 100 57 93 35 99 75 69 46 53 2 
56 40 66 100 93 91 99 82 75 86 69 2 46 
57 30 24 35 86 48 2 53 6 
58 40 35 13 100 93 57 46 69 99 53 2 82 
59 91 30 93 57 25 51 24 35 99 48 46 2 6 
60 13 40 80 100 57 101 48 53 75 69 2 82 
61 91 100 51 30 80 93 35 75 86 2 6 82 
62 30 100 51 57 24 25 75 101 31 53 2 86 46 
63 80 51 93 13 35 66 100 25 99 86 48 31 69 46 75 82 
64 24 40 100 13 66 30 51 93 57 25 75 31 53 2 101 48 
65 80 93 24 66 100 25 51 40 35 99 31 75 101 48 69 6 46 
66 24 80 91 25 100 13 40 35 48 69 6 82 101 53 2 
67 24 66 100 93 51 13 35 48 75 53 69 2 82 46 101 
68 93 57 13 24 100 80 51 75 69 2 82 31 6 46 
69 40 91 51 35 80 66 100 30 24 31 82 46 75 101 48 53 86 2 6 
70 93 80 30 51 75 46 99 31 69 
71 40 66 13 35 100 93 80 6 82 99 48 31 2 
72 24 100 93 13 25 35 40 80 30 57 99 101 31 69 2 82 46 
73 93 25 91 30 100 57 99 75 31 86 101 53 2 6 
74 66 100 35 80 30 24 91 93 57 6 53 46 69 2 
75 24 51 25 40 30 100 80 35 75 48 53 82 31 6 2 
76 24 91 93 57 100 35 99 101 31 2 82 86 53 
77 40 80 100 93 57 13 25 66 99 86 46 2 75 53 
78 24 91 51 57 13 25 30 100 80 66 93 40 35 75 101 69 99 53 31 2 46 
79 24 66 30 93 13 91 100 25 2 6 86 69 53 
80 24 80 91 66 51 35 46 101 48 75 53 69 6 
81 91 93 57 51 25 100 6 82 75 2 99 86 53 
82 57 25 80 66 100 51 93 13 24 35 30 101 31 53 86 48 82 99 75 46 
83 66 93 13 24 35 51 40 25 101 53 2 82 99 
84 91 100 25 40 24 57 35 31 2 46 101 48 6 
85 24 80 93 13 66 51 57 100 25 99 75 69 82 53 2 101 48 31 46 
86 80 51 25 40 91 30 100 13 35 99 75 86 69 46 
87 100 51 24 30 57 13 25 40 75 2 101 69 31 53 
88 40 100 93 57 25 35 24 80 13 99 86 82 75 48 31 
89 24 40 80 30 51 100 57 35 99 46 101 48 31 53 82 86 
90 100 93 57 66 13 25 35 80 51 48 99 31 2 6 
91 93 57 30 25 35 100 13 46 99 101 31 6 53 69 2 
92 40 80 100 57 91 35 75 46 101 
93 24 57 25 35 40 66 91 93 101 69 6 31 2 46 
94 24 40 80 100 13 25 35 57 75 48 31 82 99 2 101 69 
95 93 13 24 91 25 66 100 51 57 40 69 2 75 86 48 31 53 82 
96 80 25 35 30 100 101 6 82 46 48 31 53 69 
97 30 51 93 13 66 100 24 57 40 35 75 53 6 46 99 2 
98 80 100 93 57 25 51 24 13 40 53 2 99 75 86 48 31 82 46 
99 40 80 100 13 66 93 99 53 48 69 2 46 86 31 6 
100 80 30 93 57 91 51 66 100 40 13 35 53 6 69 101 46 
101 80 100 57 91 93 25 24 13 99 75 82 46 101 31 
102 100 13 91 66 35 24 30 93 57 40 75 48 53 2 
103 80 25 35 66 100 40 91 24 51 13 101 53 99 86 48 31 69 6 46 
104 66 51 57 35 48 6 75 86 101 69 46 
105 40 51 30 66 24 57 13 35 31 69 99 53 2 46 86 6 82 
106 100 25 80 57 66 30 51 99 2 6 46 
107 24 80 51 93 13 91 30 100 57 40 99 2 86 101 48 53 82 
108 51 57 25 100 13 35 99 48 53 2 86 82 46 75 31 6 
109 100 51 93 35 91 13 66 30 57 31 48 46 99 75 101 
110 91 25 93 24 30 100 57 13 35 99 101 6 82 86 2 46 
111 91 66 30 51 13 25 80 57 35 99 75 46 101 86 48 
112 91 93 13 25 35 100 57 24 99 86 75 48 53 101 69 6 46 
113 91 51 40 80 66 100 13 35 30 25 69 2 75 101 53 
114 51 57 35 24 66 30 93 91 40 100 13 6 82 75 101 48 31 69 2 
115 100 93 35 40 66 57 24 86 101 53 69 6 75 48 
116 51 93 25 80 35 13 101 31 53 
117 80 91 66 30 40 51 13 25 31 82 46 101 2 99 75 48 53 
118 91 66 13 30 100 99 53 69 6 86 101 31 2 82 
119 57 80 91 100 35 66 40 25 99 82 48 46 86 53 
120 40 13 91 66 25 35 24 57 75 69 31 2 46 
121 24 30 25 35 40 80 51 13 101 31 82 46 86 75 
122 66 100 13 25 40 91 57 75 69 6 86 46 99 31 53 
123 66 30 51 93 57 35 91 13 100 40 25 101 48 69 46 99 82 75 86 2 
124 40 66 35 80 30 51 57 101 2 6 46 53 48 31 82 
125 24 40 13 51 57 80 91 93 75 101 31 99 86 48 53 69 82 
126 80 91 30 100 35 40 93 25 86 31 101 99 53 2 
127 66 57 91 30 25 35 24 100 51 13 99 75 101 31 82 46 
128 24 100 91 30 13 35 57 53 2 46 86 101 31 69 
129 40 91 24 100 51 25 80 57 35 75 86 101 6 53 69 
130 100 51 80 93 57 35 86 53 99 2 6 31 69 82 46 
131 66 57 24 40 80 30 91 51 75 48 6 82 46 
132 30 100 25 51 48 31 99 86 53 69 101 2 82 
133 24 100 51 57 13 80 91 30 93 35 2 86 53 6 46 
134 66 40 91 51 80 100 57 99 86 75 48 69 31 2 46 
135 24 40 80 93 25 91 57 66 30 100 51 13 75 31 53 69 101 46 
136 91 66 57 13 40 93 2 99 48 82 46 
137 91 30 57 13 25 35 51 40 24 86 82 99 48 31 2 46 
138 66 80 93 13 100 24 40 35 101 69 99 46 31 53 6 
139 66 51 35 80 100 93 25 24 57 86 31 2 6 82 48 53 69 99 
140 24 40 51 13 25 35 86 101 48 69 
141 40 51 24 66 93 13 75 101 2 99 86 48 69 
142 93 13 57 25 91 30 51 2 99 46 
143 24 66 100 13 91 99 101 31 53 69 2 86 46 
144 40 25 80 66 51 35 57 13 75 53 69 82 48 6 
145 80 66 35 91 51 13 86 69 101 53 6 82 
146 91 51 25 100 57 35 80 40 13 101 2 6 48 46 31 
147 13 66 35 91 93 57 2 75 69 86 101 31 
148 30 100 25 13 91 57 86 46 48 75 31 82 
149 51 57 93 25 30 24 53 48 69 82 46 101 2 6 
150 80 66 51 93 13 91 40 35 30 100 99 75 48 53 2 86 69 6 
151 13 40 66 57 80 25 35 99 53 69 6 101 82 75 86 48 46 
152 24 51 25 100 57 13 35 80 40 99 31 75 48 53 46 86 101 6 
153 100 93 80 30 13 35 51 57 48 53 69 99 2 46 101 
154 24 80 91 57 66 30 100 99 69 6 75 31 2 82 
155 30 57 35 51 25 24 99 82 46 86 31 101 
156 30 51 25 80 66 35 100 13 24 48 82 99 101 2 
157 30 25 40 100 80 93 48 31 99 75 2 6 
158 91 66 30 100 93 57 51 25 75 69 99 86 101 31 53 
159 66 100 57 91 30 51 93 13 80 82 99 86 101 48 31 69 6 46 53 
160 40 57 13 35 91 51 86 101 48 46 31 53 82 75 2 
161 93 25 35 40 66 30 100 51 80 91 57 99 31 53 69 2 86 101 75 
162 57 40 80 25 24 30 100 86 69 75 2 31 6 82 
163 40 66 30 100 24 35 75 53 69 86 48 82 46 
164 24 66 100 25 51 40 101 31 69 46 99 6 82 
165 91 66 57 35 75 69 53 2 99 6 
166 66 100 91 30 57 35 46 99 86 31 69 2 82 48 6 
167 100 57 91 66 101 99 86 69 75 31 46 
168 66 100 51 25 80 40 30 24 93 57 101 48 69 53 2 82 46 
169 40 13 80 30 51 35 91 75 31 2 82 99 101 48 53 6 
170 24 66 13 35 100 51 75 53 101 99 86 48 31 69 82 
171 30 100 13 51 93 57 91 66 40 101 48 31 82 53 69 86 6 
172 100 40 80 30 93 57 24 91 13 25 35 75 101 53 2 99 86 6 46 
173 40 91 30 13 51 24 93 57 25 46 53 99 48 6 
174 91 13 24 40 80 30 51 93 57 25 35 99 69 46 101 82 86 31 
175 57 25 35 24 66 30 80 51 13 48 53 75 101 69 6 82 46 
176 80 51 91 57 25 40 31 69 48 2 75 86 53 82 
177 80 51 24 40 66 91 57 13 48 2 82 99 86 75 31 69 
178 91 66 30 51 57 25 35 13 82 101 48 2 46 53 
179 91 93 57 66 30 100 35 99 31 53 2 75 46 69 
180 91 66 30 13 57 25 93 24 82 46 48 31 69 6 
181 40 13 80 91 24 30 75 86 31 6 82 101 53 
182 30 13 91 66 80 57 2 46 86 31 99 48 53 6 
183 80 93 57 13 25 66 100 24 99 31 69 48 53 86 6 
184 40 25 24 80 91 66 30 93 6 86 101 48 69 82 
185 66 13 24 100 51 31 82 86 48 2 75 53 46 
186 80 91 93 13 30 51 35 69 2 53 101 48 6 46 
187 91 57 13 40 93 24 80 100 51 25 99 101 48 31 53 82 
188 24 51 40 66 57 100 53 86 6 46 48 69 82 
189 24 66 93 13 25 91 30 51 40 100 57 99 101 75 2 6 82 
190 91 13 40 80 51 57 101 6 75 31 2 86 46 
191 24 30 57 80 91 66 51 13 35 40 25 48 99 86 82 101 31 
192 93 25 13 91 57 99 101 69 46 82 
193 100 93 24 91 66 51 86 46 99 75 101 48 31 53 69 82 
194 25 66 100 13 35 40 99 86 31 53 69 2 48 82 75 
195 91 66 35 100 40 80 57 99 101 53 82 48 2 
196 51 35 100 25 30 93 57 48 31 86 2 46 69 6 
197 30 57 80 53 99 86 69 6 2 46 
198 24 40 91 100 13 25 35 57 66 51 75 86 53 99 46 101 48 6 
199 51 30 100 93 57 69 31 99 101 82 
200 40 80 100 13 24 25 93 35 75 101 31 2 6 99 46 48 
201 57 25 40 80 93 35 66 30 51 99 75 31 2 48 69 46 86 82 
202 30 35 100 51 13 80 66 31 6 101 53 69 99 86 48 
203 57 25 24 13 80 46 99 75 86 31 2 6 82 
204 24 80 66 100 51 93 91 57 35 101 48 53 46 31 2 6 86 82 
205 66 51 93 100 86 48 53 31 82 46 
206 66 100 40 80 24 51 30 93 57 99 31 75 101 53 69 
207 80 30 57 91 100 93 24 66 48 53 69 46 75 86 31 6 
208 93 66 30 100 40 75 6 69 99 86 101 31 2 82 46 
209 91 57 13 25 66 51 40 80 93 24 75 6 46 31 69 82 101 53 2 
210 66 93 57 25 80 91 30 100 75 86 48 82 99 6 101 
211 30 100 13 91 25 53 75 101 48 31 69 46 
212 24 100 13 40 80 66 57 99 75 86 48 69 2 101 82 
213 80 66 30 35 91 93 57 75 69 99 86 101 2 6 82 
214 80 30 100 24 66 13 91 31 2 86 99 75 
215 24 57 25 80 51 13 35 101 6 86 31 53 69 
216 24 40 66 57 35 51 25 30 93 53 75 69 6 101 2 82 
217 24 66 51 13 30 99 75 53 86 69 2 
218 51 13 24 57 66 35 53 69 6 82 86 48 2 101 31 46 
219 51 93 13 25 66 100 57 91 30 31 69 6 46 
220 13 40 66 93 57 25 80 91 100 35 75 2 6 86 46 
221 91 30 35 51 13 24 75 48 31 2 82 53 99 101 
222 91 66 30 93 13 80 35 101 82 86 48 53 99 75 31 6 46 
223 30 13 25 91 100 51 99 75 101 53 31 6 
224 24 40 13 30 100 51 93 66 35 69 46 99 86 101 48 82 
225 30 100 91 24 51 35 80 40 93 57 6 99 86 31 69 46 48 53 
226 80 30 100 51 93 91 13 35 40 57 6 82 31 53 2 46 75 86 48 
227 24 30 100 51 40 91 25 66 57 13 82 46 75 69 
228 66 100 35 80 91 93 46 75 86 82 48 69 6 
229 24 40 91 57 80 66 25 100 35 86 48 82 46 101 31 53 2 6 
230 24 91 100 57 35 80 30 31 46 75 101 48 53 6 
231 35 80 91 30 13 66 57 75 6 48 2 
232 24 66 51 13 30 93 40 99 2 6 48 
233 24 66 30 100 35 91 25 93 99 2 75 86 48 53 82 31 
234 80 100 24 91 66 30 13 25 35 99 86 2 82 69 6 
235 100 24 80 40 91 66 51 35 101 48 53 46 75 86 31 69 6 82 
236 24 66 100 51 57 25 91 93 13 101 48 46 53 82 75 31 
237 80 30 51 66 93 57 13 25 91 24 100 40 2 82 75 48 69 86 101 53 
238 80 100 51 57 30 25 91 93 31 86 48 6 69 
239 24 51 13 91 66 80 57 35 86 31 2 6 46 101 69 
240 57 25 80 51 66 93 13 75 99 86 101 48 31 53 46 
241 40 57 35 24 80 91 66 30 100 51 6 99 75 48 69 46 101 
242 24 91 30 40 13 100 51 93 75 48 31 86 101 53 69 2 
243 91 30 93 80 51 13 35 40 25 101 48 31 2 6 53 46 
244 40 13 24 30 35 101 48 2 69 82 75 31 6 
245 91 57 66 30 86 101 69 6 82 75 31 2 99 48 53 
246 91 93 40 80 57 66 35 86 46 48 53 82 75 
247 24 40 57 35 66 80 91 30 100 51 31 53 2 101 82 
248 80 66 13 24 30 25 91 51 93 57 2 86 82 6 46 
249 40 30 100 66 91 93 99 101 46 48 31 53 69 6 82 
250 100 24 30 57 40 51 13 48 69 75 86 101 53 6 46 
251 24 66 30 25 100 57 51 75 48 31 82 46 99 69 86 101 
252 40 80 91 66 100 93 13 86 82 99 2 101 48 53 
253 30 100 51 93 13 91 66 46 53 69 6 2 82 
254 66 13 35 30 100 40 80 48 31 86 101 6 
255 40 24 51 31 2 101 46 99 86 48 53 6 82 
256 40 35 91 93 25 48 53 99 69 2 6 46 75 101 
257 24 51 93 57 25 80 66 100 13 53 46 99 75 86 31 6 82 
258 100 13 25 51 57 35 91 40 82 86 31 69 99 101 48 46 
259 25 80 30 100 13 99 69 6 82 86 53 46 
260 30 100 57 35 40 80 24 66 13 31 69 6 82 101 46 
261 80 66 25 57 30 100 24 75 53 69 6 101 48 31 82 
262 80 51 13 66 24 93 91 30 99 2 82 31 53 46 101 69 6 
263 100 57 35 80 91 13 66 25 48 31 53 75 69 6 82 86 101 
264 13 35 40 66 80 100 93 57 48 6 101 2 75 86 53 
265 40 91 66 57 80 100 51 24 13 35 99 31 53 6 46 86 101 48 2 
266 24 93 57 13 35 30 40 99 82 48 31 53 
267 40 51 35 57 25 99 75 2 86 48 46 
268 100 13 25 35 80 66 51 93 86 101 48 69 82 75 31 6 2 
269 24 66 100 93 25 30 80 40 53 46 69 99 101 
270 24 40 80 100 51 57 35 53 48 69 82 99 75 31 
271 13 30 100 57 91 66 25 35 75 101 48 69 46 86 31 53 6 82 
272 66 51 35 80 93 40 53 46 6 82 75 2 
273 30 13 25 91 66 57 100 51 69 48 31 6 99 101 2 
274 91 51 35 80 24 66 25 48 2 99 75 101 86 69 82 
275 100 24 91 40 51 57 101 69 75 53 
276 24 13 35 51 57 80 30 100 40 48 6 53 2 46 99 75 86 
277 40 91 66 51 57 80 24 30 93 25 82 75 53 2 6 46 69 
278 40 66 80 100 51 35 75 31 101 2 6 82 46 
279 91 30 57 13 40 100 93 101 53 82 46 75 86 31 69 99 6 
280 91 66 100 57 13 25 51 93 24 40 2 6 101 99 75 86 48 53 82 
281 66 57 91 13 99 6 101 2 
282 91 30 13 80 100 2 86 69 75 
283 25 40 13 80 100 51 57 75 53 2 99 86 31 82 101 46 
284 51 30 80 66 100 86 101 53 82 99 2 69 
285 24 40 91 100 93 13 66 35 31 99 75 53 69 2 6 
286 66 30 51 93 25 13 80 91 100 24 53 6 46 75 101 31 
287 91 100 93 57 25 35 80 66 99 31 46 2 75 53 6 
288 40 91 100 51 93 57 13 30 24 25 80 35 99 2 6 75 86 48 82 46 
289 80 30 13 91 100 51 93 101 6 53 
290 24 91 93 66 57 40 100 69 82 46 75 
291 100 80 51 93 57 91 40 75 82 86 2 6 46 101 
292 91 66 51 35 57 46 101 6 53 
293 24 57 35 80 30 13 91 51 31 53 6 48 69 86 
294 80 30 100 40 91 51 93 35 25 101 46 2 75 
295 80 91 66 35 24 40 100 25 51 93 86 31 69 
296 91 30 100 57 51 101 53 2 46 75 48 69 99 31 6 82 
297 24 80 51 91 25 35 75 86 31 46 99 53 2 
298 93 25 91 30 51 80 35 99 86 48 6 31 53 2 82 
299 30 13 24 80 66 35 2 75 86 69 6 82 48 31 
300 40 91 80 30 51 57 13 25 35 99 75 31 6 53 2 86 82 
301 80 91 66 51 13 30 57 93 35 99 48 2 6 101 31 69 82 
302 91 51 35 40 66 100 93 30 24 13 53 2 46 75 101 48 31 82 
303 91 66 57 25 80 51 93 35 86 6 75 69 
304 66 30 51 93 57 100 13 35 75 86 53 48 6 82 
305 80 30 24 100 57 25 51 35 101 82 46 75 53 6 
306 24 51 66 13 40 57 25 35 6 48 82 99 75 31 46 
307 25 35 40 91 93 80 66 99 75 48 31 2 53 6 82 
308 40 80 13 35 24 66 51 57 48 2 86 53 82 69 
309 24 66 100 51 35 80 25 91 30 93 48 75 86 69 46 101 
310 91 30 13 66 100 57 25 51 93 53 82 46 75 48 
311 66 100 24 40 51 80 101 48 2 6 46 69 86 
312 66 35 24 40 25 80 91 93 99 86 53 46 31 69 82 
313 24 100 51 93 40 80 91 46 75 53 99 86 101 31 69 6 82 
314 80 57 40 30 93 100 51 13 25 75 99 48 31 69 2 
315 30 91 57 13 80 93 24 48 31 69 86 53 
316 66 51 57 93 13 91 35 75 48 2 101 46 86 82 
317 24 91 66 57 40 30 100 51 75 101 69 82 86 31 53 2 46 
318 91 66 57 35 93 80 25 24 86 69 101 6 75 31 53 2 
319 24 40 80 91 66 30 100 51 93 57 13 35 101 31 2 6 46 
320 30 100 13 91 66 93 24 25 35 80 46 99 101 48 31 86 2 82 
321 40 24 91 30 100 93 25 46 101 53 99 
322 24 100 57 13 30 51 80 40 35 101 99 31 69 2 6 46 48 53 
323 24 51 93 13 25 66 57 35 69 99 53 2 31 
324 25 40 80 93 35 69 46 86 101 48 99 75 31 53 
325 93 25 24 100 51 13 35 80 91 66 57 75 86 69 2 48 31 
326 40 13 35 80 66 30 25 91 100 24 31 2 75 6 86 48 
327 24 80 100 25 35 91 66 93 57 30 13 69 46 101 53 2 6 75 86 48 31 
328 57 40 66 30 100 25 80 24 35 48 2 69 6 99 101 53 46 
329 91 93 30 101 2 75 48 53 
330 40 30 100 51 93 80 91 66 13 35 86 48 69 101 31 82 46 53 
331 100 80 57 13 40 35 6 86 
332 25 35 24 66 99 86 53 69 6 82 101 31 46 
333 40 66 93 80 30 25 35 24 100 57 99 86 48 2 82 46 6 
334 30 51 93 40 66 100 13 91 24 57 35 48 86 2 101 53 82 
335 24 30 93 25 80 99 101 31 53 75 86 46 
336 24 30 51 35 80 66 13 40 100 57 86 31 82 69 75 48 6 46 
337 40 91 13 80 66 51 57 35 99 101 53 6 82 46 
338 80 40 93 25 30 100 35 101 69 48 86 53 82 
339 100 57 51 13 93 82 86 31 53 6 
340 40 80 30 57 35 101 31 6 82 48 69 
341 40 91 93 51 35 24 57 86 31 69 99 75 6 82 46 
342 24 80 91 100 25 40 30 93 35 99 69 75 2 6 
343 66 30 57 51 80 100 93 24 48 99 101 31 69 46 
344 40 91 57 13 35 30 66 100 51 75 48 31 53 6 101 2 99 82 46 
345 51 35 91 66 57 93 40 13 101 53 2 46 31 99 69 
346 40 57 24 66 51 100 13 35 6 46 48 99 
347 40 80 66 100 51 13 57 25 93 35 2 82 6 46 75 31 53 
348 93 40 66 100 51 57 13 91 35 86 101 99 6 48 69 
349 24 80 100 57 30 51 13 48 69 86 2 31 6 82 46 
350 30 100 25 51 35 24 99 101 82 31 53 86 
351 57 13 35 80 66 51 24 91 30 100 25 86 48 2 101 75 53 6 
352 91 57 40 66 30 25 100 48 6 75 31 53 69 
353 93 35 24 80 100 25 51 48 82 46 99 86 53 69 
354 66 13 93 25 80 24 57 99 75 46 48 6 82 101 
355 91 35 24 80 40 66 100 13 48 31 53 82 99 86 101 2 75 69 
356 66 25 91 30 100 51 57 35 48 31 69 46 75 86 6 82 2 
357 57 91 66 100 51 93 35 2 99 48 69 82 46 101 53 6 
358 80 30 25 35 51 93 31 101 99 75 48 46 
359 40 80 100 35 93 13 82 101 48 75 53 69 46 
360 24 57 35 66 40 51 86 53 69 82 75 48 6 
361 30 100 40 80 91 24 66 13 99 75 86 101 53 46 48 2 69 82 
362 100 93 80 91 35 13 75 48 69 99 101 53 2 82 
363 80 51 93 40 66 30 100 24 57 35 99 75 69 6 48 82 53 
364 51 40 80 69 6 82 75 31 99 
365 91 30 13 35 100 51 80 66 40 86 46 75 6 82 99 31 53 2 
366 24 40 66 35 30 100 13 80 93 57 25 48 75 31 53 2 6 
367 93 57 24 80 91 51 13 25 6 46 99 53 2 86 
368 91 51 66 30 35 13 25 40 99 101 69 2 6 75 48 
369 100 93 13 51 25 91 66 75 6 101 2 99 86 48 53 46 
370 24 80 30 25 35 100 66 86 48 82 99 75 46 
371 66 51 25 24 30 93 57 13 75 2 6 99 46 
372 80 57 25 100 51 93 13 24 69 82 99 101 31 53 86 6 
373 40 91 51 57 25 80 100 35 86 101 53 2 82 48 75 31 6 
374 80 30 13 25 35 91 66 100 51 53 99 31 75 2 82 46 
375 80 91 93 35 57 13 51 48 101 31 86 53 2 
376 24 40 66 93 35 57 99 31 82 101 53 46 86 
377 30 91 80 51 57 75 53 69 2 82 
378 40 57 51 93 91 86 101 2 46 99 53 
379 51 13 80 91 30 25 35 99 2 75 6 69 
380 91 93 25 66 35 100 57 101 75 53 82 
381 25 66 51 40 80 91 57 48 53 2 6 101 82 
382 25 93 80 91 100 35 101 2 99 53 
383 40 51 93 91 30 100 13 25 35 2 6 46 101 31 82 
384 24 40 51 57 80 93 13 31 2 6 53 
385 30 80 51 93 13 25 35 66 57 99 86 31 2 75 101 69 6 
386 91 30 66 24 51 57 46 99 101 53 
387 24 66 25 35 13 40 80 91 100 57 53 75 48 69 46 
388 40 30 51 93 35 24 100 57 99 86 101 31 48 6 69 
389 91 66 13 51 80 24 57 31 86 53 6 101 
390 24 91 93 57 40 66 35 30 100 51 13 99 53 86 31 2 82 75 48 69 6 46 
391 24 40 66 57 80 91 30 101 31 6 46 75 69 2 99 82 
392 66 57 13 100 51 93 35 75 53 69 2 
393 91 51 57 35 86 46 75 48 
394 91 24 66 35 75 69 82 101 48 31 53 
395 66 13 25 91 80 100 75 101 6 82 99 86 2 53 
396 40 80 91 66 30 51 93 24 13 25 100 35 99 75 2 69 
397 80 30 51 93 25 100 35 91 40 75 48 2 82 101 31 6 46 86 
398 80 93 40 13 66 30 57 48 31 2 99 75 86 6 82 46 
399 93 24 40 80 13 25 30 100 86 31 2 99 69 6 75 101 
400 80 51 40 66 57 13 93 86 101 53 2 6 75 48 
401 91 66 30 100 25 80 51 93 40 35 99 75 86 48 6 69 82 101 46 
402 40 30 24 51 80 35 75 53 69 99 31 6 101 
403 100 13 35 40 66 51 25 86 48 69 31 82 46 75 2 
404 24 91 25 66 30 40 100 57 35 101 48 6 46 99 82 86 69 
405 93 24 100 25 30 31 48 53 6 82 
406 57 13 35 40 30 100 25 80 51 93 99 48 53 69 82 86 31 
407 51 57 25 80 30 100 24 13 48 31 46 86 101 69 6 75 2 
408 24 80 93 57 13 25 6 75 53 82 86 46 
409 13 35 80 91 24 40 100 31 69 101 2 6 86 
410 40 30 66 25 51 93 57 24 99 82 75 46 
411 24 91 66 100 93 35 30 40 51 13 53 46 2 82 99 48 31 
412 40 80 51 91 66 48 82 75 86 69 6 101 53 2 
413 91 66 100 57 25 13 75 53 101 82 99 86 31 69 
414 66 51 25 80 100 86 46 82 48 6 
415 51 80 25 35 24 66 30 57 48 2 46 99 75 53 82 
416 24 30 93 57 100 80 13 25 6 82 46 99 75 31 48 
417 40 91 66 30 35 100 51 80 24 86 69 6 101 
418 40 51 57 25 80 30 100 24 13 53 86 101 69 82 31 
419 80 93 24 51 35 40 66 100 57 69 86 31 6 82 99 
420 80 40 91 66 51 93 24 100 35 48 6 46 75 86 101 53 
421 91 100 51 13 80 93 25 35 99 75 101 31 53 46 69 6 
422 30 51 57 35 66 25 40 24 75 31 86 48 2 
423 91 66 80 57 35 13 99 69 2 46 86 101 31 6 
424 91 24 30 51 57 66 93 101 31 2 99 48 
425 40 91 35 80 99 69 75 53 2 82 48 
426 57 13 25 35 91 51 80 30 100 24 75 48 31 6 46 86 53 2 82 
427 91 93 40 57 13 35 80 66 99 48 31 2 75 86 6 101 53 69 82 46 
428 93 13 35 24 40 80 30 100 57 86 48 82 46 99 101 31 53 69 
429 66 100 51 25 30 40 57 86 101 31 6 69 82 
430 24 80 66 51 35 30 100 57 91 93 25 99 86 53 101 6 48 31 69 2 
431 24 91 40 30 93 35 80 66 100 51 57 75 48 6 46 31 86 69 
432 24 40 66 51 30 100 57 99 101 48 53 69 6 
433 80 66 30 25 24 100 51 13 40 35 101 2 75 86 48 31 69 6 46 
434 24 100 93 13 51 80 35 48 53 101 31 6 99 75 86 46 
435 24 91 51 57 35 66 30 100 93 53 75 101 31 69 86 6 
436 51 24 93 6 99 86 48 46 101 31 69 
437 100 51 57 35 24 91 30 6 31 53 69 82 99 86 2 
438 35 24 40 91 93 80 30 57 69 75 31 82 46 86 48 53 2 6 
439 25 35 40 80 91 66 100 93 31 2 46 101 99 
440 40 80 51 57 100 24 13 35 91 99 75 86 69 6 
441 24 80 66 57 13 25 93 40 35 99 75 48 2 101 31 53 46 86 82 
442 35 30 93 100 57 53 2 48 6 75 46 
443 24 91 51 30 13 66 40 100 93 25 69 82 101 99 75 86 48 46 
444 24 66 100 51 30 25 86 99 101 69 6 
445 40 24 80 66 51 93 57 13 25 101 31 82 53 69 6 46 
446 40 80 93 91 51 30 25 35 31 53 6 86 48 46 
447 100 24 40 91 51 35 80 30 75 101 48 82 31 2 
448 24 51 57 25 80 30 13 40 35 31 6 82 53 2 75 86 48 69 46 
449 40 25 24 66 51 93 30 48 31 
450 40 91 93 25 75 101 46 99 48 31 53 69 2 
451 24 80 93 57 66 30 100 25 99 31 48 69 6 
452 24 51 100 57 66 35 75 6 82 69 46 99 
453 40 80 51 24 91 100 35 75 53 101 2 99 46 
454 40 57 35 80 91 30 51 24 75 6 46 2 99 101 53 82 
455 24 66 35 57 25 80 53 69 2 75 82 46 48 
456 80 91 51 25 66 13 40 93 57 101 53 82 99 75 31 6 86 46 
457 91 30 51 13 66 24 40 100 25 35 86 31 75 48 82 99 2 
458 51 66 30 57 100 93 13 99 86 48 53 2 31 82 46 
459 80 91 35 40 66 30 93 57 24 101 48 69 75 2 
460 91 13 100 51 93 57 80 31 75 86 48 6 
461 25 40 80 91 66 30 51 57 13 75 31 82 101 48 46 
462 40 30 100 57 35 25 91 66 51 99 2 46 75 53 69 86 101 
463 93 25 35 66 40 51 57 86 48 31 46 99 6 75 
464 40 91 51 24 66 100 25 35 75 101 48 69 2 82 99 86 
465 51 91 66 100 93 13 80 24 75 86 6 101 99 48 31 
466 24 51 93 25 80 13 91 57 40 48 82 99 101 31 53 46 
467 80 66 25 24 30 40 51 57 35 101 69 2 6 46 99 75 48 53 
468 57 40 51 13 91 30 93 25 99 75 48 69 46 53 82 101 31 
469 100 30 93 80 91 66 24 35 75 99 101 48 46 31 53 6 
470 40 93 57 66 100 24 35 91 30 51 48 53 2 82 46 101 31 99 6 
471 66 30 35 80 100 13 24 69 82 99 48 31 53 6 46 
472 66 93 40 51 57 35 101 99 69 
473 51 93 25 91 100 35 99 86 101 31 53 46 48 
474 66 51 30 25 13 40 86 53 69 6 99 48 75 31 82 
475 80 66 93 57 13 35 91 100 51 24 75 31 53 86 
476 40 66 100 35 30 93 46 48 86 2 82 
477 13 25 91 66 30 100 93 75 99 48 31 6 69 82 
478 30 51 24 93 25 35 69 99 75 53 6 82 46 86 101 31 
479 40 80 66 51 25 100 57 13 6 99 101 48 69 
480 80 30 100 35 93 57 24 66 51 40 13 86 48 75 31 6 46 99 53 82 
481 40 93 13 80 91 30 57 25 75 53 2 6 101 31 69 
482 80 51 93 25 35 66 57 53 75 48 6 101 2 
483 66 100 13 25 80 30 51 24 31 69 2 86 82 99 48 53 
484 24 100 25 40 80 91 66 30 99 75 6 
485 66 40 91 13 25 35 82 99 53 48 69 
486 93 57 25 66 91 24 53 6 
487 24 30 100 93 13 35 40 25 80 91 66 51 57 31 75 86 101 53 6 82 69 2 46 
488 51 93 35 40 30 24 57 82 75 86 31 53 2 99 101 6 
489 66 40 80 35 93 57 75 86 48 99 31 82 46 
490 91 30 13 35 51 25 99 48 69 86 101 
491 40 13 24 91 30 51 93 35 80 66 100 86 48 31 101 53 82 46 
492 30 100 51 40 91 24 66 13 31 82 101 53 69 2 99 86 48 
493 66 35 24 40 57 13 30 100 51 31 2 46 6 82 86 53 
494 91 51 93 13 40 80 35 48 2 86 101 53 75 31 69 
495 80 100 93 24 91 51 57 13 35 25 48 99 75 46 
496 91 57 66 30 100 51 75 48 2 86 6 
497 100 80 91 66 30 40 51 13 35 86 2 99 53 6 
498 40 80 91 24 100 93 99 31 48 46 53 69 
499 24 91 35 80 66 93 99 75 2 6 82 
500 91 93 13 66 30 80 100 25 101 99 75 86 31 2 82 53 
501 80 51 13 100 57 25 66 93 40 35 48 101 2 99 75 6 82 
502 51 100 40 35 75 82 101 48 31 99 53 46 
503 13 91 66 30 93 57 25 101 48 31 99 75 2 82 
504 66 13 25 40 30 51 24 93 101 2 6 82 75 99 48 
505 80 66 93 51 13 25 91 35 99 75 6 101 48 46 
506 24 25 66 51 35 57 13 53 75 6 86 82 
507 80 51 93 13 35 100 91 40 25 75 101 99 86 31 2 82 
508 91 66 30 80 51 25 35 101 53 2 82 75 86 48 69 
509 40 57 25 91 30 51 80 24 99 86 101 31 69 2 48 6 82 46 
510 66 13 25 30 100 93 24 99 101 31 2 6 46 75 82 
511 80 30 51 66 100 93 57 75 48 69 2 86 31 6 
512 57 51 100 93 69 2 82 86 101 31 6 
513 57 91 30 100 35 51 101 86 48 53 69 2 99 6 82 46 
514 40 30 80 13 25 82 75 48 2 6 99 101 69 46 
515 100 57 25 35 30 80 91 93 13 75 2 53 99 101 
516 80 25 91 93 57 13 35 30 99 75 48 2 101 31 69 
517 91 13 25 35 66 100 93 24 2 99 86 53 46 
518 93 13 40 100 51 80 91 30 46 69 6 
519 24 40 91 66 57 35 80 30 51 13 25 101 48 69 46 6 
520 40 80 91 66 25 30 51 24 100 35 75 86 69 6 46 
521 30 24 51 25 40 91 99 48 6 101 75 2 46 
522 30 100 51 93 66 40 57 69 6 101 75 86 
523 80 40 66 13 25 91 51 93 57 24 75 86 101 31 2 53 
524 30 13 57 80 100 35 48 6 101 2 46 99 75 69 82 
525 40 66 91 30 100 93 57 80 51 53 69 82 99 86 48 6 
526 91 57 40 51 93 25 24 35 101 6 46 75 86 31 69 
527 24 100 57 25 75 48 31 101 53 86 82 
528 24 100 51 80 13 75 86 101 48 53 6 82 
529 100 51 93 35 80 30 86 31 6 46 82 
530 57 80 100 51 24 99 86 53 69 75 31 
531 93 13 35 24 40 66 51 75 31 53 69 46 99 48 82 101 
532 24 80 30 51 13 57 91 25 86 2 82 75 101 53 6 
533 66 13 25 35 40 100 57 86 2 99 82 46 101 53 
534 40 51 13 35 57 25 91 31 2 6 99 75 82 46 
535 91 57 13 24 51 40 80 30 25 35 53 2 75 86 101 6 82 
536 51 57 24 80 91 30 40 66 100 13 69 82 46 53 75 48 31 
537 40 80 91 66 30 51 25 35 93 57 86 48 46 6 75 31 69 2 
538 40 13 80 66 30 100 51 99 101 53 86 2 82 
539 24 80 66 51 93 25 35 57 40 13 99 101 31 53 69 2 86 6 82 
540 24 80 57 13 25 66 35 30 100 69 101 6 99 75 31 53 
541 40 100 13 25 57 91 66 86 31 6 82 
542 80 13 25 24 40 100 57 86 48 6 82 75 69 2 
543 24 66 30 93 13 80 57 35 51 40 25 86 53 69 46 48 31 6 
544 80 13 40 66 30 100 57 25 75 48 99 86 2 6 
545 40 80 66 93 91 13 35 75 53 6 101 31 69 82 46 
546 91 24 80 100 101 82 99 75 48 53 69 6 
547 57 51 80 66 100 86 99 75 48 
548 91 93 24 13 25 35 69 6 99 75 86 48 2 
549 40 80 100 57 25 24 51 66 93 6 82 75 86 101 48 2 53 69 
550 51 57 25 91 93 35 80 66 13 40 6 99 86 48 31 46 
551 24 35 40 91 66 100 57 75 101 48 53 82 46 99 6 
552 24 91 57 40 30 80 51 93 31 6 48 53 86 69 2 82 
553 40 30 35 100 93 57 13 25 101 48 69 2 82 75 31 6 
554 66 30 51 35 80 100 99 86 75 53 2 6 82 101 48 
555 30 51 13 66 100 40 57 25 35 2 86 48 31 82 
556 100 24 66 30 51 91 25 86 31 46 99 48 53 2 
557 91 93 25 40 100 13 35 2 6 99 101 48 31 46 53 69 82 
558 40 91 66 100 51 35 80 57 30 24 25 99 75 86 31 101 48 2 6 82 46 69 
559 40 91 30 100 13 24 66 93 57 86 31 75 101 53 82 
560 80 51 25 66 93 30 40 57 99 101 48 31 82 75 6 46 86 
561 24 66 40 80 91 30 100 51 13 25 35 31 82 86 48 
562 24 40 80 35 57 99 48 31 69 86 2 46 101 
563 80 66 30 13 24 93 57 25 75 48 69 46 101 31 53 82 99 86 6 
564 24 30 100 51 80 57 48 6 75 101 99 86 31 53 
565 30 100 91 24 40 80 66 51 57 13 53 75 6 
566 30 93 57 80 51 24 13 35 75 86 31 53 46 101 69 2 6 
567 100 80 51 93 66 40 25 35 101 53 48 31 69 99 2 6 
568 13 25 91 57 40 30 51 24 35 99 48 2 82 86 101 69 6 
569 24 57 25 51 35 91 48 31 2 99 86 53 46 82 
570 66 100 30 57 13 51 40 35 75 48 31 86 6 82 
571 24 80 66 30 13 91 51 57 25 86 31 53 2 82 99 69 46 
572 66 40 91 57 35 30 51 99 82 101 31 46 86 2 
573 30 24 40 80 91 93 57 75 69 6 82 31 101 
574 91 66 100 51 40 30 93 57 25 80 99 75 31 101 53 
575 51 57 91 66 100 80 30 13 35 53 69 46 99 86 48 6 
576 24 57 13 35 40 91 66 51 101 86 53 82 31 
577 93 35 30 25 91 51 57 75 69 6 86 101 48 2 99 46 
578 100 93 35 24 80 91 51 53 46 99 86 48 31 69 6 82 101 
579 40 30 24 91 51 57 25 35 53 69 99 86 48 6 82 46 
580 30 51 93 25 46 75 86 101 48 
581 80 13 35 51 40 100 93 24 31 2 6 82 53 46 
582 80 40 51 13 35 99 75 31 6 86 101 48 69 82 46 
583 80 91 24 40 66 100 51 57 13 75 86 99 31 101 53 6 
584 91 25 24 80 40 51 13 86 53 69 101 6 75 48 82 46 
585 24 30 51 57 100 13 93 99 69 2 75 53 6 46 
586 30 51 35 80 25 75 86 101 48 31 6 53 46 
587 24 66 51 57 35 48 82 2 75 101 53 69 
588 66 24 35 40 30 100 86 101 48 31 2 82 
589 24 80 93 51 86 31 46 53 69 6 2 
590 30 93 35 91 40 80 57 13 69 86 48 31 53 82 46 
591 66 40 30 24 80 13 101 53 2 82 75 31 69 46 
592 100 57 24 93 40 91 66 99 53 2 86 69 
593 51 35 91 100 66 30 93 99 53 6 82 101 31 86 
594 40 66 30 51 13 24 93 35 86 101 48 2 46 53 
595 30 24 91 51 66 35 99 6 82 75 48 101 31 53 69 46 
596 91 51 25 93 13 24 80 30 40 35 2 48 69 82 46 99 101 
597 30 25 80 91 66 57 13 75 2 46 99 86 
598 40 100 51 57 35 80 30 93 24 66 25 2 6 75 86 101 48 31 53 69 
599 51 93 57 24 91 13 35 75 46 86 48 31 82 69 
600 91 30 13 35 100 99 48 75 
601 80 100 57 51 91 66 75 2 101 46 
602 24 91 100 51 93 66 57 40 25 48 69 46 86 31 2 6 99 75 101 
603 100 93 35 66 57 25 24 82 99 101 53 46 
604 24 91 30 57 35 51 40 69 2 46 101 53 
605 100 13 80 30 51 25 91 101 31 53 2 82 46 75 86 69 
606 24 40 13 80 93 66 30 25 35 53 6 48 2 75 101 46 
607 40 91 100 51 93 24 48 31 99 101 75 86 53 
608 91 93 13 24 51 66 25 35 48 53 99 69 2 46 101 82 
609 30 100 40 66 51 25 24 35 86 48 6 82 101 69 99 
610 80 91 40 100 57 99 101 82 46 75 48 53 2 
611 91 93 35 66 100 51 101 53 6 31 69 2 
612 24 93 57 25 80 91 66 35 30 51 48 82 46 31 2 
613 100 51 24 91 13 25 75 53 48 31 46 
614 24 91 51 35 80 30 100 57 13 6 82 75 101 48 2 53 69 46 
615 24 80 93 66 57 35 91 100 25 40 31 2 99 69 6 82 
616 66 35 40 100 51 93 75 48 99 46 86 
617 35 30 80 66 100 93 25 48 6 46 75 101 53 
618 24 66 91 25 35 80 51 40 99 101 6 75 31 53 
619 80 24 40 13 66 30 93 101 31 6 53 75 48 69 2 
620 80 30 13 40 91 35 75 101 31 53 46 48 69 
621 40 80 91 30 66 93 25 75 86 53 69 82 31 
622 93 25 30 66 100 24 75 69 2 86 48 31 101 53 6 
623 24 30 13 91 35 86 2 101 53 6 46 99 48 
624 57 24 40 80 51 93 25 35 75 86 101 2 31 46 99 69 6 82 
625 66 100 40 91 30 93 13 99 86 53 6 82 
626 80 91 57 35 30 40 93 24 13 99 75 86 6 
627 24 30 51 93 35 80 66 100 99 31 53 6 75 82 48 2 
628 66 30 35 24 100 51 25 99 31 53 75 48 86 6 82 46 
629 57 40 91 30 100 51 101 6 82 99 75 48 53 
630 80 100 91 30 13 25 31 82 46 101 75 86 53 
631 30 13 40 66 100 35 91 24 93 48 82 31 75 6 
632 30 51 13 25 40 80 91 66 24 35 48 2 86 53 6 46 
633 24 40 91 30 51 93 25 75 53 99 101 69 
634 80 57 66 30 51 13 91 25 99 69 48 31 53 86 6 82 
635 24 80 51 35 40 30 13 25 66 100 57 99 82 101 53 31 
636 24 40 100 93 25 66 30 51 91 57 2 46 75 31 6 99 69 
637 91 100 25 75 2 6 86 101 48 31 46 
638 24 80 91 57 25 51 100 13 35 75 48 101 6 
639 66 100 93 13 25 91 35 40 99 101 6 82 86 48 
640 40 80 100 93 91 51 57 13 25 99 101 75 48 31 6 86 53 2 
641 24 51 93 25 57 80 30 40 35 86 101 2 82 99 75 48 69 
642 40 100 57 13 66 93 91 25 35 86 31 46 75 48 53 2 
643 91 57 24 80 66 30 2 6 46 31 69 
644 91 25 24 57 30 93 13 75 86 48 69 82 99 31 53 6 
645 80 40 91 100 93 99 31 2 101 46 75 48 
646 66 51 35 80 91 13 40 30 99 69 2 82 48 53 
647 25 35 80 57 91 30 51 93 2 75 31 69 46 
648 66 93 57 91 100 51 25 80 24 40 35 101 6 86 2 99 
649 24 40 80 91 93 57 51 86 48 99 75 101 31 53 82 69 2 
650 24 40 51 93 25 91 66 35 30 99 101 53 2 86 69 
651 40 13 24 93 57 80 51 48 86 101 31 75 82 
652 13 25 40 91 24 30 93 57 99 75 31 86 101 6 48 69 
653 66 57 35 91 93 13 80 24 30 53 69 101 31 82 75 86 48 
654 80 40 66 13 25 30 51 99 53 2 6 75 82 86 69 
655 24 80 66 57 13 35 91 100 51 40 25 48 31 82 46 101 6 
656 66 57 30 51 35 100 24 13 75 6 99 69 101 
657 66 100 51 93 80 24 40 91 57 35 99 86 48 6 31 101 46 
658 13 25 91 30 100 51 82 69 101 31 2 
659 24 35 100 66 51 57 75 101 48 82 99 31 2 
660 25 66 30 51 93 57 101 69 46 99 75 2 
661 100 35 80 93 51 57 99 31 48 53 6 82 
662 66 35 40 80 30 57 13 100 93 2 82 99 48 53 69 6 
663 24 40 100 25 66 35 93 57 13 99 86 31 6 69 46 
664 30 100 51 57 24 25 80 91 66 93 40 69 99 101 48 2 
665 24 51 93 35 80 99 75 101 53 69 6 82 2 
666 91 93 13 51 40 24 99 101 75 6 48 46 
667 24 40 13 57 66 100 51 99 101 2 86 31 69 75 48 6 
668 57 51 40 91 66 30 99 31 53 2 6 
669 40 91 30 57 80 51 93 24 2 86 31 6 82 46 
670 40 80 35 100 93 57 25 75 86 6 82 99 31 
671 30 80 100 35 57 40 99 75 31 53 2 82 46 86 69 6 
672 40 93 57 35 91 30 100 13 46 31 82 75 101 48 53 
673 40 66 100 91 24 25 13 6 99 48 2 75 31 82 
674 35 91 30 51 25 24 93 57 13 53 2 6 46 75 69 86 101 
675 40 80 35 25 91 51 93 6 99 31 82 53 69 
676 24 80 66 100 35 91 25 57 99 48 53 86 101 31 6 82 
677 24 66 30 25 35 75 101 86 31 69 2 46 53 
678 24 80 100 30 40 66 93 13 35 75 53 6 46 99 86 101 69 
679 40 35 25 80 30 100 57 13 75 86 48 6 82 101 53 
680 66 51 91 80 57 25 35 69 2 31 82 101 
681 66 93 35 80 100 51 25 30 86 2 75 48 82 101 53 
682 80 51 57 35 66 30 2 99 53 82 46 101 48 6 
683 80 66 57 40 30 100 51 93 99 75 101 46 2 82 
684 24 30 13 100 93 25 6 86 2 46 101 31 53 
685 93 40 66 25 35 91 30 51 57 2 6 82 48 53 
686 80 57 13 91 24 25 100 99 75 53 69 2 6 46 86 48 
687 24 13 40 91 66 30 100 51 93 57 25 101 69 82 53 2 75 6 46 
688 100 13 40 24 57 35 48 75 101 69 46 31 53 2 6 82 
689 40 100 93 91 51 57 86 101 31 53 2 69 75 48 6 82 
690 24 40 66 91 30 100 93 51 57 25 53 69 6 82 86 75 101 
691 30 93 13 91 66 57 80 35 101 2 46 
692 80 93 40 51 57 30 100 69 99 75 53 2 31 
693 100 13 40 66 51 25 35 75 31 86 53 82 
694 100 13 25 35 40 51 24 91 57 101 82 99 75 86 53 6 31 69 2 46 
695 91 51 24 40 93 35 80 57 25 86 31 53 2 82 46 
696 91 30 66 24 35 40 100 57 99 86 46 75 53 69 
697 91 93 35 80 30 13 25 53 99 75 48 69 6 
698 24 51 80 91 93 100 13 25 75 2 6 82 48 46 
699 30 51 57 24 40 100 13 80 91 66 25 46 101 69 82 31 53 2 
700 24 40 25 13 66 30 93 99 31 53 69 6 46 75 86 101 82 
701 40 51 93 57 35 80 91 66 53 48 69 82 46 
702 100 51 57 25 24 80 66 75 31 86 82 
703 40 25 66 100 57 13 35 80 51 99 101 75 48 31 46 
704 100 57 13 30 24 91 51 25 75 53 82 6 99 86 
705 30 100 13 80 91 35 40 51 57 86 101 53 69 6 48 46 
706 80 91 51 40 24 100 25 35 31 2 6 82 99 75 48 53 69 
707 66 25 40 93 100 51 13 86 82 99 69 46 75 101 6 
708 40 80 91 100 13 24 93 25 35 69 6 101 31 82 75 53 
709 40 100 57 13 25 35 6 82 31 69 86 2 46 
710 24 40 91 100 51 93 57 13 25 75 6 82 86 101 
711 100 40 30 93 25 66 24 13 99 86 31 53 101 69 
712 80 91 66 100 13 35 24 57 30 93 25 31 6 48 82 86 2 
713 24 66 100 51 13 80 40 46 69 101 48 82 
714 100 13 25 40 91 51 57 24 35 30 93 75 86 48 53 69 2 6 82 99 31 
715 80 100 57 25 40 91 51 93 66 30 13 35 2 99 75 86 6 82 46 
716 51 40 91 100 66 30 93 13 25 35 53 2 6 99 86 48 46 
717 66 100 93 24 80 35 31 53 46 99 86 48 6 
718 40 51 13 35 80 91 30 93 66 100 24 48 101 53 2 
719 25 51 91 66 13 31 6 2 75 101 82 46 
720 100 51 24 91 66 57 13 31 69 2 86 101 48 6 75 82 46 
721 80 57 40 35 31 99 101 48 53 2 
722 13 35 30 57 25 24 99 82 75 101 31 69 6 46 
723 80 100 57 25 51 99 86 82 53 46 48 2 
724 25 35 80 91 51 93 66 100 86 53 99 69 31 
725 24 66 93 57 25 35 99 101 48 2 86 69 82 75 31 53 6 
726 100 57 25 93 35 80 91 66 30 51 13 24 99 48 31 53 6 82 69 46 86 101 
727 30 35 80 66 99 101 2 48 46 75 6 
728 24 13 80 30 25 75 101 31 53 82 
729 40 100 91 57 25 80 66 93 13 99 75 48 69 
730 91 93 13 40 80 100 51 57 66 25 48 31 75 86 53 69 6 
731 13 40 24 80 25 48 101 82 86 2 
732 66 93 40 51 35 57 13 25 86 48 101 69 2 75 31 46 
733 25 24 66 80 51 35 101 48 82 86 31 53 69 
734 57 13 66 100 25 35 91 24 51 40 48 82 46 86 31 53 6 
735 66 13 25 80 51 91 40 93 24 2 6 48 69 101 31 53 
736 66 80 91 93 13 40 30 100 57 48 69 99 31 53 82 
737 40 80 30 13 91 66 24 35 99 75 48 86 101 53 
738 40 93 57 24 91 100 13 69 86 99 101 48 31 53 46 
739 24 40 91 100 51 57 13 86 2 82 46 99 6 
740 24 100 25 66 30 57 99 101 69 31 46 86 2 
741 91 30 25 40 80 100 51 53 69 82 99 75 6 
742 80 100 25 40 51 93 35 91 24 57 48 53 6 86 101 99 75 69 46 
743 80 66 30 35 51 93 40 86 101 2 6 82 48 31 
744 30 35 40 13 57 24 101 46 48 31 53 2 82 
745 40 80 51 93 66 100 57 13 99 2 48 86 101 53 
746 91 30 35 100 51 80 13 86 99 2 6 82 101 
747 91 66 100 25 80 57 48 69 2 99 53 75 
748 24 91 40 93 57 35 53 86 2 82 101 
749 51 40 30 100 80 91 66 24 57 25 31 69 48 53 2 6 82 46 
750 100 80 91 13 40 66 30 57 25 101 53 69 46 31 2 
751 24 40 51 93 35 91 30 13 25 86 2 6 82 75 31 99 69 46 
752 66 30 25 24 40 51 93 13 91 35 53 6 101 31 99 69 46 
753 91 35 24 13 66 30 51 57 99 86 101 69 48 31 6 
754 24 80 30 57 93 51 25 75 6 69 2 99 86 31 82 
755 40 66 91 30 35 101 53 69 99 48 2 6 
756 30 51 93 24 57 99 46 101 48 82 75 
757 24 40 30 25 35 91 66 51 57 13 99 31 82 46 75 101 48 2 
758 40 51 57 25 35 13 100 99 86 6 82 101 48 31 53 2 
759 80 91 93 13 25 57 24 40 75 86 101 53 69 99 31 2 6 82 46 
760 80 93 24 25 51 13 6 82 75 46 99 48 69 2 
761 66 91 93 57 53 86 
762 40 91 30 80 51 57 46 99 31 6 75 53 82 
763 80 51 57 35 93 13 25 66 24 86 101 48 31 53 2 82 75 99 69 
764 35 100 25 51 57 53 6 2 31 46 
765 66 35 24 13 91 100 93 25 99 6 48 31 82 46 53 69 
766 24 30 80 100 51 35 13 40 53 69 6 46 86 101 48 
767 66 24 30 100 57 13 86 53 46 101 48 6 
768 80 51 13 30 35 91 66 25 31 69 99 82 
769 40 66 30 35 51 80 24 13 25 86 75 82 99 2 
770 30 25 35 24 13 40 80 91 100 93 57 101 53 69 6 99 2 
771 91 24 40 66 57 35 30 51 99 48 31 82 101 86 53 46 
772 40 100 93 25 66 51 13 35 48 2 53 82 86 46 
773 40 80 30 93 91 66 24 35 13 31 53 46 2 101 82 
774 93 24 40 91 66 30 100 57 48 82 46 69 2 75 101 31 53 
775 24 40 100 30 13 48 31 69 82 53 46 6 
776 80 91 30 93 13 66 24 57 35 86 48 53 69 2 6 99 75 
777 80 51 13 40 66 93 35 25 86 101 53 6 46 99 
778 30 93 80 91 57 35 24 66 25 99 31 2 82 48 46 
779 24 100 80 91 66 25 99 48 86 101 53 46 
780 24 25 35 30 91 51 93 40 69 6 
781 24 57 80 66 93 91 35 101 31 53 6 82 
782 24 35 80 100 13 53 75 48 82 46 86 31 69 
783 30 51 40 91 13 35 99 48 75 31 82 46 
784 13 40 100 91 66 30 57 101 53 82 75 86 31 69 99 
785 93 40 25 66 30 100 57 75 86 31 53 2 99 101 48 
786 93 35 24 91 40 100 51 82 53 46 75 101 
787 100 66 30 35 24 93 13 25 2 99 75 86 82 101 48 69 6 
788 25 24 40 80 57 13 99 75 86 101 53 48 46 
789 91 51 57 80 66 86 31 82 53 101 46 
790 24 13 40 51 57 53 69 2 6 86 82 46 
791 100 51 13 25 91 93 24 66 99 86 69 2 82 53 
792 66 93 80 35 30 100 51 24 86 6 82 99 48 31 101 53 69 
793 40 80 91 30 51 93 24 66 13 53 75 86 2 6 82 
794 93 13 51 57 25 80 100 35 101 53 2 6 99 48 69 46 75 
795 24 40 91 66 30 57 25 80 93 13 53 82 31 2 6 
796 93 35 24 80 91 30 100 13 101 99 75 86 31 48 53 2 6 
797 91 66 51 57 25 80 24 93 40 86 82 101 75 6 46 
798 30 100 91 93 99 86 46 101 48 31 53 6 
799 51 57 13 24 100 35 80 30 93 99 75 48 69 82 86 6 
800 40 66 13 80 91 30 51 57 24 25 31 2 82 53 99 75 69 
801 30 100 93 57 35 13 51 24 101 53 82 99 6 
802 24 40 91 51 93 57 30 25 35 80 100 46 75 69 
803 30 13 24 40 91 51 25 35 48 69 101 31 53 6 
804 24 30 93 57 80 35 66 100 51 25 75 48 53 69 2 82 46 86 101 31 
805 93 40 91 51 57 80 66 100 101 6 31 53 69 82 75 46 
806 66 91 51 93 35 40 75 53 82 2 6 48 
807 80 66 30 100 51 93 31 6 99 86 53 2 75 101 46 
808 66 30 91 51 57 13 80 25 101 31 6 46 99 75 69 2 82 
809 93 25 57 35 80 30 40 48 2 46 
810 66 51 57 13 25 75 53 99 101 2 46 48 82 
811 80 91 51 93 57 35 66 24 13 31 69 75 6 
812 24 91 25 51 66 93 35 75 101 48 31 2 6 82 46 53 
813 100 93 25 40 80 24 30 13 35 75 86 101 31 82 46 69 
814 40 66 51 35 57 24 100 25 101 6 46 31 53 48 
815 80 35 66 51 57 30 93 13 25 2 6 75 48 31 46 99 86 
816 100 24 91 80 30 13 25 99 69 2 6 82 46 
817 91 100 40 57 13 99 101 2 6 75 48 69 82 46 
818 66 51 93 57 80 91 40 13 100 35 75 48 2 99 6 46 
819 51 24 40 66 100 57 75 31 2 99 86 53 69 6 82 
820 80 91 30 51 13 93 40 25 57 101 82 99 69 46 
821 24 93 13 25 35 91 30 51 57 2 6 75 101 48 53 
822 24 30 57 13 80 35 100 93 101 53 99 6 46 69 82 
823 93 80 91 66 51 57 35 13 99 75 86 48 53 2 
824 24 30 51 93 40 66 100 91 57 13 75 86 48 53 2 6 82 
825 24 91 57 40 30 25 35 101 48 53 2 86 31 
826 40 80 100 51 93 57 35 30 24 25 75 69 46 99 2 6 
827 40 80 66 57 91 93 24 13 30 51 25 35 75 86 53 69 101 82 31 46 
828 100 13 30 51 93 66 24 101 2 82 31 53 69 6 46 48 
829 51 24 40 57 13 25 35 82 99 53 101 48 2 6 
830 100 91 35 24 80 30 93 57 75 48 6 31 99 
831 30 57 13 100 51 93 91 35 101 99 75 86 53 2 6 82 46 
832 24 80 91 51 93 57 40 66 30 13 82 86 53 46 99 69 
833 25 35 24 91 30 51 57 101 31 99 86 48 
834 30 100 93 57 25 51 35 80 91 75 48 6 69 2 99 
835 40 66 30 24 13 53 82 46 99 75 101 31 6 
836 80 93 40 91 100 13 25 31 82 48 2 99 75 86 101 53 69 
837 51 40 66 57 91 93 25 99 86 31 53 69 6 101 48 2 
838 40 80 93 91 57 101 6 86 82 99 2 46 
839 80 24 30 51 93 57 91 69 6 99 75 86 101 2 
840 91 30 80 51 86 31 75 
841 80 51 13 30 100 25 91 40 86 31 53 48 82 99 101 69 2 
842 91 30 100 66 51 57 13 25 48 53 69 46 75 86 6 99 
843 66 30 57 13 35 91 51 93 48 6 46 101 2 
844 24 80 66 93 13 57 30 100 40 35 101 69 82 99 31 75 86 
845 25 93 91 30 100 57 13 48 53 101 2 
846 40 100 57 80 66 51 35 75 53 101 48 6 
847 24 91 35 30 31 
848 40 91 66 24 100 51 13 25 80 30 93 57 48 99 2 
849 24 100 13 80 99 31 48 46 75 86 101 82 
850 35 91 30 51 40 100 57 13 25 31 53 101 48 82 99 86 2 
851 40 24 100 51 35 93 57 13 25 86 101 48 6 99 2 
852 24 80 30 51 93 35 25 82 99 86 31 46 75 6 
853 66 93 80 24 100 51 31 69 2 101 6 82 
854 30 57 24 80 51 25 35 100 93 13 99 69 82 86 101 6 48 31 46 
855 80 91 100 51 93 25 57 40 82 48 31 6 46 101 
856 66 25 30 75 101 82 86 53 69 2 99 48 6 
857 40 100 93 25 30 57 13 91 86 31 69 82 99 75 101 48 53 2 
858 93 40 100 25 51 57 35 101 2 82 48 
859 91 66 51 93 25 100 13 80 35 99 86 101 6 82 75 
860 66 100 93 30 80 51 13 53 2 82 46 75 48 69 
861 24 40 30 13 80 66 51 25 86 31 69 2 6 82 46 99 
862 13 80 66 35 40 100 51 57 99 82 48 31 6 53 2 
863 51 24 13 25 91 66 93 57 99 53 75 86 69 6 
864 40 30 51 13 35 91 25 80 24 6 99 75 31 53 69 2 82 
865 13 40 80 66 93 91 100 57 69 53 6 
866 24 25 35 66 30 6 82 31 53 2 48 69 
867 40 25 100 57 93 35 99 101 48 53 2 75 31 6 46 
868 24 57 40 100 13 35 99 86 48 69 46 31 6 101 
869 24 91 93 13 80 30 51 40 25 99 53 6 82 101 69 2 75 86 46 
870 24 80 51 93 40 91 30 57 35 75 86 48 6 82 46 
871 80 91 100 93 57 13 35 66 51 99 101 31 53 86 6 82 69 46 
872 24 91 66 51 25 40 100 13 30 46 48 31 69 6 
873 24 80 66 100 57 13 25 86 2 6 82 31 46 75 69 
874 24 51 13 25 40 80 30 99 101 48 69 6 53 2 
875 24 91 51 57 80 66 30 100 53 6 31 2 86 69 82 
876 80 57 35 91 13 25 75 101 69 53 6 
877 66 51 25 40 57 35 53 69 48 75 86 31 82 
878 30 93 13 66 51 24 35 99 31 6 82 48 53 
879 91 93 57 40 100 51 24 75 101 46 69 6 82 
880 25 57 24 80 91 100 51 93 53 99 75 86 69 31 46 
881 66 100 40 80 91 30 93 101 82 75 86 31 2 
882 66 51 80 100 75 31 69 6 101 53 82 
883 80 100 93 57 40 99 75 53 69 101 31 
884 66 57 25 80 40 30 100 75 31 69 2 53 
885 80 30 93 13 35 40 57 86 48 31 82 101 46 
886 80 100 51 13 40 57 91 66 99 86 69 82 75 48 46 101 31 2 6 
887 24 66 100 51 57 13 35 91 40 25 101 2 6 46 99 69 86 53 
888 40 25 100 93 57 24 75 2 101 31 53 6 48 
889 40 66 100 13 80 93 24 69 6 46 31 82 
890 80 30 100 93 66 40 69 99 2 82 101 48 53 6 
891 66 30 93 13 35 40 100 24 48 69 6 82 53 
892 30 57 25 35 80 100 51 24 13 40 101 31 69 82 53 6 2 
893 91 35 24 40 30 100 93 57 101 48 31 69 82 46 6 75 2 
894 66 13 24 30 80 51 93 86 101 53 99 75 
895 24 80 66 57 25 100 91 93 35 53 69 99 75 48 6 82 86 31 
896 24 30 25 93 35 91 66 51 31 53 2 46 48 
897 51 40 24 57 25 82 75 48 
898 100 93 25 35 80 13 91 66 57 31 2 6 82 46 86 53 
899 51 66 13 24 40 91 93 25 35 48 31 99 75 86 53 6 2 82 46 
900 66 30 24 35 91 100 53 69 75 86 2 82 
901 91 57 24 80 30 35 51 93 13 25 48 31 53 99 101 69 
902 24 80 100 93 40 51 66 30 35 48 53 82 75 69 31 46 
903 24 91 100 80 13 35 66 25 86 75 101 31 2 82 
904 40 24 80 25 91 101 53 6 82 86 31 75 69 2 
905 91 66 51 57 13 25 93 40 80 24 100 35 75 101 48 31 53 6 69 2 82 
906 66 25 35 40 91 100 51 57 99 53 2 75 6 
907 91 80 30 100 57 35 66 25 86 31 82 48 6 
908 93 57 25 100 30 75 48 2 82 86 53 46 
909 24 30 40 91 66 80 93 13 25 86 101 31 2 46 99 75 48 53 82 
910 40 57 30 51 25 75 86 46 
911 35 80 100 57 40 91 66 30 93 13 99 101 46 86 31 
912 100 93 24 40 80 66 35 82 75 101 53 69 46 99 86 2 6 
913 30 13 40 24 93 25 69 99 101 53 46 6 82 
914 100 25 80 91 35 40 93 75 6 48 2 46 
915 24 57 91 66 93 35 75 82 86 31 46 99 69 
916 40 91 30 57 66 51 93 25 24 100 35 31 53 75 6 82 46 
917 91 66 93 24 80 30 13 25 99 48 2 69 75 86 31 82 46 
918 13 30 24 66 100 51 93 57 75 86 101 31 99 69 2 6 
919 91 66 93 40 51 13 24 75 31 69 86 101 6 48 53 2 
920 93 100 66 24 35 99 75 69 53 2 6 48 
921 80 13 66 51 91 40 57 69 82 75 2 6 46 
922 40 80 91 57 25 51 24 2 69 46 
923 91 100 40 93 57 80 51 24 101 48 31 69 46 53 99 2 
924 40 24 30 100 51 57 13 35 93 99 101 46 2 86 31 
925 40 91 66 30 100 51 80 13 35 46 99 48 31 69 75 6 82 
926 51 93 13 35 80 91 24 86 101 99 31 82 46 75 48 53 69 
927 93 57 35 80 91 30 40 100 13 25 101 99 75 53 2 48 69 82 46 
928 24 66 30 57 35 91 51 80 25 40 75 48 99 86 101 53 69 82 46 2 
929 93 57 35 40 80 66 100 51 25 86 101 31 99 48 53 2 6 82 
930 66 93 13 24 30 57 40 100 51 53 48 86 2 6 
931 57 25 80 91 30 100 93 66 13 53 86 48 69 2 75 101 6 
932 30 57 13 24 40 91 35 100 86 2 31 82 6 
933 40 80 66 25 93 100 46 101 53 
934 66 40 80 91 57 25 99 2 82 75 48 31 69 6 
935 24 100 13 35 91 66 51 48 53 2 46 69 82 
936 30 51 13 40 93 91 66 24 57 99 86 101 69 82 53 6 
937 40 80 100 66 30 51 57 25 91 13 75 99 101 53 2 48 6 46 
938 80 93 24 40 91 100 57 35 2 82 46 86 69 75 31 
939 24 57 13 66 53 2 31 75 86 101 48 
940 91 25 100 57 13 35 66 93 40 99 75 46 31 53 6 82 86 
941 40 93 57 35 80 51 13 24 99 75 6 53 69 82 46 48 
942 40 25 35 100 57 30 13 48 82 86 31 53 69 75 6 46 
943 40 25 24 93 57 13 35 80 91 53 69 46 2 82 75 31 6 
944 13 35 80 66 51 91 100 99 86 48 53 82 101 6 
945 91 25 24 30 57 80 40 13 86 31 6 75 53 82 101 
946 100 51 25 66 80 30 93 24 31 82 99 101 2 46 
947 66 93 25 40 30 100 35 51 69 101 48 31 
948 100 57 91 30 66 51 25 75 86 69 101 31 53 2 6 82 46 
949 30 93 25 35 80 51 24 13 99 75 86 48 
950 24 66 30 93 57 25 40 91 100 13 35 69 99 48 86 2 
951 91 51 93 35 80 100 57 40 25 82 75 86 31 53 2 46 101 6 
952 91 30 66 51 13 35 100 93 57 25 31 69 99 53 6 75 82 
953 91 66 51 35 24 100 69 46 101 31 82 
954 100 25 40 80 91 51 93 57 75 2 6 99 53 46 31 69 82 
955 24 30 25 80 13 91 100 51 93 99 75 69 2 6 101 48 53 82 
956 80 91 100 51 35 66 24 93 99 69 75 101 31 2 82 
957 66 35 91 100 25 82 75 101 31 69 2 46 86 48 
958 24 40 30 80 100 99 2 48 31 53 46 
959 24 40 100 93 57 30 13 101 2 46 99 48 82 
960 91 35 66 30 93 57 13 100 25 86 31 53 2 46 69 99 101 
961 24 51 57 80 100 35 66 6 75 53 86 2 46 
962 80 57 66 93 91 100 13 86 69 2 99 75 31 101 48 
963 30 100 93 91 66 35 80 24 13 75 86 48 53 69 6 82 99 101 2 46 
964 91 30 100 51 57 24 93 101 69 48 31 53 2 75 
965 91 93 57 13 51 25 35 31 6 2 82 
966 66 100 80 91 93 25 24 51 13 35 53 69 86 48 82 
967 91 51 24 66 30 80 93 25 101 48 46 31 2 6 75 82 
968 24 80 93 25 35 51 13 91 30 57 75 69 86 101 53 82 48 31 
969 66 30 93 91 51 80 100 40 24 57 25 35 48 69 2 6 75 101 53 46 
970 30 51 93 24 80 66 57 25 35 86 48 31 46 101 
971 24 66 25 80 57 30 93 13 48 82 46 86 6 2 
972 40 91 30 93 24 100 99 101 31 53 69 2 75 86 6 48 
973 91 93 51 13 25 24 57 40 35 86 46 101 53 
974 40 66 93 13 51 57 99 2 6 75 101 69 31 46 
975 24 51 25 40 91 35 100 57 13 53 2 101 69 6 
976 66 25 30 13 35 6 101 53 46 99 
977 40 13 25 30 93 35 31 2 6 53 82 46 99 75 48 69 
978 66 24 80 91 51 57 25 101 46 53 6 86 48 82 
979 40 91 66 100 25 35 99 53 
980 30 100 93 35 40 57 51 24 86 48 82 46 6 53 69 
981 30 93 57 35 40 25 99 86 82 46 48 53 31 6 
982 25 40 91 51 93 100 13 75 101 31 99 86 69 46 82 
983 66 30 100 51 93 25 40 53 99 2 69 6 
984 91 100 93 25 66 51 24 57 48 2 82 
985 80 91 66 30 57 24 99 86 31 46 69 
986 80 25 100 66 101 6 82 99 86 
987 57 24 40 80 91 30 93 13 48 69 75 53 6 46 
988 93 91 13 25 80 66 57 35 101 48 53 69 82 99 75 2 6 
989 66 25 40 24 80 100 51 57 53 2 46 99 75 82 48 
990 13 35 24 40 53 6 46 75 31 2 
991 40 91 66 30 25 13 24 100 48 69 2 31 53 46 
992 35 24 100 40 91 30 25 75 31 2 53 46 
993 57 24 91 30 100 86 101 53 69 46 99 31 6 75 
994 80 13 91 100 57 25 35 51 101 31 53 82 2 6 99 48 46 
995 30 93 57 51 35 80 91 66 75 2 82 99 86 101 48 6 46 
996 30 93 13 35 91 57 53 69 99 48 2 6 75 31 46 
997 91 66 80 51 93 13 25 35 24 48 99 86 101 31 2 53 69 82 
998 24 80 91 51 25 66 13 40 30 93 69 75 101 46 99 6 82 
999 100 24 40 66 93 35 80 30 57 25 75 48 31 99 86 6 
