0 46 103 15 77 69 55 84 12 56 57 41 79 24 92 23 42 
1 77 69 15 55 46 23 92 57 41 24 42 
2 46 77 69 55 39 19 35 23 10 38 62 57 41 42 
3 69 55 34 38 84 39 19 79 42 35 62 41 
4 69 15 55 35 38 41 24 32 19 12 56 42 92 84 62 
5 77 15 69 34 46 55 39 41 35 38 62 19 79 92 23 10 24 42 
6 103 69 72 34 77 46 55 84 23 19 42 56 24 92 35 62 41 12 
7 77 15 34 69 72 46 62 35 57 12 92 39 56 79 24 
8 72 34 103 69 77 39 12 56 79 57 23 35 
9 77 46 103 69 34 57 39 38 62 12 79 92 84 32 19 10 
10 55 103 69 72 15 34 57 12 24 35 56 39 32 79 
11 77 103 69 72 62 39 23 10 41 56 79 84 57 12 
12 103 69 15 34 55 35 62 12 10 92 39 23 32 79 41 19 42 
13 103 72 15 55 69 77 34 46 92 62 38 57 41 
14 103 69 38 35 57 10 42 84 39 23 12 
15 77 69 103 72 15 34 55 39 19 56 24 92 38 62 41 12 10 35 23 32 79 42 
16 15 46 69 34 77 55 92 32 19 10 42 38 23 56 62 41 79 
17 72 69 103 12 10 32 42 
18 46 55 77 69 15 84 23 56 92 38 42 62 57 39 32 
19 103 77 46 72 34 55 92 62 12 10 24 42 35 38 39 41 79 
20 77 103 34 72 46 38 57 32 19 10 35 41 92 62 23 12 79 24 42 
21 72 34 15 77 69 84 41 12 10 79 42 38 57 39 32 62 23 
22 77 69 55 56 42 84 62 79 92 35 32 
23 46 15 77 55 38 39 12 56 10 92 62 24 32 41 19 42 
24 69 72 34 55 92 35 12 62 23 19 10 42 32 79 
25 103 15 34 72 92 32 41 42 39 38 62 57 12 24 
26 69 72 77 34 92 35 32 12 10 42 62 39 79 41 
27 69 77 72 34 35 84 57 23 12 56 10 92 79 42 
28 69 34 103 72 77 62 41 10 84 39 12 56 42 92 35 57 23 32 19 79 24 
29 103 15 34 46 12 42 57 35 38 62 32 41 19 
30 15 55 46 69 72 35 38 39 19 12 10 79 24 92 32 42 
31 34 92 56 24 57 32 12 42 
32 69 15 77 34 55 92 38 62 39 35 84 23 41 12 19 56 10 
33 46 72 55 15 34 57 39 32 41 23 12 79 92 56 
34 72 15 34 103 38 32 84 23 19 57 12 79 42 
35 69 72 77 15 34 92 35 84 41 62 57 39 19 10 24 
36 72 55 46 103 77 92 62 39 79 24 35 38 57 32 41 42 23 19 10 
37 46 103 72 34 55 19 12 10 42 92 35 57 39 23 
38 77 69 15 34 92 39 12 56 10 24 35 84 32 79 
39 77 103 15 34 92 62 32 41 12 39 19 10 84 56 
40 34 69 15 62 57 23 19 12 92 41 56 79 38 39 
41 69 72 77 15 55 92 39 57 41 19 56 35 38 32 42 
42 103 15 34 92 35 39 56 10 24 57 23 84 
43 55 46 103 69 72 15 34 38 39 23 19 42 92 41 57 56 10 79 
44 69 15 55 23 32 41 42 84 57 39 56 79 24 62 12 
45 77 103 55 15 34 69 46 62 32 10 24 42 79 92 35 38 39 41 19 12 
46 34 77 69 84 23 10 62 32 24 92 57 12 
47 77 72 15 55 92 23 41 10 38 57 12 32 19 56 24 42 
48 46 72 15 55 103 69 34 38 41 23 12 42 92 35 62 39 10 
49 46 72 103 15 34 77 92 12 38 39 23 19 24 42 84 32 79 
50 69 55 77 103 72 15 35 41 56 62 57 10 24 39 19 
51 55 72 46 15 35 84 57 39 32 42 38 62 23 41 10 
52 46 103 55 69 34 57 39 84 23 56 19 12 42 
53 46 15 34 103 69 92 57 24 38 39 23 19 12 56 10 42 
54 15 69 39 12 24 23 92 57 41 19 79 
55 77 69 34 55 92 62 19 57 10 35 23 32 41 42 
56 77 72 15 34 55 92 56 79 62 19 
57 15 55 103 35 62 12 10 92 84 57 32 56 38 19 
58 46 55 72 34 92 57 39 19 35 38 84 62 23 56 24 10 79 
59 77 72 15 23 39 24 38 84 41 56 10 79 42 
60 34 103 15 77 55 35 32 56 24 84 39 23 12 10 79 42 
61 72 77 46 15 84 62 32 41 12 10 79 35 23 24 92 38 57 42 
62 77 15 55 103 69 46 57 23 12 56 32 24 38 39 41 19 
63 34 15 55 32 41 57 23 79 24 
64 77 103 72 34 69 46 35 39 56 24 10 92 84 57 23 32 42 
65 77 103 34 46 55 72 15 84 12 92 19 10 79 24 38 39 23 32 
66 69 34 103 72 15 55 84 62 41 19 24 92 57 56 42 
67 69 72 34 55 77 103 92 62 23 12 10 24 42 57 41 35 39 19 79 
68 34 72 15 103 55 84 12 92 38 23 19 10 35 57 
69 69 34 38 41 24 39 35 84 57 42 
70 46 103 69 15 72 34 35 62 24 92 84 57 23 41 19 56 38 79 
71 46 55 69 72 15 62 92 57 23 32 19 12 41 10 24 
72 77 72 46 34 55 15 84 19 38 62 
73 15 55 92 39 19 10 79 35 84 57 23 56 
74 34 46 55 103 72 15 12 10 79 24 57 19 23 56 
75 46 15 72 84 62 19 79 35 39 38 57 23 32 12 24 42 
76 34 77 103 72 35 62 12 10 24 57 39 23 79 42 
77 46 72 77 69 15 55 57 39 10 84 62 32 41 92 19 79 42 
78 15 46 72 34 35 12 10 79 23 24 84 32 
79 15 77 57 19 79 24 92 62 35 23 12 10 42 
80 15 72 34 92 57 32 56 24 42 19 35 84 39 
81 77 46 34 92 23 56 38 84 57 35 41 79 24 
82 15 103 69 55 77 57 56 24 39 79 92 38 84 62 19 42 
83 103 15 34 77 69 55 19 24 42 35 38 84 57 12 56 
84 77 46 69 103 62 12 24 84 32 41 42 57 23 56 10 79 
85 103 69 72 15 34 39 12 79 24 92 41 19 35 57 32 
86 69 55 72 38 84 24 42 92 56 10 79 23 32 19 
87 77 34 103 38 84 23 32 79 24 57 39 12 
88 77 72 15 34 55 84 19 79 92 57 23 32 35 62 41 12 10 42 
89 46 15 34 103 69 72 77 92 79 24 35 19 12 56 62 23 
90 77 34 72 55 103 15 35 41 19 56 32 12 24 84 57 10 79 
91 34 103 69 55 38 62 23 41 12 56 84 19 42 35 24 
92 69 77 72 55 46 15 23 41 56 10 42 38 84 57 92 19 12 
93 103 69 15 72 84 39 23 32 41 19 12 56 10 24 42 92 57 
94 46 34 77 72 69 55 35 10 57 41 38 62 23 19 79 42 
95 77 55 103 15 92 19 12 56 10 57 42 
96 15 55 46 103 72 92 38 23 19 56 79 84 12 57 24 
97 46 15 34 55 69 38 84 62 57 79 92 35 41 12 39 19 10 24 
98 69 55 15 103 92 62 57 35 23 56 38 32 24 42 
99 72 34 84 57 56 79 42 10 35 38 32 41 
100 72 69 55 103 46 23 92 38 57 19 79 24 35 32 56 
101 15 34 55 69 72 77 23 19 12 10 24 84 79 62 57 39 42 
102 46 77 34 103 15 92 38 62 41 39 84 32 24 
103 77 15 72 57 39 41 12 79 84 19 10 24 35 62 
104 77 46 72 15 34 39 12 10 84 57 23 41 19 
105 55 46 103 38 42 92 12 35 24 
106 41 19 92 23 56 35 32 79 42 
107 77 103 69 46 72 55 35 23 79 42 62 12 57 32 19 
108 46 55 69 15 77 38 39 12 92 35 84 23 10 24 19 56 
109 77 103 15 34 46 92 12 38 56 79 57 23 32 19 24 
110 69 77 15 55 103 46 39 24 62 23 32 41 12 79 42 92 38 84 57 19 56 
111 55 46 69 38 79 24 84 56 35 23 
112 103 34 72 69 15 57 32 10 92 38 19 56 79 42 84 39 
113 103 72 34 15 55 35 57 23 56 92 62 39 19 12 79 
114 77 103 72 15 57 56 92 19 12 24 62 23 32 
115 34 103 69 15 55 35 62 57 23 12 79 92 38 84 32 
116 77 46 103 69 15 55 79 92 38 84 57 32 10 62 23 41 24 42 
117 103 77 55 92 35 56 79 42 84 57 23 32 41 19 12 24 39 10 
118 46 15 69 72 34 38 19 79 35 39 32 12 57 10 24 42 
119 77 34 69 46 35 84 23 12 57 39 56 92 38 19 
120 103 46 55 69 84 23 10 42 92 24 62 56 79 
121 77 69 15 55 38 57 41 35 23 56 62 32 19 
122 77 72 15 34 103 57 19 56 38 84 92 12 
123 77 103 55 72 38 84 57 24 23 42 62 41 56 10 79 
124 46 72 69 77 15 38 41 79 42 56 10 35 84 
125 69 15 34 77 46 23 24 84 41 35 62 10 
126 34 46 15 55 77 92 38 62 39 23 12 41 19 56 79 24 84 32 10 42 
127 15 55 69 103 46 72 19 10 24 57 12 56 79 42 23 32 41 
128 46 72 55 15 34 84 39 32 56 24 62 23 41 79 
129 69 72 15 34 55 38 84 56 57 39 12 24 23 32 19 10 
130 46 103 55 77 92 56 10 42 19 38 57 39 12 24 
131 77 46 69 103 34 55 35 39 23 56 92 38 84 32 10 79 24 62 19 
132 103 55 72 46 15 62 23 32 41 19 38 57 56 35 42 
133 46 69 35 12 56 92 84 32 38 57 39 24 
134 103 46 69 72 15 55 34 62 12 92 23 32 42 35 38 19 10 79 
135 77 46 69 72 34 15 55 62 41 12 38 56 79 92 57 32 
136 34 77 103 72 46 15 84 19 24 92 57 32 12 79 62 10 
137 77 34 72 46 15 84 39 23 12 10 62 19 79 57 24 
138 46 55 77 103 15 35 62 57 19 12 10 32 92 84 39 
139 103 69 55 92 57 23 41 24 42 84 79 
140 69 72 15 103 55 79 42 35 38 62 39 32 41 92 23 56 10 24 
141 34 55 72 103 32 10 79 38 39 23 35 57 19 42 
142 77 46 15 55 69 84 12 56 79 35 57 19 92 32 41 
143 46 103 72 15 77 69 55 35 57 39 32 24 62 23 41 19 56 
144 55 41 35 84 56 10 42 92 23 24 
145 69 15 55 34 56 79 38 84 32 12 
146 69 46 103 62 56 24 42 92 84 57 23 12 38 41 10 
147 77 46 103 72 55 62 41 12 56 42 79 24 35 38 23 
148 103 46 69 15 34 38 23 41 56 79 24 35 57 12 
149 55 77 69 15 46 72 34 38 84 39 24 92 23 10 35 57 79 
150 55 77 46 69 72 15 34 38 84 92 35 10 19 12 
151 46 103 69 15 77 62 19 38 32 41 12 79 35 84 56 10 24 42 
152 69 15 72 46 103 32 79 92 57 39 23 10 24 
153 72 15 55 69 77 34 103 84 62 32 19 12 57 23 56 10 41 79 24 
154 103 69 72 15 92 35 24 23 10 62 32 79 
155 103 69 15 55 84 62 41 19 56 42 35 38 32 57 23 
156 103 15 55 35 38 23 32 12 84 79 57 56 24 
157 77 103 15 34 69 23 32 79 24 42 10 
158 46 103 72 34 35 23 84 39 24 42 38 19 56 10 79 
159 77 15 55 69 34 57 41 56 79 35 84 32 10 62 39 19 
160 46 69 72 77 34 38 19 56 62 39 84 57 32 
161 69 15 103 46 34 62 39 12 38 56 79 24 92 84 57 41 10 42 
162 77 15 103 69 72 92 84 12 57 38 23 41 19 79 24 
163 46 72 34 55 92 84 19 24 32 35 57 39 79 
164 72 55 46 15 77 38 62 41 56 57 12 35 84 10 
165 46 15 103 77 72 55 32 41 19 56 38 84 62 39 12 35 57 10 24 42 
166 103 69 34 38 39 12 79 24 92 35 32 84 23 56 42 
167 34 77 55 72 15 46 57 41 19 10 39 24 62 32 56 
168 77 72 92 84 56 10 42 38 23 62 
169 72 46 69 15 55 39 84 62 32 56 10 24 92 41 
170 46 34 72 84 62 39 32 56 92 41 24 
171 15 77 69 34 55 92 38 32 10 62 41 56 57 12 79 
172 46 72 55 77 103 15 35 23 32 12 56 62 10 42 38 57 79 24 
173 46 69 77 15 35 62 41 12 56 92 84 57 32 19 38 42 
174 46 72 15 69 34 55 84 38 41 24 92 35 23 32 12 10 79 42 
175 103 69 72 55 46 15 32 56 42 35 39 10 38 84 19 79 
176 72 55 46 84 23 32 38 62 39 41 79 35 19 12 10 
177 72 77 46 15 38 39 12 23 24 42 92 32 
178 46 69 103 15 35 38 57 32 41 79 42 92 84 62 39 23 19 12 24 
179 77 34 103 72 15 55 69 38 62 79 24 92 10 84 39 32 
180 46 103 69 72 55 77 34 62 10 42 38 57 23 84 32 41 12 
181 34 103 69 15 84 92 23 35 62 12 79 
182 46 34 69 72 55 35 57 10 62 79 84 39 56 24 
183 72 46 103 55 15 92 57 42 84 35 38 23 32 56 
184 46 69 84 57 56 24 42 35 38 39 23 10 
185 77 46 69 34 103 55 72 41 19 92 84 57 39 32 56 10 79 24 42 23 12 
186 77 34 72 15 46 55 35 84 23 32 42 19 12 92 57 10 79 
187 77 103 69 55 35 62 10 24 19 56 79 
188 46 55 69 103 15 77 56 92 62 23 32 12 24 57 19 42 
189 103 69 15 35 57 23 12 79 42 39 32 56 38 84 24 
190 34 55 72 103 92 39 56 62 57 19 79 35 38 41 24 42 
191 103 69 77 72 15 34 38 84 39 41 23 19 10 42 92 62 
192 46 72 34 55 103 92 35 39 41 79 38 84 19 24 42 57 23 12 
193 72 55 35 84 23 19 24 56 10 38 
194 77 69 15 72 84 62 39 23 79 24 56 10 38 57 12 42 
195 103 34 69 55 38 24 35 39 23 10 42 92 
196 55 103 77 72 12 41 92 39 10 79 
197 46 103 72 34 69 35 84 62 32 10 79 42 39 56 
198 103 69 72 34 55 15 57 41 10 62 24 84 23 79 
199 46 34 57 23 38 32 41 19 79 12 10 24 42 
200 72 15 34 69 38 84 79 24 92 57 10 42 32 12 56 
201 72 103 55 77 41 12 79 24 62 57 56 10 35 38 84 32 
202 34 46 69 15 38 23 32 41 79 39 56 57 12 
203 72 34 15 103 46 62 56 35 32 41 10 84 19 
204 72 34 46 77 55 103 15 35 32 92 38 84 41 24 62 39 19 12 10 
205 46 77 103 69 92 84 41 56 42 35 57 24 32 10 79 
206 69 55 103 77 46 72 92 84 57 39 12 41 35 10 24 
207 72 55 15 46 41 38 62 12 56 42 32 19 79 
208 103 72 55 46 34 77 92 57 19 24 42 38 39 84 62 23 41 56 
209 103 72 15 34 23 41 92 35 32 19 56 10 79 62 12 24 42 
210 77 103 15 34 69 72 32 41 35 38 62 23 12 
211 46 72 34 55 92 56 84 32 12 35 24 
212 46 103 69 34 72 55 32 12 56 10 35 84 62 79 
213 103 69 15 72 32 41 56 10 24 42 57 39 92 38 23 19 79 
214 55 103 72 15 92 41 38 57 39 19 56 84 32 42 
215 103 15 34 23 92 84 62 32 10 35 38 19 
216 46 69 15 72 55 35 62 56 10 79 84 32 19 42 38 23 41 24 
217 77 15 34 103 69 38 62 92 39 41 56 10 
218 77 34 46 15 55 57 12 92 35 19 10 42 62 39 56 
219 77 15 34 69 46 35 84 32 19 79 92 57 23 12 56 
220 103 77 69 72 15 34 84 41 24 35 38 32 56 79 
221 46 72 55 69 77 15 62 10 35 39 32 41 42 92 57 12 56 
222 46 55 103 72 77 92 39 19 56 10 24 32 84 62 41 42 
223 46 55 69 72 15 34 92 56 38 12 42 41 24 
224 34 15 92 79 35 84 57 23 41 56 38 32 12 10 
225 69 55 77 72 62 19 10 24 92 23 32 79 
226 46 15 34 69 77 103 72 55 92 38 41 57 39 32 10 35 23 79 
227 34 69 72 46 55 92 32 35 84 23 24 62 
228 77 72 34 103 15 35 38 24 62 39 23 41 12 79 84 
229 46 69 39 10 57 23 32 41 79 42 35 56 
230 46 77 34 69 103 35 38 62 39 23 56 79 42 92 
231 103 72 77 55 15 92 84 57 39 23 42 32 41 35 38 62 12 
232 69 72 46 55 57 10 79 92 35 38 23 12 
233 46 72 55 32 92 57 39 41 79 24 62 23 12 56 
234 46 103 72 15 69 34 84 56 62 23 79 38 32 12 42 
235 72 103 69 77 46 34 55 38 57 41 19 23 92 39 12 10 24 
236 69 72 34 15 46 77 35 84 23 12 56 38 41 79 42 
237 46 77 69 34 55 15 103 19 79 35 12 38 32 56 10 42 
238 77 103 69 72 41 10 24 35 23 92 84 57 79 42 
239 46 103 69 77 72 55 38 84 62 12 92 10 79 
240 103 72 55 15 34 38 32 10 24 35 57 41 12 42 92 84 62 39 23 19 
241 77 46 72 34 39 23 41 56 38 62 32 84 57 19 79 
242 69 34 35 19 24 62 57 39 32 56 42 92 23 41 
243 103 34 55 69 72 39 56 79 42 92 35 12 10 24 84 62 23 32 
244 55 103 69 46 84 62 12 92 39 23 79 32 56 10 42 
245 72 34 55 77 24 62 39 32 42 12 
246 46 55 103 15 72 35 79 24 38 62 41 42 
247 46 77 69 72 55 103 12 92 35 38 24 57 56 
248 46 55 103 77 39 56 92 57 32 41 42 
249 103 34 55 84 41 10 24 35 12 79 38 
250 46 72 55 92 35 38 32 56 24 57 41 12 10 
251 103 69 34 92 35 41 12 10 79 24 84 19 42 38 62 23 56 
252 77 46 72 69 84 62 19 79 38 39 23 32 41 10 
253 72 15 55 46 34 35 38 39 32 79 41 23 12 24 
254 72 103 77 55 42 38 62 79 92 84 19 12 
255 103 15 34 69 77 55 35 39 23 19 12 56 38 57 
256 77 46 103 69 55 92 57 23 56 38 42 84 62 12 10 79 
257 77 34 92 39 23 32 19 42 38 57 12 24 84 56 10 79 
258 103 15 92 38 32 19 57 12 79 42 
259 77 103 69 15 34 62 41 19 10 57 84 32 56 79 24 42 
260 103 34 69 15 92 12 56 10 42 24 84 32 19 
261 103 69 72 34 55 38 84 24 62 32 10 35 42 
262 46 103 77 72 69 84 56 42 38 57 39 19 79 92 62 23 12 24 
263 34 46 55 92 39 19 84 32 41 62 23 56 10 
264 69 15 34 55 103 77 35 57 23 41 79 62 32 12 38 24 
265 46 103 15 69 34 92 38 39 42 84 41 19 56 35 57 23 
266 77 55 46 35 62 57 39 56 41 10 23 12 79 
267 72 55 34 15 56 42 35 32 10 79 
268 103 72 15 34 55 38 41 92 39 35 12 56 
269 103 69 46 77 15 34 41 12 62 39 10 24 84 56 79 42 
270 77 55 103 72 92 38 84 32 41 19 12 56 79 42 62 24 10 
271 46 69 55 72 103 15 77 92 84 57 41 32 56 24 38 39 23 42 
272 69 72 15 55 57 38 39 23 41 12 24 62 32 10 
273 34 46 69 15 84 57 24 42 19 56 10 35 32 41 
274 69 34 103 55 72 77 38 62 57 41 32 24 35 39 23 12 
275 77 15 103 72 34 46 92 23 41 56 62 32 10 79 35 
276 46 103 72 15 34 77 55 38 84 39 35 62 19 79 24 42 
277 55 46 103 34 69 72 15 35 38 62 19 10 23 56 79 42 92 32 24 
278 77 103 69 72 55 15 34 24 38 41 12 79 35 19 10 
279 77 103 55 72 15 69 32 92 35 38 62 39 23 10 79 42 84 56 
280 77 15 34 55 69 46 38 84 19 56 42 92 35 23 12 10 
281 77 34 46 103 69 72 84 62 12 24 32 10 79 57 41 
282 15 34 46 57 92 84 39 41 62 10 24 
283 77 46 34 103 84 41 19 92 12 10 38 62 32 56 
284 46 69 19 92 57 42 62 39 41 56 79 
285 103 69 15 34 55 57 39 19 56 79 92 32 41 
286 46 103 69 77 15 34 55 92 84 62 39 23 12 38 32 42 35 57 19 56 79 
287 55 34 84 57 41 24 32 10 12 
288 92 62 41 56 42 35 10 79 38 39 23 24 
289 15 69 57 39 10 92 62 23 24 42 84 19 56 
290 46 103 69 55 77 72 34 92 62 57 39 42 35 19 12 10 24 23 
291 77 15 34 103 69 55 38 62 57 41 12 39 92 35 23 32 79 
292 103 55 34 72 15 35 84 32 79 24 42 38 39 23 41 10 
293 103 15 72 34 46 39 32 41 56 23 79 
294 77 34 69 46 38 62 12 24 39 23 56 
295 77 46 103 72 34 55 69 84 10 79 92 42 39 23 41 19 12 56 
296 15 34 72 55 35 23 56 42 92 38 62 57 12 84 39 41 19 10 79 24 
297 46 69 55 103 15 34 23 10 42 62 12 35 32 41 79 24 
298 72 15 77 55 92 57 19 10 42 35 41 56 79 
299 103 69 72 55 15 46 77 34 23 19 12 38 56 24 35 
300 46 69 103 72 55 77 15 92 35 38 12 23 79 62 57 32 
301 77 46 72 34 69 15 103 12 79 35 84 56 24 
302 46 15 69 34 55 92 84 32 41 79 62 23 19 10 38 57 12 42 
303 103 72 55 15 34 19 12 10 35 23 41 
304 34 46 103 69 62 39 12 56 92 41 32 79 
305 77 103 38 84 32 41 92 57 23 19 35 39 
306 55 69 15 46 35 32 42 38 19 56 79 12 24 
307 77 55 34 72 46 62 23 10 42 32 24 79 
308 103 72 34 69 23 12 92 84 39 32 41 19 10 
309 77 34 15 92 32 56 24 57 12 10 38 62 23 41 19 42 
310 72 77 46 69 15 35 57 19 42 12 92 84 62 39 23 41 10 79 
311 69 46 72 77 55 35 84 57 56 41 79 
312 77 72 46 12 92 38 23 32 84 57 19 56 10 24 
313 46 72 103 69 34 55 62 57 23 12 42 84 
314 15 34 55 92 35 62 41 12 10 24 56 79 
315 77 46 34 55 41 79 38 32 56 10 84 39 42 
316 77 46 69 72 41 19 12 38 62 39 56 24 42 92 35 32 10 
317 46 77 72 103 15 62 39 32 41 56 10 35 84 23 12 24 
318 15 77 55 103 84 62 57 39 41 19 23 32 56 92 12 79 
319 46 103 69 55 72 77 23 32 41 12 79 57 10 35 38 62 39 19 56 24 
320 77 103 34 55 57 41 12 62 56 42 35 84 39 19 24 
321 46 77 69 72 62 42 38 24 35 19 12 10 
322 69 77 72 15 34 19 12 79 35 56 42 62 57 23 32 
323 103 77 72 15 55 92 57 39 42 84 32 24 23 41 56 79 
324 46 69 103 77 84 79 24 62 41 92 38 23 12 42 
325 46 69 34 15 41 42 10 84 57 39 19 79 24 
326 46 103 72 15 57 23 19 12 56 62 32 41 10 42 
327 103 72 55 15 32 19 10 24 42 35 12 38 
328 72 77 69 34 55 35 84 92 39 41 79 24 42 62 10 
329 55 69 32 24 42 62 23 41 92 35 38 39 19 12 
330 46 77 103 34 55 32 56 92 39 41 79 42 
331 69 46 72 103 34 57 32 41 79 62 19 12 
332 77 38 39 23 56 79 92 35 84 57 41 12 
333 55 15 34 103 46 77 62 23 35 38 57 56 39 41 24 
334 15 72 55 46 23 38 79 39 32 12 
335 15 46 55 38 57 23 19 62 24 42 92 39 10 
336 103 77 69 55 92 39 23 12 24 38 62 57 19 10 84 79 
337 15 103 72 77 55 38 32 35 84 41 62 79 24 
338 103 55 46 69 34 92 62 32 56 79 19 35 38 84 12 10 24 
339 103 55 72 15 62 56 84 41 12 10 79 38 57 23 42 
340 103 72 34 69 46 55 35 32 24 84 10 79 57 39 
341 77 46 69 72 34 15 103 38 41 84 57 23 56 92 35 62 10 42 
342 77 15 46 103 69 35 39 84 19 12 56 10 79 42 32 
343 103 34 69 55 35 19 56 42 92 84 62 57 39 23 32 
344 15 103 46 77 69 55 92 41 56 38 84 57 79 62 39 23 42 
345 46 55 69 77 35 84 62 56 57 32 79 38 23 41 42 
346 69 15 77 55 23 32 92 62 57 79 38 39 41 12 56 
347 46 69 103 77 55 15 35 62 32 19 24 23 12 56 42 
348 46 34 103 69 15 23 41 19 56 10 24 42 39 
349 69 72 34 55 62 57 56 42 92 35 12 24 
350 72 103 34 77 15 55 38 84 39 92 57 56 10 23 32 19 
351 69 15 55 77 84 57 19 24 41 12 79 92 38 
352 77 103 15 34 92 38 62 56 84 57 41 39 32 
353 103 46 34 69 55 35 32 41 24 42 62 57 84 19 10 79 
354 77 55 46 15 34 35 41 79 38 19 24 57 39 32 10 
355 15 55 103 69 72 23 79 35 38 56 39 10 
356 69 34 103 72 55 39 56 10 79 24 32 41 42 35 62 
357 72 34 15 32 24 38 84 57 41 12 10 35 62 39 23 19 
358 103 72 15 34 46 92 84 62 41 38 23 32 19 56 
359 77 34 69 72 55 15 46 12 79 24 42 38 62 57 39 35 84 23 32 41 
360 34 46 72 103 77 15 35 38 84 10 24 62 19 42 12 
361 77 46 103 72 55 92 56 79 62 57 39 19 12 24 42 
362 46 69 103 35 57 56 38 12 62 32 42 
363 34 103 15 77 69 72 62 39 23 12 24 42 38 10 84 79 
364 69 72 77 34 55 92 38 79 84 39 32 10 
365 103 55 72 34 92 62 32 19 12 24 38 84 35 57 
366 46 103 69 77 72 34 35 57 38 84 56 10 62 39 41 79 
367 69 72 77 15 34 92 38 84 10 39 23 32 79 42 57 56 
368 77 15 55 92 84 62 23 42 35 38 79 24 57 19 
369 46 72 55 103 84 62 39 23 56 92 12 32 
370 77 72 15 92 62 12 56 10 35 57 42 23 79 24 
371 77 72 55 103 15 84 32 41 12 42 24 35 23 10 79 
372 46 55 69 34 38 62 32 19 42 84 57 23 
373 77 69 103 15 57 39 10 84 23 32 41 19 12 56 79 42 
374 103 69 72 15 77 46 34 35 62 12 10 79 92 84 57 41 24 
375 103 46 15 34 55 77 38 12 35 23 41 19 79 42 
376 46 55 103 38 84 62 56 10 23 41 12 39 
377 77 69 55 92 57 32 79 24 62 39 38 19 10 42 
378 15 103 69 34 38 62 57 23 24 19 10 32 12 79 
379 103 77 72 15 34 55 38 32 42 41 56 10 92 12 79 
380 103 15 55 34 35 57 32 79 42 92 62 12 56 41 19 
381 46 34 77 103 69 15 55 10 84 12 24 57 23 41 42 
382 15 55 69 46 92 23 41 56 84 19 12 79 
383 46 15 55 62 79 24 41 92 38 57 39 10 42 
384 77 72 34 46 55 38 84 41 56 42 19 79 
385 34 55 77 84 62 42 92 35 57 23 12 56 41 19 79 
386 46 55 15 38 57 42 84 23 56 92 62 19 12 10 
387 103 69 77 15 34 55 92 62 39 32 19 56 10 23 12 24 42 38 41 79 
388 34 77 69 12 56 24 57 19 10 42 38 
389 77 46 103 69 15 92 38 23 12 41 24 62 39 10 79 
390 77 34 69 72 15 46 56 10 79 42 39 32 12 84 41 
391 77 69 34 92 35 84 41 79 42 38 39 23 
392 77 72 55 34 92 84 39 23 41 12 57 32 24 
393 69 72 34 55 35 57 39 32 12 79 62 10 24 92 38 84 
394 69 34 103 55 79 42 38 84 62 39 19 10 57 23 32 12 56 
395 46 69 34 103 15 92 84 32 19 56 79 24 35 10 57 23 41 12 
396 77 69 15 103 72 55 34 23 41 39 42 92 32 12 
397 69 72 15 103 77 34 55 35 38 62 39 92 32 10 84 23 41 56 79 24 42 
398 77 103 15 34 62 23 41 39 19 79 35 57 32 
399 77 55 34 84 32 12 38 62 57 23 41 39 24 
400 15 46 77 103 69 72 39 56 12 10 79 84 23 32 
401 103 34 55 46 72 32 12 56 10 57 79 84 23 19 
402 77 46 103 69 72 34 39 56 79 92 32 41 38 84 62 19 
403 77 72 34 92 10 62 56 24 42 38 57 23 41 
404 46 103 72 34 55 12 56 42 92 35 62 23 57 32 41 24 
405 72 15 34 39 41 19 12 79 35 
406 69 46 38 62 57 56 35 84 92 23 19 79 24 
407 69 15 55 35 62 23 84 57 19 32 56 42 
408 46 55 69 34 84 56 10 79 12 42 35 32 41 
409 46 103 69 55 38 62 12 35 32 42 84 57 41 56 79 24 
410 46 15 72 57 24 42 62 39 32 19 56 23 41 12 
411 46 103 77 72 15 35 39 23 32 12 92 57 41 19 24 
412 46 77 15 19 10 79 24 62 57 23 56 42 84 41 
413 69 72 55 92 39 56 84 23 32 19 12 79 
414 77 34 103 15 55 23 84 62 39 19 10 32 24 42 
415 72 34 103 46 35 38 12 62 57 39 32 42 41 19 56 10 24 
416 69 15 55 103 34 77 92 38 35 41 56 42 62 39 24 
417 46 103 69 34 55 72 38 62 10 79 41 19 12 
418 77 46 103 72 55 39 24 19 62 57 12 56 10 79 
419 15 46 103 84 23 57 32 19 39 41 12 79 
420 15 55 103 69 72 32 12 92 62 39 41 24 
421 77 103 72 55 38 56 79 92 84 41 19 10 39 23 
422 46 69 15 72 55 10 38 41 35 62 56 
423 77 69 34 103 23 32 79 38 42 92 35 84 39 41 19 12 10 
424 55 46 72 15 34 103 69 77 62 12 32 24 42 92 84 57 39 
425 77 55 69 46 15 34 38 39 23 84 41 62 
426 77 46 69 103 32 12 79 24 35 38 57 10 39 23 41 19 42 
427 77 34 41 19 56 10 57 24 38 23 32 42 
428 77 55 69 23 19 62 41 12 79 57 39 10 24 
429 77 69 34 103 55 62 39 12 10 24 42 92 84 23 19 79 
430 46 69 55 103 77 72 15 38 57 23 39 56 10 24 92 84 12 79 42 
431 77 46 72 34 103 35 23 79 42 32 19 92 62 57 41 12 56 10 24 
432 46 34 72 103 38 32 12 42 41 19 10 
433 103 77 69 55 92 41 24 38 39 12 84 23 19 
434 77 15 34 72 55 46 23 35 39 19 24 
435 103 15 55 92 19 79 24 42 35 56 
436 77 34 72 15 55 38 39 92 84 23 41 19 56 24 42 
437 15 34 35 39 32 10 42 23 41 19 12 79 38 84 62 56 24 
438 46 77 72 15 34 92 62 39 57 19 56 42 35 38 32 41 12 
439 55 103 77 23 92 57 19 38 84 62 39 
440 77 15 69 72 35 23 10 84 62 41 42 38 57 39 19 
441 72 46 32 38 84 62 19 24 35 57 39 56 
442 77 72 15 55 103 69 35 57 12 56 79 38 10 
443 46 15 55 103 72 41 10 92 38 84 57 12 24 42 62 79 
444 77 46 69 103 15 34 55 84 57 42 62 23 32 56 79 24 10 
445 103 46 15 38 39 41 57 32 19 79 84 23 10 24 
446 103 72 34 55 35 10 38 57 56 79 24 42 92 84 62 39 23 32 
447 77 46 103 69 39 23 32 57 41 10 42 84 19 56 
448 15 34 103 69 92 35 57 39 10 38 32 24 42 84 62 12 56 79 
449 46 77 69 92 56 38 84 39 12 24 35 62 57 41 10 42 
450 69 72 15 38 62 32 42 35 12 79 24 92 41 19 56 10 
451 55 77 34 92 35 10 24 42 84 62 56 
452 55 46 103 72 15 92 62 39 57 24 84 41 79 
453 46 34 55 69 32 19 56 79 38 57 39 
454 77 72 46 103 69 23 19 92 35 84 62 57 41 79 
455 77 69 46 72 55 84 57 24 42 39 23 32 10 
456 72 69 103 55 84 57 32 12 92 38 62 39 41 
457 34 55 39 23 32 19 12 24 62 57 35 38 41 56 42 
458 77 72 55 69 34 57 39 41 56 38 62 23 32 24 10 79 
459 72 55 103 69 41 42 84 39 10 79 24 
460 46 72 15 62 92 12 42 57 23 79 
461 69 34 103 77 15 46 38 57 32 10 39 41 12 19 
462 15 103 34 12 56 79 92 41 38 57 39 10 
463 69 72 77 103 15 84 42 92 62 57 10 79 
464 46 103 72 15 55 35 24 92 38 84 39 41 12 10 
465 55 15 72 77 41 12 56 10 42 57 39 92 23 32 79 
466 55 69 72 34 77 84 62 12 32 57 23 19 79 
467 34 69 46 35 84 62 92 56 38 32 
468 15 34 103 77 46 55 62 39 12 79 24 84 41 10 42 92 38 19 56 
469 46 55 72 77 34 92 32 79 39 38 84 62 
470 77 55 34 38 62 39 84 57 23 56 42 35 
471 77 34 55 103 23 56 10 57 35 62 24 42 
472 72 34 77 92 38 84 57 23 10 62 32 41 19 56 
473 72 34 69 77 46 23 41 38 57 12 79 42 35 84 32 
474 77 103 15 34 46 55 69 84 41 12 56 92 35 39 23 19 42 57 32 10 
475 77 72 103 15 55 38 39 10 24 42 62 41 92 23 32 12 79 
476 69 46 103 72 55 38 84 32 79 42 23 19 56 
477 77 46 69 72 15 34 55 38 57 19 24 42 92 35 39 23 79 
478 15 55 103 34 35 38 84 62 19 12 79 42 57 32 41 
479 103 72 34 38 32 19 10 24 35 42 92 84 57 12 56 79 
480 72 15 34 103 46 35 12 56 92 57 39 23 79 41 10 42 
481 77 46 34 15 38 24 62 19 12 79 57 23 32 
482 69 72 46 92 84 57 19 39 56 24 42 
483 46 77 69 55 72 62 57 39 41 12 56 79 84 23 32 24 42 
484 55 15 92 35 38 32 19 12 10 79 42 84 56 62 41 
485 72 55 69 77 92 32 24 57 84 19 10 79 
486 103 72 69 15 38 57 32 12 92 35 39 62 19 56 
487 72 15 34 55 103 69 19 38 41 12 10 79 57 39 24 
488 77 103 15 55 72 39 79 62 32 19 38 84 23 12 10 42 
489 55 77 46 34 69 72 57 32 42 35 79 38 84 23 41 
490 103 15 55 77 34 23 32 19 24 92 38 57 39 12 35 10 79 
491 77 46 103 34 55 72 38 32 56 24 42 35 57 39 41 19 10 79 62 
492 103 15 46 55 72 77 35 39 38 57 41 24 19 12 10 79 42 
493 55 77 103 72 15 35 38 39 41 12 10 57 23 32 56 
494 46 103 55 69 15 62 35 39 41 56 57 23 32 19 79 42 
495 77 69 15 34 103 72 55 46 39 12 92 35 57 23 41 56 79 24 84 62 10 42 
496 103 72 15 34 55 77 69 84 62 41 56 24 42 92 35 39 23 12 
497 69 15 34 103 46 55 10 42 38 23 79 
498 77 103 34 46 92 84 62 19 12 38 32 41 56 79 24 42 
499 103 72 34 39 19 10 57 41 79 35 84 23 32 42 
500 103 72 46 55 39 23 79 35 32 38 10 42 
501 34 77 15 103 55 23 35 12 56 79 42 38 10 
502 34 77 103 69 15 46 72 55 38 10 92 32 41 12 84 57 39 56 79 24 
503 15 55 69 77 57 56 10 42 39 12 84 79 
504 15 34 55 77 57 12 56 10 79 92 32 42 23 41 19 
505 15 34 55 77 46 38 39 12 10 79 62 23 32 41 24 42 
506 103 72 55 15 77 92 84 41 19 10 42 35 62 23 12 56 
507 55 46 34 57 23 12 79 84 41 56 92 35 32 19 
508 77 34 84 23 41 19 42 38 62 32 79 
509 46 69 72 15 55 56 24 92 35 84 62 10 79 32 42 
510 46 34 103 15 23 79 92 84 39 41 19 
511 77 103 34 69 46 62 57 23 10 42 92 84 39 32 79 35 38 19 
512 77 46 34 103 72 23 24 92 42 38 84 41 12 
513 15 55 46 69 34 77 92 35 41 19 10 79 56 24 12 
514 55 15 34 103 38 39 32 10 92 41 19 84 62 57 12 56 79 
515 46 15 77 72 34 38 92 84 57 39 23 41 32 19 12 56 10 24 
516 72 34 77 69 46 55 57 92 32 41 79 
517 34 55 77 72 92 57 56 32 19 42 38 84 23 24 
518 77 69 32 12 42 39 41 24 92 19 10 79 
519 77 34 69 46 35 32 12 79 23 41 56 57 24 42 
520 72 55 77 46 39 19 56 92 84 57 23 41 12 35 38 32 10 
521 77 46 15 34 55 92 32 41 10 79 39 19 35 84 62 42 
522 69 34 103 72 15 92 35 84 41 19 38 57 39 23 32 
523 34 77 69 72 55 32 24 42 35 62 57 39 10 92 84 56 
524 55 77 72 15 38 62 79 24 57 32 56 41 19 12 10 
525 77 15 46 34 92 32 41 38 57 23 19 12 56 42 
526 77 69 12 39 41 56 10 24 35 38 62 32 
527 46 69 72 55 92 32 24 41 38 62 12 42 
528 103 69 15 77 55 92 41 56 62 57 23 38 84 39 32 24 
529 72 69 55 77 34 92 35 84 23 32 19 38 79 24 42 41 12 
530 46 34 69 72 15 103 77 55 38 84 62 39 32 12 56 42 92 57 23 24 
531 46 72 103 55 92 39 32 56 24 84 57 23 12 10 42 35 62 79 
532 77 46 103 34 62 56 38 12 92 39 32 19 10 
533 34 46 55 32 12 79 35 62 19 24 57 39 56 
534 69 77 15 84 41 12 56 42 24 38 62 79 
535 69 72 15 103 46 55 84 23 32 12 42 57 41 10 24 
536 34 72 15 103 69 55 84 39 41 62 12 56 10 24 42 23 32 
537 72 46 103 77 34 69 57 39 10 84 41 79 24 
538 15 55 72 34 103 92 57 32 41 12 56 79 62 19 10 42 
539 72 15 103 39 23 19 38 41 92 32 12 56 79 
540 15 34 55 92 62 39 19 38 56 10 
541 46 69 15 72 34 103 39 41 19 12 79 57 10 92 35 38 62 23 42 
542 69 46 103 55 57 39 56 35 24 38 62 32 19 
543 15 77 103 69 23 32 35 84 57 19 12 10 24 42 62 41 56 
544 46 77 103 72 57 42 38 62 19 32 41 10 24 
545 69 72 103 34 35 62 79 24 23 12 56 92 38 39 41 42 
546 77 103 15 69 46 72 92 19 38 57 10 41 
547 103 72 55 84 39 56 35 38 23 12 10 79 24 57 41 19 42 
548 55 46 77 35 84 57 23 12 79 92 62 39 56 
549 34 46 55 35 84 32 12 56 23 92 57 41 19 24 
550 103 46 72 69 92 62 32 41 39 23 12 38 57 10 79 
551 77 46 92 12 79 38 62 10 42 39 32 24 
552 46 103 34 12 10 42 38 84 19 35 39 23 56 
553 69 103 84 62 56 24 38 42 92 39 23 19 
554 103 15 72 69 46 34 55 35 39 19 62 12 56 79 92 38 23 10 
555 77 15 72 103 35 19 84 39 10 38 32 12 
556 15 34 55 46 103 72 32 19 24 56 10 79 42 84 39 
557 69 77 46 72 15 55 92 35 23 57 19 38 79 
558 103 72 69 34 55 46 77 15 57 39 32 41 10 92 84 62 12 79 42 
559 103 55 34 38 57 19 92 62 10 42 35 84 23 
560 77 34 41 24 57 39 23 92 38 84 12 10 
561 69 72 34 35 12 92 62 23 32 84 57 19 56 42 
562 103 72 77 46 15 34 42 19 56 24 35 38 23 41 12 
563 15 46 34 69 77 35 38 62 84 39 32 41 10 24 92 57 19 12 79 
564 77 46 103 69 15 55 34 35 57 39 56 42 38 23 41 79 84 32 24 
565 77 103 34 69 46 84 62 57 23 24 39 19 79 
566 77 15 55 72 41 92 38 10 24 42 62 57 39 56 79 
567 77 34 69 84 32 56 38 41 19 79 35 39 
568 77 15 69 34 46 41 56 62 12 79 24 
569 72 69 92 38 23 79 84 62 39 56 10 35 57 32 41 
570 55 103 69 46 92 35 57 39 41 56 79 42 62 32 12 10 24 
571 55 34 103 15 46 77 84 62 57 12 92 38 23 24 39 42 
572 15 55 103 92 19 79 12 56 24 42 84 23 32 
573 46 72 15 103 69 10 39 32 19 92 23 41 
574 69 77 15 55 103 38 84 39 32 12 24 57 19 10 
575 46 103 34 72 15 77 69 57 23 19 10 79 38 39 32 12 35 56 42 
576 77 103 69 34 55 15 56 42 84 19 10 24 57 12 79 
577 46 72 34 39 41 19 12 10 24 42 57 23 32 38 84 79 
578 103 34 72 15 12 10 79 24 35 62 38 84 57 39 56 
579 46 72 15 57 10 79 84 62 23 12 42 35 38 
580 77 69 34 55 103 57 23 12 10 24 38 84 62 32 42 
581 77 15 69 34 55 84 57 23 32 19 79 92 38 56 35 62 39 41 10 
582 77 72 15 55 46 92 84 57 32 56 35 39 23 19 12 10 
583 46 34 41 38 39 56 79 62 57 32 19 10 
584 103 72 15 46 69 77 23 19 56 35 57 12 79 42 38 62 39 41 10 
585 77 15 46 34 32 56 79 38 23 41 12 10 24 
586 77 72 34 55 69 46 92 38 62 19 24 35 41 56 79 84 42 
587 46 15 103 55 72 32 12 79 10 24 84 39 23 19 42 
588 103 55 15 38 62 41 19 12 79 92 57 10 84 39 56 42 
589 77 69 103 34 55 72 62 23 24 92 84 57 39 41 19 12 79 42 
590 77 103 15 34 55 46 72 92 84 19 42 62 32 41 79 39 10 
591 103 15 55 72 77 34 84 41 24 92 38 62 10 42 57 39 12 
592 103 55 46 34 92 62 23 41 56 79 19 12 39 10 
593 46 77 103 72 79 24 42 62 57 39 23 10 41 12 56 
594 15 72 24 35 23 92 62 32 41 10 
595 72 46 34 35 39 12 24 41 84 10 
596 69 34 46 55 72 62 12 10 41 24 84 39 32 
597 46 34 92 38 84 23 56 24 32 79 62 10 
598 69 72 46 15 103 77 62 39 23 32 12 56 84 41 38 24 42 
599 77 46 103 55 79 84 39 62 41 
600 72 34 55 69 103 79 23 12 56 24 42 35 84 19 
601 72 34 62 39 23 32 79 42 35 41 
602 55 77 69 41 92 57 39 79 62 12 24 
603 103 69 55 62 57 23 84 19 79 39 41 10 
604 55 77 46 69 15 56 10 42 38 23 24 84 62 12 79 
605 72 35 62 57 79 12 24 92 84 23 32 41 42 
606 77 69 46 55 84 23 41 92 38 32 56 10 35 57 
607 55 103 69 72 92 57 39 32 12 84 41 19 56 10 79 
608 69 72 55 92 19 12 35 32 38 39 79 
609 77 69 72 103 46 34 55 92 38 62 57 32 19 84 41 12 56 79 39 23 10 
610 46 103 55 34 72 15 35 84 23 12 56 79 24 19 42 
611 77 103 55 15 84 32 19 92 35 79 38 41 12 56 10 
612 46 55 69 15 77 35 57 32 56 92 38 41 42 23 79 
613 103 15 34 69 39 23 32 12 79 42 62 41 10 38 24 
614 77 46 103 69 72 15 34 55 38 84 32 79 41 10 42 92 39 12 24 
615 69 72 15 77 38 41 92 12 23 19 
616 34 55 15 35 42 84 57 23 79 24 
617 77 103 72 69 35 38 10 79 39 84 32 41 56 42 
618 77 72 15 34 38 42 92 84 57 41 10 24 35 23 19 
619 77 103 72 34 55 92 62 10 39 12 56 
620 77 46 69 72 34 55 92 35 84 39 23 19 12 42 
621 69 72 55 92 35 19 56 84 62 57 32 41 79 42 
622 72 69 77 34 55 35 38 42 62 57 32 41 19 12 56 10 79 
623 77 69 34 55 92 39 32 62 57 12 42 35 23 
624 69 46 72 77 34 55 92 62 32 38 84 57 23 35 19 56 42 
625 34 46 55 23 92 38 62 57 41 56 79 32 
626 103 55 77 34 10 35 57 39 32 42 84 12 56 79 
627 103 34 55 77 69 15 92 41 19 79 39 32 56 57 10 24 42 
628 46 77 69 15 10 24 23 32 12 42 38 62 56 79 
629 72 46 77 34 103 38 32 10 92 56 84 23 41 24 42 
630 103 34 69 72 15 55 62 56 42 12 79 38 84 57 23 41 19 
631 46 77 15 23 41 24 42 84 39 10 92 35 
632 77 15 34 41 38 23 56 79 24 42 92 
633 46 69 34 72 103 15 55 62 23 41 19 24 92 57 32 79 42 
634 72 77 69 15 46 84 32 41 10 24 57 12 56 42 35 23 79 
635 55 34 39 41 10 24 
636 77 72 55 15 103 57 32 12 79 24 84 10 
637 46 103 34 15 35 39 24 10 38 19 12 56 
638 46 69 72 103 12 24 39 41 19 84 57 23 
639 15 77 69 72 34 38 23 41 24 92 32 84 62 19 56 79 42 
640 46 103 15 34 55 92 38 62 12 35 57 39 23 10 79 24 42 
641 15 34 46 84 57 10 39 32 24 35 38 23 12 
642 69 72 55 77 34 92 38 57 39 41 42 19 79 84 32 12 56 10 
643 46 77 72 55 62 32 24 92 84 39 56 23 
644 77 46 34 69 15 55 41 12 56 10 38 84 23 19 32 79 42 
645 77 46 72 55 57 23 35 32 19 56 10 24 92 39 41 79 
646 46 77 15 34 55 41 19 56 39 32 35 38 
647 46 72 77 55 103 92 38 84 41 10 62 19 24 42 
648 77 46 103 55 72 92 84 62 23 32 19 12 56 42 38 57 39 10 
649 103 72 77 55 57 41 12 56 10 42 92 39 32 23 19 
650 77 72 46 103 55 15 34 39 35 32 41 12 10 
651 46 77 69 15 34 55 84 39 32 56 24 42 35 62 79 38 23 12 
652 77 103 72 34 46 15 92 56 79 24 23 19 39 32 41 
653 72 103 69 55 15 34 84 39 23 62 57 12 10 24 19 42 
654 46 103 72 34 15 55 35 39 23 42 38 57 19 24 84 32 56 10 
655 103 15 34 55 69 72 62 57 12 35 38 79 42 
656 69 72 46 103 62 57 32 19 12 84 23 41 56 79 92 42 
657 103 72 55 77 46 24 42 84 12 79 57 39 19 56 
658 77 103 69 34 15 38 41 79 35 57 39 10 92 84 62 
659 77 103 34 46 55 84 19 12 10 24 23 92 38 32 42 
660 69 46 103 55 72 15 34 38 41 42 35 62 39 23 24 92 56 
661 103 34 15 92 84 23 41 42 32 56 79 62 39 10 
662 103 15 34 69 72 46 55 32 12 79 35 38 84 62 41 19 
663 72 55 103 34 46 35 38 92 62 57 23 19 10 24 39 32 12 42 
664 15 34 19 56 79 92 62 32 
665 46 103 34 55 77 15 39 23 19 24 92 35 84 62 57 56 10 32 41 12 42 
666 15 77 69 103 46 55 57 23 32 41 19 12 56 24 42 92 38 
667 69 15 77 34 72 46 41 56 10 42 19 24 35 32 12 
668 46 103 77 72 15 84 57 42 39 23 41 
669 77 103 34 46 15 69 55 19 84 12 42 39 
670 77 103 69 34 55 84 41 19 56 57 10 92 
671 15 34 72 77 69 84 32 19 12 92 35 38 41 79 24 39 
672 46 69 103 77 55 34 84 41 12 92 57 23 38 32 10 24 
673 103 72 15 57 23 10 79 39 92 35 62 12 
674 55 34 103 72 15 77 35 57 23 32 19 56 12 24 92 39 41 10 42 
675 77 15 55 62 19 92 38 39 24 84 57 41 12 
676 46 69 103 15 35 84 39 56 24 57 32 92 41 19 12 42 
677 72 34 15 62 57 39 56 10 24 42 23 32 35 84 12 79 
678 103 15 34 69 46 77 92 84 10 19 79 57 39 
679 72 103 69 34 77 46 35 84 57 19 56 10 24 32 79 92 38 62 23 41 12 42 
680 46 34 69 72 77 55 84 32 41 12 35 38 62 57 56 92 19 10 
681 77 46 15 72 55 35 39 19 84 12 24 10 42 
682 72 34 103 55 77 69 46 32 12 35 57 79 92 38 56 
683 72 55 15 84 57 39 38 23 32 41 56 24 42 35 62 19 
684 103 72 34 32 42 38 84 57 19 92 24 
685 77 72 34 69 15 55 41 19 10 62 24 42 92 84 57 39 23 12 79 
686 46 72 92 32 12 79 24 38 62 56 42 39 19 
687 77 34 72 46 55 15 24 84 39 92 35 19 10 79 
688 55 72 15 77 35 57 39 23 10 79 24 42 38 84 41 19 12 
689 69 77 103 46 79 42 84 57 56 10 
690 77 15 69 55 46 34 92 35 10 32 56 24 42 38 
691 72 55 46 69 38 12 24 39 19 56 10 79 42 
692 77 15 72 32 92 23 41 19 79 24 38 57 56 10 
693 77 69 15 55 72 46 57 39 12 42 92 35 62 10 79 24 
694 46 72 15 34 55 57 39 41 56 10 92 38 84 23 19 24 42 
695 72 34 46 15 55 57 32 35 84 79 62 19 24 
696 77 69 72 34 92 84 57 39 19 62 10 79 32 41 56 
697 77 15 34 69 46 35 62 23 10 84 57 56 38 39 32 79 24 42 
698 77 103 15 55 92 62 32 42 35 39 41 19 10 24 38 23 56 
699 69 72 15 35 38 39 19 12 24 92 23 56 42 
700 69 15 103 34 62 10 24 35 84 56 39 41 
701 46 103 72 15 34 23 41 19 12 79 92 35 32 
702 46 72 55 103 77 62 32 19 12 38 23 56 24 42 
703 46 72 103 55 15 34 32 57 79 42 38 62 39 19 12 10 24 
704 77 69 55 15 46 35 23 32 10 38 19 56 92 62 57 41 12 
705 69 55 15 77 84 57 39 10 42 92 32 56 79 23 12 
706 46 69 77 15 12 35 38 84 39 41 24 42 62 23 56 10 79 
707 77 72 34 15 46 38 84 62 56 42 79 24 92 39 41 
708 77 69 15 103 46 34 55 92 57 56 24 62 23 41 12 42 39 19 
709 55 103 46 69 72 19 10 32 79 24 42 38 62 23 12 56 
710 15 34 69 103 46 72 77 39 41 56 79 35 23 32 24 
711 46 38 32 79 39 62 10 42 
712 69 15 103 46 55 84 24 42 35 41 56 92 38 19 
713 46 34 103 72 62 42 23 12 79 92 38 84 24 
714 77 55 72 92 35 23 10 79 62 12 56 57 19 
715 69 103 72 34 46 41 38 19 12 57 10 42 
716 77 34 55 72 103 46 57 12 56 79 35 84 23 19 42 62 32 41 
717 46 55 103 34 77 35 32 19 12 10 23 56 42 92 38 84 57 
718 69 15 46 55 77 92 38 39 24 57 84 62 23 32 19 42 
719 103 34 15 77 62 57 32 10 79 41 19 12 56 92 
720 55 69 15 103 46 77 92 23 79 57 24 38 62 
721 103 69 15 38 32 19 42 92 84 23 10 24 
722 77 103 15 72 69 46 92 39 32 19 24 35 84 62 57 10 38 56 
723 77 15 72 84 57 32 79 42 35 23 19 56 12 10 
724 69 72 77 103 46 38 23 19 12 79 92 32 84 62 39 42 
725 69 72 46 103 35 23 24 42 92 57 39 32 41 12 79 38 62 
726 15 46 34 84 23 19 24 35 12 79 92 38 10 
727 103 72 15 77 69 55 32 10 79 42 92 62 23 41 24 84 57 56 
728 69 92 57 84 39 32 35 12 10 24 
729 15 55 72 34 103 46 92 39 23 24 42 57 19 12 32 79 
730 46 103 72 69 15 84 57 79 92 35 38 62 39 12 56 10 
731 103 15 69 35 39 23 41 42 12 24 92 38 19 
732 34 55 103 62 19 56 10 79 32 92 12 24 
733 77 46 72 15 69 92 84 62 57 19 12 42 23 
734 46 55 72 15 77 39 12 35 57 23 10 79 24 32 41 56 
735 77 72 15 69 103 92 38 12 57 23 41 79 39 32 56 
736 34 103 55 46 62 12 24 35 38 39 32 41 56 79 42 84 57 19 
737 69 55 23 56 38 84 12 10 19 24 
738 46 72 34 55 69 38 84 32 19 42 41 24 35 62 12 
739 46 77 55 72 92 38 23 24 57 56 10 42 
740 77 69 15 103 46 55 35 39 32 10 42 41 19 79 38 57 23 12 
741 103 15 46 55 41 19 12 79 24 62 23 32 56 57 
742 55 103 34 35 84 32 24 42 38 39 23 41 56 79 
743 77 103 72 84 56 10 79 35 62 57 23 32 41 24 42 
744 46 103 72 55 69 15 34 92 35 38 57 23 84 32 56 79 24 62 41 
745 15 46 69 34 39 32 84 19 12 24 57 56 
746 34 77 69 15 46 92 23 41 12 38 19 56 57 79 
747 77 15 46 55 39 19 10 24 92 57 84 62 23 41 12 56 79 
748 46 77 69 72 34 55 92 57 32 12 19 10 42 38 62 39 79 
749 69 34 55 72 84 12 79 42 92 57 23 24 62 19 10 
750 34 103 72 77 55 35 32 84 39 19 57 23 41 12 10 42 
751 77 34 32 19 10 35 38 62 39 56 92 84 79 42 
752 103 72 34 77 46 57 39 19 38 62 32 41 12 79 35 23 42 
753 46 103 15 55 77 69 34 57 39 56 24 84 79 42 92 35 19 
754 103 72 77 15 34 62 79 38 57 39 23 32 12 56 24 
755 46 103 55 39 56 10 57 23 79 24 
756 77 103 72 55 69 35 23 41 56 79 38 57 24 39 
757 103 46 69 15 55 12 35 39 19 10 23 41 56 79 
758 72 15 46 34 69 55 84 32 42 92 62 19 79 56 
759 46 77 103 62 19 24 92 56 35 84 39 41 10 
760 77 103 69 72 34 55 38 10 79 84 62 23 19 56 35 32 41 12 42 
761 77 46 15 55 103 35 42 84 10 79 92 62 57 23 56 
762 55 69 103 34 39 32 19 12 10 38 24 57 41 42 
763 46 72 34 55 15 92 35 10 42 84 12 56 39 32 41 79 24 
764 77 69 72 55 103 35 41 79 92 62 12 10 39 24 42 
765 46 103 69 72 92 62 10 38 84 39 19 42 35 57 41 
766 15 103 34 55 46 35 38 62 23 12 56 84 41 24 
767 103 72 77 15 35 84 32 10 42 23 24 62 57 41 56 
768 77 34 69 15 103 46 84 57 10 24 42 92 35 39 41 23 56 
769 46 69 103 77 72 12 10 92 23 41 19 42 62 39 32 56 79 
770 69 72 103 34 15 55 42 41 10 24 62 23 79 
771 103 69 46 77 15 55 32 10 92 62 41 39 19 79 
772 46 77 72 34 103 55 24 42 35 32 41 12 10 79 39 23 
773 103 72 77 12 92 38 39 19 10 79 84 41 
774 72 15 92 38 41 12 42 84 62 39 23 19 
775 34 72 15 46 35 41 79 39 23 32 12 10 42 57 
776 34 77 103 55 46 92 84 39 19 79 62 56 10 24 42 
777 77 72 15 34 55 103 46 38 10 41 19 84 62 39 23 12 79 
778 72 34 55 69 77 84 41 19 56 79 24 62 57 39 32 10 92 35 
779 77 46 103 69 15 72 92 41 24 38 62 19 79 
780 77 103 34 55 69 35 38 84 57 41 42 10 32 56 24 
781 46 15 34 103 77 55 72 39 12 62 56 92 84 57 19 79 42 
782 72 15 46 103 69 34 55 23 12 24 35 39 56 79 92 62 32 
783 34 103 72 55 77 46 15 92 35 23 42 39 38 84 62 57 32 79 
784 46 77 15 55 103 69 72 84 62 23 41 56 24 38 39 79 12 10 
785 72 46 77 55 69 34 84 39 32 41 12 56 38 10 42 62 57 19 79 24 
786 77 34 55 15 46 35 23 12 38 62 57 39 56 79 42 92 84 
787 46 15 72 84 62 39 10 
788 103 46 38 32 19 24 42 84 39 23 56 79 12 
789 77 72 55 62 57 41 12 24 92 10 79 42 35 38 39 32 
790 15 103 69 55 46 92 38 35 32 41 84 23 79 24 42 
791 46 72 38 23 12 62 41 10 92 19 42 
792 103 69 77 34 92 32 56 62 35 57 10 24 
793 103 55 15 62 39 23 12 56 41 35 79 24 42 
794 34 72 46 55 35 92 84 32 42 57 39 23 19 79 24 
795 34 77 84 62 39 41 24 42 92 56 
796 34 69 15 32 79 24 84 62 23 19 12 41 
797 55 15 103 92 62 32 12 42 41 56 10 23 19 
798 69 15 72 34 55 32 56 42 84 62 57 79 
799 55 77 103 15 42 84 92 62 23 41 19 79 
800 103 72 15 69 38 57 41 42 19 24 84 32 12 
801 46 77 103 72 55 15 34 39 12 42 84 10 79 23 19 
802 15 69 55 35 84 56 92 39 23 41 38 
803 15 34 46 77 55 72 23 32 24 35 39 79 92 84 41 10 
804 72 46 77 15 62 39 32 41 19 42 84 57 92 38 12 56 
805 77 15 46 34 41 24 62 57 
806 55 69 103 92 35 10 57 23 41 56 42 
807 103 15 55 34 35 57 23 32 39 19 12 10 24 92 84 79 
808 46 69 15 55 23 56 10 19 24 92 57 42 
809 77 46 103 69 72 92 57 62 10 42 41 56 79 24 
810 77 69 72 103 38 56 79 35 62 12 57 23 41 10 
811 72 55 92 39 41 42 23 19 10 35 38 79 24 
812 103 72 77 69 46 34 12 24 92 39 19 
813 69 34 72 12 42 92 35 39 41 19 56 38 84 23 32 
814 77 103 15 34 69 55 92 39 12 23 56 32 41 19 79 42 
815 77 72 15 57 41 10 35 84 32 79 23 42 
816 69 72 15 103 55 35 38 84 39 12 62 57 19 
817 46 15 72 69 77 92 84 56 38 41 12 79 42 35 32 24 
818 77 46 69 72 15 34 55 92 32 41 10 79 42 38 39 
819 72 34 77 62 32 35 84 23 19 57 39 12 56 
820 77 46 103 69 15 62 57 19 38 84 23 32 12 39 41 56 24 
821 15 77 46 69 84 23 19 56 24 92 39 41 12 42 38 79 
822 72 69 46 92 41 19 56 10 62 57 23 
823 34 69 55 46 72 15 38 84 41 79 24 92 62 23 42 
824 77 69 62 39 41 10 19 12 92 38 32 56 79 24 42 
825 55 103 34 62 57 56 24 38 39 23 10 42 
826 77 103 69 15 34 35 84 10 42 92 62 39 19 32 41 
827 77 103 69 72 15 34 55 35 38 23 42 41 24 
828 46 15 55 35 19 84 41 12 24 
829 103 72 55 46 77 92 57 23 41 12 10 62 19 56 79 
830 77 15 55 103 38 32 41 24 35 57 12 39 42 
831 77 69 15 72 34 46 55 92 38 62 57 41 39 32 12 42 
832 77 46 69 34 15 55 84 57 12 56 10 32 24 
833 15 69 46 55 103 34 62 10 84 39 23 12 56 79 24 38 41 42 
834 69 46 77 34 15 92 62 57 39 23 32 19 10 79 24 41 42 56 
835 77 46 55 103 69 72 92 10 79 24 35 84 23 41 12 56 
836 103 55 72 62 32 41 24 92 35 23 19 10 84 
837 69 46 15 72 77 34 79 24 42 35 38 39 10 84 23 
838 77 46 69 55 92 41 84 62 57 19 56 79 24 
839 103 34 46 77 69 15 55 38 39 23 41 79 84 92 35 
840 77 46 15 84 39 12 92 57 41 38 
841 72 15 34 46 103 77 39 23 41 56 24 42 92 19 84 10 
842 103 34 62 23 19 57 10 79 35 84 32 12 
843 46 103 69 39 56 42 92 84 62 57 23 41 12 10 24 
844 72 55 92 38 84 62 56 35 39 10 42 
845 103 69 46 15 34 38 23 12 79 92 35 39 56 10 
846 46 103 34 55 72 15 35 57 23 56 24 39 41 12 38 84 10 
847 69 103 15 77 92 12 24 23 32 57 39 19 56 
848 72 77 15 55 92 62 57 39 32 41 35 38 84 19 56 23 12 10 79 24 42 
849 46 15 34 55 92 35 10 39 42 57 19 79 
850 46 69 15 84 19 56 10 24 41 79 35 57 23 
851 77 46 15 35 62 23 38 57 32 12 56 10 42 39 24 
852 77 46 15 55 72 34 69 57 41 24 38 84 62 92 39 23 32 19 
853 46 15 103 77 55 92 84 39 79 24 32 62 23 12 42 
854 46 103 55 77 57 32 12 10 92 38 84 23 41 
855 34 103 55 35 57 39 10 42 92 19 84 62 79 
856 103 69 72 77 55 56 84 57 79 92 35 62 10 42 
857 15 55 34 77 23 56 92 57 41 19 35 38 84 62 39 10 24 
858 72 15 46 34 55 92 38 62 32 19 57 56 39 24 
859 34 46 103 69 72 55 92 10 57 39 32 41 56 38 84 24 42 
860 69 15 77 55 103 72 34 56 24 92 38 32 10 79 35 41 42 
861 46 103 55 77 35 38 57 32 24 92 62 12 79 19 42 
862 46 103 69 77 72 10 62 41 19 12 56 24 92 35 84 
863 77 103 15 69 46 34 55 35 57 32 38 62 23 56 10 42 
864 15 34 46 103 72 77 39 23 35 84 19 10 42 
865 15 55 103 72 46 69 35 84 57 39 23 32 41 19 12 79 24 42 
866 46 72 15 55 56 38 23 32 42 62 41 
867 77 34 55 103 92 39 32 57 35 38 62 23 41 12 10 79 24 
868 72 55 77 15 38 84 62 24 92 35 39 32 57 
869 77 46 103 72 15 41 10 92 84 62 19 12 32 24 42 
870 77 69 15 103 46 34 41 19 92 62 32 10 24 42 
871 77 46 72 103 15 92 62 57 39 84 23 41 56 10 79 24 
872 46 72 103 69 38 10 19 56 35 57 39 24 
873 69 15 72 46 55 84 62 57 32 56 10 42 39 12 79 
874 46 55 15 103 69 72 34 56 10 79 35 62 32 24 92 57 23 41 42 
875 46 15 34 55 92 19 39 56 32 12 
876 69 15 55 84 32 12 24 19 35 57 23 41 10 
877 77 46 103 15 34 72 12 10 79 42 35 38 32 56 
878 55 46 15 12 79 42 92 38 32 24 23 
879 103 69 77 72 15 12 56 24 62 32 35 84 57 
880 103 72 46 15 34 12 24 23 10 42 92 84 39 41 79 
881 72 15 55 69 77 34 46 24 42 39 12 79 92 84 41 10 
882 77 46 69 34 55 103 41 35 56 79 42 38 57 19 10 
883 77 103 15 55 24 57 10 42 35 79 
884 77 103 69 10 42 38 57 19 79 92 84 62 56 
885 77 46 34 24 42 84 62 12 79 35 38 56 
886 77 69 103 72 15 55 84 57 19 12 79 24 92 42 35 39 23 41 56 
887 69 15 72 46 34 55 92 38 79 42 32 12 56 24 
888 69 103 34 55 77 84 56 35 23 32 19 12 24 62 79 
889 77 103 34 55 46 23 10 42 92 19 79 35 38 62 39 24 
890 55 34 77 46 35 84 39 42 92 23 32 41 24 
891 103 34 69 15 84 23 12 10 79 42 35 62 57 19 24 41 
892 55 69 72 34 15 10 79 24 84 39 42 38 57 32 12 56 
893 46 77 69 34 103 55 38 62 23 10 79 92 84 12 56 
894 46 69 15 103 77 72 38 32 24 35 84 62 57 39 
895 77 69 72 34 55 15 103 46 35 39 56 12 62 10 24 
896 77 103 55 69 46 34 19 35 62 41 10 79 24 92 57 39 56 
897 46 77 15 103 69 92 79 57 32 56 10 42 23 
898 46 15 92 38 41 12 10 24 32 19 42 39 23 
899 72 103 69 84 39 56 79 62 57 23 10 24 
900 55 72 77 34 92 38 23 19 57 24 35 62 32 12 
901 103 69 15 34 72 92 42 35 84 39 79 38 57 10 
902 72 103 34 39 24 42 84 62 57 92 41 56 79 
903 69 34 15 46 92 35 62 39 32 38 84 56 10 42 23 19 24 
904 46 55 72 15 38 19 56 79 42 32 24 62 23 41 12 
905 77 72 34 15 46 103 38 19 10 35 57 39 79 24 
906 46 103 69 55 35 23 79 62 39 12 92 32 42 
907 15 55 72 46 35 84 39 23 57 41 10 79 19 56 
908 46 55 69 15 34 84 39 19 56 79 24 42 92 23 
909 77 103 72 34 15 35 56 38 84 92 62 57 19 12 24 
910 77 69 34 72 15 39 56 24 42 92 84 62 23 19 12 79 57 41 
911 69 34 72 77 35 12 56 24 39 19 79 57 23 41 10 
912 103 72 15 34 69 55 56 42 38 62 10 35 41 24 
913 72 46 103 15 55 84 56 24 42 92 62 79 39 41 19 
914 46 15 77 103 69 72 34 92 35 12 56 10 38 62 23 24 42 
915 77 103 72 38 39 23 32 42 35 84 62 57 10 41 19 12 56 24 
916 15 69 72 46 92 57 39 32 41 19 10 24 42 35 62 23 12 79 
917 72 77 15 55 103 62 32 35 38 19 
918 72 34 15 46 103 55 62 23 12 10 38 84 41 56 79 24 42 92 39 
919 77 34 103 69 15 46 55 92 19 56 24 84 39 23 
920 77 34 15 103 69 72 55 92 38 84 39 41 12 42 10 32 56 
921 46 72 34 103 15 77 55 92 84 35 23 79 38 62 56 24 
922 103 69 72 32 12 56 38 57 41 79 39 19 10 42 
923 77 72 34 15 55 46 41 12 56 92 35 57 32 79 
924 46 69 72 15 55 35 39 24 38 62 23 32 41 19 57 79 
925 77 46 55 62 92 38 57 24 23 32 
926 77 69 34 46 72 35 39 10 38 57 23 24 
927 46 103 55 69 77 72 84 62 32 12 79 92 35 19 10 42 38 57 24 
928 77 103 15 72 46 69 57 23 42 19 24 92 38 62 32 56 
929 46 103 77 15 55 32 19 79 42 62 41 92 35 57 39 23 24 
930 77 46 15 55 103 69 72 32 12 56 10 79 62 42 35 57 
931 46 72 77 41 12 84 57 39 23 19 92 62 24 
932 103 72 55 23 10 62 39 12 56 24 42 92 38 57 19 79 
933 34 55 15 46 103 72 23 41 38 84 12 24 42 35 32 79 
934 34 55 72 103 15 77 35 39 23 32 24 62 10 84 57 56 42 
935 103 55 46 72 34 12 24 92 35 79 42 38 39 23 32 
936 46 69 34 55 103 15 35 84 10 79 62 57 41 12 42 
937 55 69 77 46 72 15 62 39 10 35 23 41 19 12 56 79 24 
938 46 15 77 103 69 72 57 39 23 41 35 62 19 79 42 10 24 
939 69 15 55 92 57 32 12 56 42 84 41 19 
940 77 15 46 34 92 57 84 62 32 19 10 42 35 38 12 
941 15 46 77 34 35 38 84 24 62 41 10 32 12 56 
942 103 15 55 77 72 92 62 39 56 35 23 32 19 12 
943 77 103 69 72 15 56 62 57 38 19 24 42 
944 46 69 72 55 77 15 34 103 62 19 38 12 10 24 35 23 56 
945 46 103 55 69 72 84 56 24 35 23 12 39 41 10 
946 55 32 12 56 41 79 38 
947 77 34 55 72 46 38 10 92 62 57 79 42 35 84 41 19 56 24 
948 77 103 46 15 55 92 57 23 12 39 32 19 24 84 79 
949 46 69 15 77 34 55 84 35 10 24 42 92 38 57 
950 69 55 15 46 41 19 12 10 35 62 57 56 79 
951 77 72 103 69 34 35 38 10 19 12 24 92 84 62 57 39 41 56 42 
952 77 69 15 72 92 84 62 41 12 24 57 19 56 42 38 10 79 
953 77 103 46 69 72 15 35 23 32 41 12 24 92 84 62 19 56 79 
954 46 69 103 72 15 55 38 56 79 84 32 12 24 92 35 23 
955 72 46 103 69 15 92 38 19 39 56 79 24 42 23 32 41 12 
956 55 34 84 56 42 35 62 12 10 79 24 57 19 
957 34 103 69 55 10 79 24 32 56 62 57 23 41 
958 77 103 72 32 19 24 42 62 
959 55 103 72 34 77 23 32 56 38 62 39 79 92 84 41 19 10 
960 46 77 15 55 103 39 12 79 42 23 41 19 10 
961 46 103 72 15 55 34 84 32 41 79 35 38 12 23 19 56 42 
962 77 55 69 34 72 38 84 62 41 19 42 23 32 56 
963 55 72 34 57 19 56 24 62 79 92 
964 15 103 55 77 72 34 46 38 56 10 39 19 12 79 92 24 
965 69 77 103 72 34 62 56 57 23 24 39 32 19 
966 46 103 69 72 35 79 92 23 41 42 84 57 10 24 
967 72 46 34 69 15 84 39 12 57 24 38 32 41 56 79 
968 77 46 103 55 15 34 62 57 23 79 24 42 35 38 84 10 92 39 32 41 19 
969 77 46 55 103 92 35 23 19 84 62 57 24 32 12 56 10 
970 77 55 46 103 69 15 62 56 35 57 19 41 12 10 
971 72 103 69 55 23 19 24 57 12 42 92 38 62 39 41 10 79 
972 72 34 46 69 41 92 32 10 79 24 38 57 56 
973 77 46 103 62 23 19 12 92 38 84 39 32 24 42 
974 55 77 103 72 46 69 92 41 19 24 42 35 84 57 
975 77 103 34 69 57 19 24 39 23 32 56 84 41 12 
976 69 72 34 39 32 41 84 79 24 42 92 38 62 19 
977 34 55 92 23 12 10 24 19 56 35 32 41 79 
978 77 69 34 55 15 32 92 38 57 23 56 42 
979 77 72 15 69 55 57 39 12 24 23 19 35 62 32 41 10 42 
980 103 55 15 34 84 39 35 56 62 57 
981 77 55 46 72 34 92 62 32 19 57 39 41 24 42 35 56 
982 77 46 103 72 62 19 38 57 56 10 92 39 24 
983 46 69 72 15 77 55 79 84 62 57 10 42 35 32 12 
984 77 69 34 55 103 15 72 79 24 92 35 62 39 23 41 32 
985 46 69 15 41 79 92 84 39 23 32 56 42 
986 46 72 38 32 12 92 56 10 19 79 42 
987 77 46 55 103 72 84 62 42 57 23 38 32 41 19 10 
988 77 72 69 15 34 55 23 42 41 24 92 57 19 56 10 79 
989 46 103 42 38 57 10 92 39 56 
990 55 77 103 46 72 15 34 32 38 23 12 42 84 10 24 
991 69 77 19 10 38 84 39 12 92 41 24 42 
992 46 103 77 69 15 92 19 56 24 42 38 57 23 32 12 35 41 79 
993 15 55 103 77 46 69 72 39 23 10 42 57 32 41 12 84 62 19 79 
994 103 69 72 35 32 41 12 23 19 24 42 39 10 79 
995 77 46 72 34 15 92 38 23 79 42 62 57 41 19 24 35 10 
996 77 103 15 23 38 35 84 62 57 41 19 10 
997 103 15 34 38 56 10 79 42 35 39 23 62 32 41 24 
998 34 103 72 62 92 57 39 56 84 12 24 42 
999 103 69 46 12 92 35 23 84 62 39 24 42 
