0 54 36 27 99 64 16 87 25 65 24 11 59 68 76 39 96 21 84 40 23 
1 39 87 11 36 27 24 40 21 76 25 84 54 59 16 96 99 68 64 
2 76 1 14 40 21 38 64 28 27 59 24 99 25 16 39 
3 25 16 40 59 86 76 64 23 38 27 39 28 1 65 24 
4 25 64 59 27 87 76 28 40 1 54 38 39 24 
5 68 40 99 86 1 38 87 64 23 21 54 39 96 76 65 14 25 27 28 
6 38 21 36 64 76 25 39 86 54 27 
7 68 64 86 99 38 28 23 24 96 65 21 25 39 87 
8 21 96 40 38 23 25 54 16 11 39 1 14 
9 86 76 65 39 96 38 28 21 84 14 68 36 25 
10 21 14 54 39 68 38 24 65 23 76 40 96 28 86 25 
11 84 36 16 28 54 99 39 76 1 11 38 25 27 87 
12 14 38 1 76 16 68 27 54 59 25 21 64 36 28 39 40 
13 76 68 64 23 27 96 11 40 99 1 39 28 36 86 24 
14 96 39 16 40 65 14 11 38 64 27 28 1 86 24 68 21 87 
15 1 25 59 21 39 40 28 65 68 54 27 
16 64 11 84 16 86 14 23 25 87 39 28 76 68 27 99 24 36 
17 68 25 21 96 99 11 38 40 54 39 64 16 1 84 
18 96 36 11 25 86 59 39 14 28 27 24 87 99 68 65 
19 1 38 64 24 96 23 87 65 25 36 86 11 27 40 39 68 
20 21 68 64 23 76 99 59 84 36 1 14 39 28 16 65 
21 64 40 39 27 68 96 54 24 86 59 87 
22 65 11 76 14 59 21 99 25 64 86 36 87 84 1 23 
23 96 99 28 68 65 38 54 11 27 64 16 24 
24 65 68 27 87 11 40 76 1 24 59 54 36 16 39 
25 64 14 40 68 86 24 11 38 59 65 87 1 39 96 27 
26 96 23 86 38 11 40 24 39 28 14 1 76 
27 68 87 14 28 25 23 36 99 24 64 1 84 27 16 
28 36 65 54 1 25 21 86 84 64 39 40 68 59 27 16 14 
29 86 14 84 36 28 24 87 23 96 21 76 68 59 
30 11 65 21 1 86 99 25 54 87 36 27 24 39 
31 64 27 14 59 54 39 24 65 36 28 1 96 11 76 99 
32 68 84 16 1 24 28 87 59 38 11 54 36 23 
33 11 25 65 96 27 24 68 1 64 87 59 76 84 16 28 
34 28 39 65 68 23 1 11 25 40 59 27 99 84 64 16 86 54 14 21 
35 25 87 84 64 28 68 16 23 96 11 86 99 14 39 40 
36 1 21 96 87 27 36 38 86 11 25 84 
37 16 24 86 40 38 28 27 1 59 14 
38 25 68 11 59 24 86 36 1 16 87 
39 1 68 59 39 86 76 99 27 84 14 87 21 36 28 40 
40 1 68 25 96 64 39 16 11 54 23 28 
41 59 23 36 64 39 24 1 86 68 84 87 11 54 27 25 14 
42 99 25 59 36 27 64 54 84 24 68 16 21 11 87 96 65 
43 64 24 11 28 21 96 25 14 68 36 39 65 76 38 27 87 
44 16 14 99 84 65 86 68 59 28 25 54 
45 38 84 39 11 16 28 86 54 87 65 25 36 68 96 76 14 1 23 59 64 
46 38 36 27 76 1 11 40 86 16 14 39 68 59 
47 84 76 25 87 14 21 11 27 28 16 99 96 86 40 
48 39 68 25 65 87 24 16 40 38 86 36 23 84 
49 38 59 86 84 54 14 28 1 68 27 24 96 65 76 39 
50 96 24 59 39 87 65 64 68 36 23 1 86 99 25 28 21 16 40 
51 96 86 40 36 68 16 21 1 99 11 25 84 87 14 
52 54 99 40 68 84 23 16 21 1 38 25 
53 16 87 59 11 36 84 21 68 54 27 25 38 99 23 40 
54 87 39 59 96 14 99 40 86 25 36 28 84 64 16 
55 25 23 68 36 14 11 54 24 86 27 28 21 99 87 59 
56 84 36 99 11 14 59 39 23 25 1 96 86 68 64 24 54 
57 24 96 54 64 14 76 36 11 16 27 99 28 
58 16 86 99 24 87 1 59 64 28 84 36 40 25 
59 16 21 59 68 39 96 84 14 11 25 86 54 
60 16 86 68 23 14 28 76 65 40 87 99 21 38 84 59 64 39 25 
61 65 76 11 68 36 24 86 23 27 40 87 25 16 
62 96 86 76 59 11 25 87 65 38 40 84 1 68 27 14 
63 16 14 1 64 39 40 96 99 25 86 59 24 68 28 
64 25 1 38 24 86 36 16 99 14 59 96 54 87 65 
65 25 24 84 96 1 23 38 14 87 40 68 39 28 
66 1 27 65 54 64 38 16 76 84 96 25 36 14 24 68 87 40 21 23 28 
67 86 1 76 99 84 27 36 25 21 54 16 96 65 64 23 
68 11 23 96 28 36 16 21 25 40 14 
69 36 96 23 86 65 1 11 84 76 99 87 14 40 28 
70 76 27 21 39 59 1 84 16 24 36 68 11 38 87 40 25 86 14 
71 25 59 65 96 54 99 14 21 68 28 84 23 36 76 40 
72 1 11 96 64 76 14 54 68 23 21 84 36 87 24 
73 25 27 16 99 24 65 86 38 64 59 68 28 
74 21 40 68 25 59 39 36 11 86 99 96 87 
75 65 99 86 54 36 40 24 21 28 23 14 96 76 27 59 
76 21 1 99 14 39 36 24 27 64 16 23 11 38 54 40 59 
77 96 16 21 54 68 25 38 84 64 86 39 40 
78 54 87 11 27 59 99 25 23 16 40 64 28 14 1 39 68 
79 68 16 76 1 99 96 86 87 38 64 11 24 21 25 23 59 
80 99 38 54 24 16 87 14 84 36 40 1 86 59 25 
81 65 40 86 76 27 16 1 54 59 99 14 28 24 21 
82 59 1 84 21 64 27 11 38 68 16 87 25 65 99 23 24 
83 59 54 68 14 25 76 64 27 24 21 1 84 36 86 40 
84 11 1 87 86 39 38 40 65 23 68 24 96 
85 36 24 21 96 99 68 65 38 16 23 64 14 84 
86 87 65 86 1 76 14 27 96 99 25 16 39 
87 64 1 36 27 84 87 40 76 14 16 24 38 
88 86 99 87 24 25 40 76 11 38 96 36 21 59 
89 99 23 1 28 24 36 27 21 86 84 96 14 68 11 
90 36 16 14 11 96 54 27 1 76 39 99 21 68 84 
91 21 68 39 40 54 23 27 28 14 86 84 96 64 36 
92 38 24 99 64 36 87 65 96 16 21 86 
93 21 16 23 14 27 68 11 40 65 25 54 28 1 24 
94 21 64 54 27 40 84 99 11 23 87 25 68 59 96 
95 38 39 96 54 27 65 40 25 36 14 86 68 11 28 59 
96 25 24 99 54 36 27 1 11 84 28 76 59 23 40 
97 27 11 36 16 76 25 23 24 68 38 96 28 40 
98 65 25 23 16 21 38 87 86 1 39 14 96 59 54 
99 1 25 87 64 40 24 21 65 28 
100 23 21 25 36 40 54 38 65 16 87 68 59 39 96 27 14 84 
101 23 27 65 86 76 21 11 84 24 40 39 68 14 1 99 
102 96 54 39 24 84 68 28 76 59 16 86 38 
103 64 24 99 54 16 25 28 68 11 84 14 59 40 76 39 23 21 1 86 
104 64 28 21 39 86 99 23 27 16 40 36 65 76 
105 54 86 24 21 38 76 27 96 16 14 64 39 40 1 23 11 59 36 
106 23 27 24 86 16 65 21 11 54 36 25 76 99 1 
107 76 99 87 54 28 21 86 59 40 1 27 23 24 39 14 65 
108 40 21 24 87 16 86 76 27 99 23 59 65 
109 54 36 65 96 11 25 87 40 27 1 99 21 84 28 16 24 
110 65 1 25 59 24 99 64 16 11 23 68 36 76 
111 59 38 23 16 54 40 64 87 28 96 68 36 14 27 
112 28 64 96 84 23 21 59 38 1 40 68 54 
113 21 84 27 65 76 99 11 23 16 64 36 59 87 24 68 54 
114 16 39 24 59 11 65 36 84 1 38 96 25 21 23 
115 99 96 38 65 21 68 25 27 14 40 54 1 76 11 
116 28 24 38 25 39 86 96 84 27 36 87 99 
117 1 86 36 11 59 38 27 24 14 
118 11 54 21 14 87 68 64 36 76 96 24 65 40 38 16 86 
119 36 38 84 64 65 87 23 40 11 21 68 86 27 16 28 96 
120 65 40 39 14 38 25 84 28 76 87 21 96 64 
121 27 99 25 21 64 23 84 16 86 28 76 14 40 36 
122 96 16 40 39 36 24 38 99 14 84 23 68 76 54 
123 68 64 21 96 39 87 99 76 38 54 28 24 84 27 16 59 11 
124 38 16 28 39 40 14 1 96 23 24 21 54 36 25 11 84 
125 54 84 59 86 24 39 99 96 68 23 27 11 25 36 14 28 
126 64 36 14 40 59 87 24 11 1 99 96 86 28 25 39 68 
127 68 23 59 21 64 28 96 11 27 76 54 
128 96 54 27 25 23 68 59 1 64 21 99 40 
129 96 36 24 54 64 59 76 87 86 38 40 23 39 
130 84 65 1 23 16 25 39 96 76 64 28 99 40 
131 96 99 1 40 86 23 39 65 14 21 59 54 24 
132 1 11 39 36 27 86 76 87 38 23 28 21 40 54 
133 65 99 25 39 27 16 21 84 28 38 86 24 54 14 68 11 23 
134 96 87 65 14 1 21 68 11 86 76 16 39 23 28 36 
135 65 54 76 39 23 86 36 59 28 40 21 
136 1 11 28 25 23 27 16 40 54 24 14 59 96 86 
137 21 23 76 27 40 39 16 87 14 65 11 59 24 64 38 54 36 
138 87 21 96 39 14 28 11 54 27 86 16 23 24 1 65 
139 21 87 38 84 23 16 96 11 27 65 1 76 99 86 68 64 
140 59 24 65 28 40 76 1 84 14 21 36 68 38 86 39 27 16 
141 21 36 76 24 40 23 84 28 87 54 27 16 
142 54 76 36 40 23 84 65 25 27 96 16 99 68 87 1 28 
143 84 76 25 68 11 64 1 38 16 54 96 40 86 99 
144 65 40 36 84 96 11 68 59 16 87 28 25 24 54 99 38 64 76 
145 14 76 11 54 23 27 16 36 1 84 64 39 99 40 38 65 28 59 
146 76 68 38 28 65 39 36 21 64 14 23 27 99 40 96 
147 23 28 99 84 27 24 21 39 65 16 
148 96 1 28 40 54 39 76 24 25 87 
149 1 76 36 28 59 54 65 23 40 38 84 24 21 99 
150 68 39 87 36 65 96 84 23 40 11 99 54 24 59 28 1 25 
151 40 21 84 86 11 36 1 68 59 25 23 54 65 87 
152 59 1 11 28 99 68 25 23 40 54 27 14 87 24 84 64 39 38 36 
153 14 24 59 54 40 36 27 99 65 64 86 28 
154 59 23 86 39 11 64 28 65 27 38 54 96 36 40 87 
155 21 39 65 64 11 84 16 87 99 54 36 
156 96 39 16 76 28 65 38 87 59 86 21 40 
157 36 28 84 27 23 96 76 25 16 65 21 
158 65 99 76 23 28 36 39 40 38 16 68 14 86 11 24 
159 11 38 59 96 84 23 28 25 40 14 76 36 16 24 
160 38 40 36 11 23 1 16 68 54 65 21 96 84 39 24 64 27 
161 11 40 24 65 96 76 28 68 64 38 23 14 54 
162 99 23 28 68 21 1 76 38 84 40 36 59 54 64 96 39 24 
163 16 65 68 28 1 59 76 99 38 64 87 96 14 40 
164 59 1 64 27 99 54 23 14 84 39 96 76 36 68 
165 87 39 23 25 24 76 64 40 38 11 68 36 
166 96 14 24 39 86 54 68 1 59 16 38 99 64 76 40 27 21 84 28 
167 65 96 59 36 25 40 84 54 11 38 1 
168 1 11 86 23 59 21 96 38 87 14 36 39 99 54 64 25 84 
169 96 24 59 65 68 27 86 25 64 36 28 1 39 21 
170 16 64 23 27 11 87 96 54 14 28 59 99 25 86 84 21 1 
171 68 38 16 27 64 24 54 1 84 23 76 39 14 
172 76 39 36 38 86 68 11 99 64 40 1 54 21 59 
173 39 59 54 24 38 64 25 1 86 16 28 
174 59 54 39 76 11 64 28 86 99 38 87 84 14 1 65 23 40 
175 39 84 40 59 54 16 99 36 28 24 96 76 38 14 
176 1 59 11 54 86 84 36 64 28 65 14 40 39 23 27 
177 76 65 25 36 40 96 11 38 23 1 28 86 16 64 
178 96 40 16 68 84 54 25 76 24 64 23 86 27 1 
179 59 36 40 23 28 76 16 21 1 68 64 39 24 
180 39 23 21 86 68 16 14 24 76 84 40 96 38 65 25 59 87 54 27 
181 76 16 96 14 65 99 40 23 27 11 1 21 28 86 38 84 
182 1 14 27 11 16 76 64 68 59 84 36 23 28 40 
183 86 11 38 99 27 39 16 65 28 25 76 40 1 68 
184 76 84 54 64 40 99 36 87 14 24 68 39 65 27 28 16 38 
185 27 65 96 23 87 11 21 39 76 36 14 28 40 24 99 54 68 
186 64 87 40 99 84 54 23 86 65 76 59 11 27 16 68 
187 86 99 39 76 1 16 54 68 64 36 96 65 25 28 84 40 
188 1 76 25 21 28 59 40 68 27 54 96 65 86 84 38 14 
189 24 38 27 65 54 87 76 36 28 1 96 84 86 99 11 25 39 40 
190 25 99 40 59 87 14 65 11 16 28 1 24 64 23 84 39 
191 24 1 68 28 76 59 21 14 39 23 99 65 
192 65 1 28 40 99 23 54 87 76 68 38 64 36 96 24 27 39 14 
193 54 25 27 86 76 40 11 21 14 24 84 99 1 87 59 
194 38 24 86 99 39 40 65 21 27 68 36 
195 87 96 28 1 23 65 99 27 36 21 86 84 54 40 24 16 
196 40 1 65 25 21 86 11 54 39 28 64 87 
197 23 87 14 65 99 59 1 84 54 36 64 16 76 40 
198 14 64 1 76 23 84 54 24 11 16 87 86 36 21 96 59 
199 24 64 59 36 87 14 28 11 40 65 99 38 54 1 
200 65 76 59 99 36 23 1 39 87 54 11 
201 21 84 40 87 16 27 1 99 86 59 38 25 14 54 
202 96 38 1 64 40 76 23 16 54 87 25 36 21 99 39 28 24 
203 59 16 1 23 21 27 38 25 96 39 99 36 28 14 84 
204 40 65 27 16 25 1 64 39 28 68 84 
205 24 96 16 54 84 99 23 87 59 27 28 21 64 14 
206 23 38 86 25 68 36 64 16 96 11 
207 21 1 96 64 24 65 11 27 25 54 23 28 87 39 36 
208 54 68 64 96 28 1 11 39 23 14 24 65 76 25 36 
209 23 59 39 84 21 14 40 1 76 27 24 28 87 96 99 68 38 64 36 
210 86 76 65 68 99 59 96 38 
211 27 28 76 68 84 65 86 96 1 99 38 23 21 40 24 
212 68 1 21 96 16 28 38 54 14 23 84 65 36 24 76 39 25 
213 99 40 21 25 76 96 87 65 16 64 36 27 84 
214 11 68 39 87 76 36 21 84 99 38 54 64 86 23 
215 38 64 84 28 65 11 54 76 16 99 23 96 86 68 25 39 
216 40 86 76 16 28 84 38 27 1 36 39 14 
217 64 99 39 65 54 68 96 76 14 59 38 40 24 
218 40 96 39 24 59 76 21 25 38 65 23 1 64 16 87 11 
219 14 27 76 59 96 38 16 28 39 36 40 64 11 1 68 84 
220 96 27 87 21 23 24 28 1 25 68 36 40 59 64 11 
221 64 23 27 96 36 14 40 24 38 16 54 25 21 99 84 28 68 
222 28 87 1 11 38 99 24 68 25 14 16 54 59 
223 39 16 76 99 68 25 1 64 87 28 84 59 40 
224 76 59 36 38 84 39 16 65 24 64 68 23 14 28 40 
225 39 36 38 25 1 64 65 54 86 99 68 28 24 59 
226 16 38 11 39 54 14 1 64 24 21 76 23 86 25 28 40 
227 24 65 99 38 84 16 40 28 59 64 11 
228 38 99 68 64 54 40 24 23 14 76 96 27 16 36 
229 86 76 23 16 64 21 40 14 68 54 36 1 84 
230 96 1 27 11 38 68 54 39 16 99 84 65 28 21 86 25 23 87 
231 96 99 23 40 25 68 54 36 87 21 38 64 27 1 
232 11 16 40 39 23 27 87 96 24 68 84 54 86 59 99 64 14 65 28 
233 68 36 23 65 99 16 28 25 24 27 64 86 40 
234 40 86 14 96 39 23 25 87 68 28 38 64 16 
235 84 59 86 76 96 16 14 1 38 11 40 
236 84 64 39 54 86 28 59 24 96 23 14 36 
237 59 1 36 68 16 23 87 28 11 64 84 39 24 
238 68 99 40 38 21 64 36 14 25 28 
239 38 65 68 25 1 76 86 16 54 99 59 11 36 
240 23 1 76 16 38 14 86 87 64 39 96 28 40 21 99 25 84 65 27 
241 36 65 40 99 86 54 76 16 24 39 23 59 68 25 11 87 
242 76 68 25 84 54 24 23 1 59 14 40 11 39 
243 64 99 87 76 11 84 23 65 1 96 38 27 39 36 14 40 
244 1 76 96 84 99 64 21 23 27 59 28 40 87 25 39 16 
245 36 27 24 38 68 64 76 23 87 86 1 99 59 
246 14 24 38 96 76 99 65 54 86 25 
247 25 76 38 14 23 59 65 21 28 27 16 54 39 99 68 
248 25 11 1 59 86 99 28 96 24 64 38 39 27 40 
249 68 87 65 1 76 96 64 25 27 16 11 39 21 24 
250 65 38 54 64 84 28 21 23 11 40 16 86 36 24 
251 11 16 14 23 99 39 65 1 24 28 40 68 84 54 96 87 
252 96 84 24 65 99 86 54 76 36 27 1 68 38 11 
253 84 99 27 14 38 25 65 11 
254 38 84 59 16 14 28 86 36 65 40 24 11 54 
255 1 99 59 23 39 16 84 64 96 86 68 14 21 65 25 87 24 
256 39 25 65 99 87 40 59 86 28 84 14 1 96 76 38 36 27 24 
257 68 28 65 99 16 14 39 84 36 1 11 54 96 64 59 
258 76 96 65 1 11 84 64 54 59 23 99 86 16 87 25 38 27 
259 24 14 59 65 21 28 40 64 36 1 25 54 87 23 
260 59 65 36 14 1 11 86 99 24 40 76 16 28 
261 87 59 23 16 1 99 11 64 39 38 28 65 68 76 14 86 27 24 
262 27 14 99 54 28 86 36 1 76 59 11 39 64 65 23 
263 87 99 28 24 38 84 64 16 86 54 59 68 23 65 96 
264 65 25 28 68 39 96 99 87 36 23 54 21 11 64 16 40 
265 96 25 28 64 84 27 16 65 76 54 21 68 14 23 86 39 
266 65 76 87 40 96 14 84 23 64 39 38 68 99 25 
267 76 87 65 96 11 36 25 1 40 28 99 39 14 68 59 54 64 
268 59 99 28 24 86 38 27 39 14 1 84 96 68 36 16 54 
269 64 68 11 14 21 36 1 96 23 24 54 25 27 76 87 28 
270 64 16 24 87 36 27 96 28 11 39 84 21 23 54 59 
271 21 86 59 38 27 28 99 16 25 76 11 40 96 14 
272 96 27 24 21 59 87 14 76 28 39 68 40 99 64 23 16 
273 21 23 99 38 36 87 40 68 25 39 96 76 24 1 28 
274 40 11 38 65 76 23 27 28 25 64 84 36 
275 1 39 40 16 87 96 21 28 11 38 23 14 64 
276 40 76 64 23 27 16 87 24 65 86 84 99 54 59 96 
277 99 68 28 65 84 38 14 96 36 59 11 25 86 24 
278 68 27 16 28 76 25 23 14 59 87 40 84 64 39 38 
279 59 21 84 86 39 27 87 28 16 23 99 11 38 65 40 25 54 1 
280 96 14 21 38 36 87 28 84 24 76 16 25 68 54 11 27 
281 68 96 59 54 38 27 21 39 76 23 14 28 25 16 
282 1 39 76 25 96 28 84 65 99 68 38 86 40 24 
283 38 25 87 40 59 86 14 23 1 84 27 16 68 36 21 39 96 65 
284 25 28 40 38 39 1 11 87 16 36 64 14 68 65 
285 86 68 24 84 39 14 65 25 40 59 76 64 21 99 1 23 16 28 
286 38 16 1 64 14 24 39 87 21 96 25 76 68 86 
287 25 36 23 14 38 84 28 65 68 24 64 21 1 99 76 40 86 87 16 
288 36 27 68 38 24 86 99 16 76 87 40 21 64 14 
289 1 84 27 99 25 76 39 16 23 14 24 96 87 64 54 59 
290 86 38 1 23 65 11 76 25 27 68 24 84 36 14 21 54 64 
291 65 54 28 11 76 84 38 16 68 39 
292 27 68 39 54 23 14 21 84 64 76 11 65 99 38 
293 1 40 99 68 64 36 21 86 76 59 96 14 84 27 11 
294 76 27 64 28 11 1 86 14 24 16 40 23 54 39 
295 23 1 38 84 28 40 59 24 36 27 14 86 25 64 11 21 87 
296 39 84 11 25 21 16 68 38 59 87 1 99 14 28 24 76 
297 16 65 84 14 25 64 36 23 24 86 76 21 96 68 28 
298 16 25 23 28 65 99 59 96 68 24 11 87 14 
299 40 54 23 16 76 21 1 11 28 86 14 38 84 36 65 
300 40 96 86 28 24 59 84 21 27 87 38 54 23 11 64 
301 38 36 96 39 23 86 16 24 59 65 99 21 25 64 14 1 
302 38 16 36 28 24 68 87 96 11 27 76 84 64 
303 39 38 68 76 99 16 24 23 59 21 27 40 64 
304 38 54 40 87 99 96 25 68 64 1 11 59 84 14 21 36 
305 65 14 64 96 54 40 99 36 
306 11 1 96 87 14 40 39 25 38 16 68 84 99 36 
307 96 21 23 28 24 1 27 40 99 86 84 64 16 
308 64 38 39 36 59 86 87 21 25 24 54 
309 99 14 65 21 86 40 59 96 38 39 54 64 36 76 
310 99 84 96 24 14 23 28 21 39 36 54 
311 87 21 86 54 24 11 36 64 1 68 39 16 28 
312 87 16 76 39 23 65 86 54 40 68 36 24 99 28 
313 65 87 99 1 28 24 21 11 76 39 36 16 96 40 25 
314 21 99 76 25 86 84 39 14 38 23 28 36 65 1 64 
315 64 84 40 24 38 76 16 87 96 86 36 23 21 
316 27 84 86 25 23 40 24 76 28 87 1 99 68 11 59 
317 76 54 36 23 25 28 24 65 11 64 
318 28 21 25 68 16 11 38 39 64 96 86 76 14 87 
319 96 16 1 68 14 40 54 25 76 84 86 64 39 28 
320 65 86 14 11 87 1 54 28 27 68 25 36 16 
321 28 76 38 16 59 99 84 27 39 65 96 11 68 23 87 
322 86 87 96 23 39 27 40 99 36 68 11 38 65 24 
323 64 38 54 84 16 24 11 28 14 59 96 68 25 36 27 
324 86 11 25 38 68 96 99 54 14 84 39 28 1 16 24 65 59 
325 40 16 38 99 25 54 87 11 76 1 23 64 96 
326 59 25 14 23 68 11 39 40 96 84 36 86 28 65 27 54 16 64 
327 54 25 24 86 23 39 87 21 76 65 64 96 68 40 14 
328 54 24 1 21 86 40 28 99 36 11 
329 87 14 21 59 27 54 38 16 99 64 65 
330 39 36 86 59 21 38 23 87 14 1 68 24 
331 86 96 23 28 40 65 68 76 38 64 1 14 87 24 
332 68 24 16 96 38 21 64 23 87 14 28 65 
333 87 16 21 64 14 11 28 39 86 1 25 
334 11 87 1 38 25 36 65 99 27 14 
335 38 23 87 99 28 11 36 27 1 64 39 40 68 25 65 24 
336 76 11 64 39 24 59 1 28 96 16 36 21 38 99 14 
337 68 59 96 36 54 39 65 25 14 40 38 84 28 
338 86 28 24 11 1 25 21 84 87 38 16 96 40 59 
339 11 39 40 23 14 24 28 84 1 76 99 65 64 
340 21 68 84 96 38 40 59 36 14 65 16 54 23 87 76 27 28 99 25 
341 54 16 59 65 21 86 38 87 23 14 25 84 39 27 11 64 
342 28 16 24 64 27 99 68 65 11 38 25 84 14 21 76 86 
343 64 65 96 86 76 99 54 87 11 28 16 84 
344 99 16 14 24 64 23 96 40 76 11 1 39 36 68 65 28 86 
345 11 96 84 36 76 68 16 38 64 39 65 23 40 99 25 1 54 
346 65 96 54 36 14 27 68 1 23 11 87 40 21 64 24 38 16 
347 1 54 64 23 11 39 14 96 86 25 84 27 
348 86 11 38 14 59 21 1 25 76 39 23 27 99 36 65 96 84 54 64 28 
349 99 11 24 36 65 23 16 96 39 28 21 25 68 87 14 86 
350 99 54 39 40 21 76 11 86 96 25 87 65 68 
351 86 65 76 16 96 25 40 23 27 99 11 36 14 54 64 59 39 28 24 
352 38 36 59 24 76 39 87 40 64 16 96 84 23 28 
353 96 14 59 21 54 40 38 99 39 36 11 23 86 1 84 
354 65 86 21 24 14 28 38 64 68 16 84 36 27 59 11 87 40 76 
355 25 28 40 39 23 14 65 76 38 16 64 68 87 86 84 
356 40 99 59 24 86 84 21 36 96 54 39 
357 65 99 24 96 40 76 36 11 25 54 39 23 38 1 16 68 
358 64 16 99 36 96 24 65 1 38 84 39 
359 1 14 76 99 11 36 96 64 25 27 16 86 59 
360 84 40 21 59 23 65 36 27 38 28 1 76 11 64 14 87 
361 99 16 1 59 25 84 14 11 54 24 21 38 23 68 
362 68 23 96 27 28 40 38 25 76 99 54 87 
363 1 76 59 87 64 11 14 24 68 40 25 84 39 
364 96 11 84 65 1 76 23 59 99 39 16 68 25 54 36 
365 28 84 54 23 86 38 64 36 87 14 1 96 25 24 76 68 
366 16 28 68 40 21 1 86 87 39 11 27 38 14 99 
367 68 84 59 65 21 36 1 99 11 76 14 40 24 86 39 27 54 16 96 
368 86 23 21 39 59 99 68 87 28 40 65 84 54 38 
369 27 16 40 24 38 14 64 21 68 25 28 84 36 1 65 87 
370 1 84 96 23 14 28 65 86 76 25 99 59 64 39 16 
371 65 38 25 16 96 84 64 59 11 39 68 24 86 21 76 14 
372 86 25 39 36 1 11 23 21 87 38 99 
373 36 27 99 84 59 38 16 25 64 76 1 86 24 
374 96 54 21 11 59 40 38 65 25 84 24 23 64 68 87 
375 1 68 21 86 14 84 96 28 40 24 38 
376 39 64 16 28 59 27 25 14 36 24 99 87 
377 86 14 28 64 27 1 84 87 40 39 23 99 38 65 76 68 11 36 
378 1 11 65 25 38 54 76 68 39 40 99 28 23 14 24 27 
379 76 54 39 27 25 86 96 99 64 87 21 28 68 
380 21 76 24 65 54 87 64 36 28 99 39 16 11 38 27 
381 16 27 14 11 23 86 59 21 76 84 68 65 40 36 
382 65 96 64 27 1 39 76 16 40 25 28 
383 59 86 25 23 64 96 54 27 16 28 36 14 1 99 76 65 38 
384 96 24 16 84 1 87 28 39 76 59 23 14 21 65 40 
385 38 54 40 14 1 87 27 86 16 
386 16 38 87 27 65 28 86 84 40 24 76 23 14 68 
387 96 14 28 40 38 39 16 76 99 84 87 86 11 64 65 24 
388 99 11 76 68 16 36 14 40 84 59 96 25 21 65 
389 86 76 68 59 16 40 24 38 54 21 27 14 96 28 11 
390 38 23 25 96 86 21 87 11 59 14 28 99 39 84 
391 87 28 39 84 21 76 1 36 23 27 24 68 54 65 11 59 25 
392 21 84 14 1 11 65 86 25 99 68 39 24 54 16 28 76 
393 65 21 86 25 38 40 39 14 1 11 23 87 28 84 27 16 64 
394 36 87 86 27 40 59 39 68 76 25 38 84 11 23 54 
395 21 25 23 40 1 99 38 28 84 68 11 39 65 54 16 
396 99 68 96 38 27 65 1 76 24 36 14 28 21 11 84 87 
397 59 65 86 38 16 84 23 1 40 68 11 24 96 
398 24 39 36 16 87 68 54 99 76 21 84 14 28 
399 1 14 28 86 54 40 38 25 11 64 16 76 36 
400 21 1 54 99 25 16 86 64 87 76 14 24 
401 96 84 36 76 64 39 99 16 87 38 24 21 28 40 65 86 
402 11 23 59 64 27 21 39 65 99 96 54 28 25 40 
403 64 27 21 28 99 14 38 1 87 
404 14 38 99 39 21 1 36 27 28 96 65 59 
405 40 68 23 39 11 76 27 86 54 87 96 24 
406 21 68 25 76 99 39 1 65 11 84 64 27 23 
407 64 39 16 54 36 27 28 68 65 38 87 76 59 24 1 21 84 
408 59 38 25 27 65 16 11 76 84 54 39 99 40 64 23 28 24 
409 84 87 16 28 27 14 25 40 
410 11 23 76 68 25 28 96 16 24 21 87 38 54 
411 1 23 28 68 87 11 25 64 16 27 96 54 40 24 
412 96 86 76 84 38 99 23 40 59 11 14 21 36 25 68 54 16 87 
413 23 40 38 59 76 84 68 36 16 87 54 27 1 99 
414 21 38 87 76 68 84 64 99 16 1 25 36 24 86 59 40 
415 1 87 65 36 28 24 21 96 38 27 84 54 14 16 40 76 
416 87 39 54 11 16 86 59 1 76 24 21 14 
417 99 68 21 86 76 11 36 23 14 39 59 84 28 54 
418 54 24 68 96 86 21 23 27 64 76 11 
419 36 59 21 54 96 68 25 87 40 86 11 14 24 84 
420 54 14 27 76 36 24 25 28 21 68 59 1 39 16 
421 96 27 23 68 25 39 59 84 24 21 99 76 54 28 86 64 14 
422 59 1 96 87 21 28 25 40 11 23 27 64 24 
423 64 1 11 23 65 84 28 86 87 39 24 
424 65 27 99 68 40 11 39 28 1 36 86 54 64 59 16 21 84 
425 99 65 96 68 28 76 59 11 36 1 38 64 27 40 54 
426 86 16 38 40 25 23 14 11 28 39 
427 21 1 11 54 16 24 84 28 86 96 40 
428 54 23 84 27 24 14 28 38 11 64 86 25 36 96 39 40 
429 65 87 14 96 1 76 54 64 99 38 28 25 27 84 23 
430 11 23 27 99 59 1 16 86 54 76 84 39 14 24 96 40 
431 21 39 25 38 86 68 14 96 36 87 23 16 
432 68 65 28 11 25 54 39 84 1 59 36 87 
433 86 59 1 54 28 25 23 76 11 87 24 68 14 40 99 
434 36 16 24 28 23 40 86 11 38 54 21 65 64 1 99 14 
435 38 64 76 39 96 21 84 87 24 36 40 14 65 
436 64 28 24 39 36 11 23 14 16 25 21 96 86 68 59 54 40 1 76 87 
437 54 59 27 99 36 11 16 38 40 25 64 86 68 39 96 
438 24 84 36 76 23 28 1 38 25 16 11 59 86 65 54 39 64 
439 86 23 65 21 38 11 28 24 39 16 87 14 1 
440 14 68 54 64 99 86 76 16 21 25 
441 59 25 38 99 54 23 65 96 64 87 28 76 21 24 
442 99 28 36 16 86 38 11 76 65 27 40 21 87 39 
443 14 24 87 76 25 27 65 96 38 40 11 21 99 68 84 23 
444 1 36 65 16 64 28 24 38 96 39 21 25 86 27 87 23 14 
445 99 28 76 84 14 40 1 96 21 54 64 27 59 
446 36 14 65 59 21 64 27 1 99 38 23 40 86 76 68 96 84 54 
447 64 99 24 39 40 1 23 96 76 11 38 
448 59 96 38 1 14 40 65 39 68 87 36 24 16 
449 76 84 39 68 25 65 23 36 96 11 38 27 14 
450 27 25 16 21 86 76 40 87 65 96 39 38 84 1 36 
451 21 76 64 59 96 38 99 16 28 86 25 65 1 36 23 14 27 
452 59 65 28 40 86 11 16 76 68 23 99 36 87 1 96 14 
453 54 27 14 84 99 38 39 23 40 24 
454 96 36 87 59 1 14 38 27 23 86 64 39 16 
455 84 40 96 99 38 64 28 23 68 87 16 59 
456 59 21 11 54 1 96 64 76 68 65 24 86 84 39 87 
457 86 23 21 11 40 96 24 1 38 87 
458 38 25 54 65 21 86 23 68 59 28 11 24 84 39 16 76 
459 84 64 36 23 14 96 11 24 28 87 21 25 76 40 65 99 
460 64 11 39 36 16 59 65 27 87 99 1 96 
461 96 25 28 21 87 64 14 39 36 27 1 68 54 84 76 
462 27 96 28 24 38 1 14 39 16 99 11 54 64 36 23 65 
463 39 14 1 64 54 76 25 99 38 40 28 86 68 65 
464 65 54 28 86 38 76 11 87 59 36 40 
465 38 84 14 86 76 99 39 11 16 24 27 1 23 28 
466 36 1 40 86 87 14 25 23 39 84 54 21 68 24 96 76 38 11 
467 11 25 21 40 59 65 54 38 68 64 84 39 86 23 
468 84 14 59 76 11 68 40 23 65 16 54 24 39 87 21 96 
469 38 68 87 25 23 14 1 27 59 64 40 21 24 
470 84 23 1 76 16 68 36 21 11 64 27 24 54 28 96 86 14 
471 68 36 11 24 21 96 54 84 1 59 38 25 87 
472 1 84 39 40 38 54 23 86 99 36 96 24 76 68 59 28 27 
473 76 68 11 40 1 23 28 36 99 86 24 84 27 16 
474 11 64 23 38 14 39 96 99 84 40 76 21 86 87 
475 38 23 59 68 39 1 76 84 65 25 16 21 99 28 64 40 11 
476 59 99 28 68 38 1 14 39 24 11 21 
477 16 65 38 36 39 28 99 87 21 84 27 54 14 
478 24 25 86 21 11 64 99 14 28 68 23 16 96 27 
479 68 25 64 16 59 86 23 21 38 76 11 39 84 36 65 
480 38 64 23 1 54 24 65 68 96 36 86 27 40 59 
481 40 21 64 99 25 84 54 27 24 23 1 87 14 
482 87 25 38 84 21 11 27 39 76 64 96 16 59 36 14 28 24 
483 39 96 76 65 99 68 84 21 38 14 36 59 27 
484 99 84 16 59 23 65 86 21 96 36 24 1 76 64 28 40 
485 59 39 11 54 23 40 24 99 14 87 96 84 16 
486 1 11 65 84 87 99 59 25 54 96 36 23 16 40 
487 96 99 16 68 64 76 28 40 21 87 38 54 
488 21 1 68 64 23 87 40 27 24 99 38 25 76 39 
489 99 39 65 21 25 84 64 40 38 36 27 59 24 68 54 
490 23 21 11 25 40 24 38 16 86 68 64 36 28 1 54 76 99 65 84 
491 65 25 40 68 16 96 87 36 86 64 38 84 27 24 28 
492 21 86 59 96 64 54 24 68 76 99 11 23 14 
493 76 39 65 28 59 14 21 24 84 64 36 16 
494 21 99 11 23 54 14 64 76 28 96 39 40 59 87 
495 36 76 25 1 21 86 14 65 68 84 40 16 
496 28 64 39 36 86 25 96 99 54 21 59 40 27 16 87 
497 86 24 64 99 38 59 87 28 21 84 76 25 39 65 54 16 
498 1 96 39 16 38 65 99 86 25 36 76 84 
499 99 14 39 36 68 11 84 23 25 54 24 65 86 76 87 1 27 21 59 16 
500 36 40 14 28 99 68 59 21 76 11 25 87 96 86 1 65 
501 23 28 24 38 68 65 96 40 11 54 59 16 21 1 39 
502 54 65 84 16 40 86 76 11 39 21 64 36 27 24 87 96 
503 76 99 39 21 11 38 40 96 25 36 27 24 
504 84 40 14 65 16 59 99 68 54 86 11 38 39 87 28 96 
505 68 23 87 25 36 59 24 86 64 76 16 14 
506 99 27 76 84 25 36 24 11 14 23 28 40 65 64 
507 96 40 68 54 38 14 99 59 86 
508 87 28 38 54 39 16 36 24 68 84 1 14 40 65 96 23 
509 96 64 54 40 21 1 27 59 99 16 28 76 38 39 23 14 36 
510 64 99 23 27 87 14 38 84 65 76 68 16 40 21 36 96 
511 59 38 54 87 11 36 14 68 23 16 65 28 40 25 86 
512 76 40 99 28 23 11 64 38 16 1 
513 59 65 1 24 11 68 27 86 25 64 36 28 84 54 
514 59 21 27 16 28 11 68 87 40 76 99 64 65 
515 86 1 68 40 25 65 21 11 38 24 76 16 23 
516 65 87 76 40 28 1 39 86 21 38 84 54 14 16 
517 16 39 96 54 86 40 1 68 87 25 84 76 
518 64 39 11 21 96 16 38 76 68 59 86 65 84 99 
519 65 11 27 1 99 25 87 38 39 23 96 86 14 
520 86 25 24 38 64 40 28 76 36 84 27 14 21 54 87 59 11 65 
521 65 38 39 27 59 25 24 86 84 28 1 11 23 
522 1 14 28 40 21 68 99 84 25 54 24 
523 54 38 28 59 23 99 36 65 11 86 64 40 
524 14 76 99 87 96 11 39 64 28 86 21 1 24 40 
525 21 1 54 23 96 38 27 39 87 25 99 11 84 24 86 76 40 
526 21 76 68 54 65 99 11 27 38 36 23 14 1 25 
527 14 11 96 16 25 87 39 40 59 23 27 99 
528 65 99 59 84 76 86 28 25 27 16 68 24 14 
529 1 27 21 23 14 40 68 11 36 28 86 99 96 38 16 84 
530 65 39 76 99 36 96 84 16 68 27 1 59 87 28 40 54 
531 38 54 14 40 11 25 99 21 36 27 59 28 84 24 1 
532 27 96 36 76 38 11 23 68 84 40 86 65 14 
533 25 59 38 14 76 64 1 86 87 68 16 28 99 39 24 
534 54 39 59 64 36 86 21 14 24 68 38 25 16 28 76 
535 11 16 99 36 54 14 28 76 1 25 27 23 87 64 40 68 
536 87 59 84 64 65 68 23 76 99 27 24 21 11 
537 21 96 76 68 11 1 38 24 39 87 16 54 28 
538 1 16 28 21 84 11 96 25 38 64 65 76 68 23 
539 1 36 59 54 38 86 39 23 16 87 11 27 21 68 25 
540 64 23 87 86 28 76 39 1 54 14 11 96 38 99 
541 76 86 39 23 28 21 64 87 40 16 99 24 
542 21 23 16 11 64 28 39 27 65 86 76 14 40 68 24 
543 64 65 99 25 11 23 1 68 87 54 40 24 39 
544 38 84 28 14 40 25 64 16 65 68 27 96 
545 1 28 24 23 38 54 16 84 99 11 96 68 
546 96 84 54 87 1 27 40 38 64 68 28 24 
547 96 21 54 84 1 38 76 36 23 87 99 11 27 28 24 
548 24 87 76 64 23 14 65 86 25 54 11 27 16 40 39 
549 16 24 11 76 23 27 87 28 14 21 1 65 54 
550 39 54 64 76 68 28 84 40 86 1 65 23 24 
551 65 76 36 96 68 14 54 21 1 40 59 84 28 24 
552 84 27 25 54 40 21 76 99 87 24 36 65 11 
553 68 23 21 99 65 25 40 84 14 39 87 86 28 
554 87 14 39 24 28 40 21 96 54 23 99 64 11 84 27 16 
555 16 28 59 25 21 1 54 96 84 14 40 99 38 11 39 23 
556 99 11 86 40 38 68 25 1 24 21 76 84 54 
557 1 11 28 86 64 16 14 21 23 24 54 99 
558 59 68 11 36 1 99 87 40 27 16 28 21 65 86 76 64 14 
559 39 23 27 65 86 16 59 38 68 96 84 36 24 1 76 11 64 
560 68 11 23 21 76 36 16 38 27 39 87 40 1 54 25 
561 36 87 59 21 86 23 1 40 24 25 11 64 28 
562 64 28 40 84 27 11 25 54 39 68 38 24 1 76 86 
563 86 25 54 64 87 24 76 84 99 11 38 14 27 23 21 28 
564 68 64 36 86 65 96 84 76 24 27 14 28 99 54 16 21 1 
565 39 21 84 27 87 11 38 16 99 1 96 23 76 24 
566 11 38 59 86 39 16 1 28 76 54 24 99 68 27 14 96 
567 87 40 11 39 68 38 36 23 28 21 86 59 16 84 1 14 96 54 64 
568 64 40 59 96 23 76 36 84 16 99 27 14 
569 59 86 84 68 14 1 99 39 87 40 27 11 28 38 23 96 16 
570 99 25 28 40 65 16 59 27 38 1 76 11 54 23 87 68 84 
571 96 86 68 54 11 39 76 84 25 99 59 
572 84 87 64 59 99 86 11 36 96 54 24 68 40 76 
573 59 25 65 27 96 14 54 39 87 86 11 36 21 38 24 
574 86 76 54 38 64 39 96 68 23 14 28 24 
575 59 39 40 64 76 25 11 54 27 65 84 16 86 1 68 14 38 23 
576 59 1 65 96 87 21 99 28 68 25 27 
577 68 76 59 64 65 54 1 96 27 14 28 24 
578 1 96 54 76 28 99 25 59 86 40 68 39 38 84 36 21 64 
579 21 96 39 23 36 38 24 86 59 28 1 87 40 99 64 65 16 
580 39 23 21 99 16 14 86 84 25 76 27 11 38 
581 39 14 86 99 28 40 65 1 21 76 64 38 84 23 59 11 27 
582 39 28 1 64 14 96 54 36 23 21 40 25 99 87 
583 24 14 40 99 84 27 39 16 65 36 21 25 64 87 
584 99 38 28 96 54 16 36 23 68 76 11 21 39 27 1 
585 36 86 38 1 40 68 87 28 21 54 25 24 27 14 76 
586 27 1 23 38 68 40 25 14 86 36 11 39 21 96 64 
587 86 68 38 14 65 1 96 21 84 16 59 25 64 76 54 28 24 
588 76 64 1 96 99 68 24 84 11 54 25 59 38 21 28 
589 36 25 54 96 76 16 65 84 23 68 39 14 
590 86 38 64 59 84 36 87 96 99 25 40 21 76 39 16 65 1 27 28 
591 59 68 38 25 40 54 27 16 96 99 24 86 84 28 21 
592 1 76 27 14 28 59 36 11 39 24 54 87 84 
593 96 40 21 54 87 14 1 27 16 68 25 64 99 39 76 
594 65 21 87 1 38 27 28 59 76 39 36 
595 59 84 23 99 14 24 96 27 28 38 68 16 76 64 
596 87 1 11 14 40 38 39 65 64 59 25 21 23 86 99 54 28 36 
597 59 25 40 1 86 28 96 65 11 84 36 64 39 23 
598 21 86 16 76 99 38 23 14 27 11 
599 65 68 54 64 59 76 14 23 96 86 27 28 24 1 36 16 87 
600 84 59 76 24 87 86 68 36 28 65 64 27 25 40 
601 25 23 76 96 65 1 59 99 36 14 16 64 
602 23 38 24 1 86 11 36 28 68 25 84 27 99 
603 65 96 86 40 25 39 87 23 28 24 36 11 16 84 
604 38 86 68 54 99 36 59 39 28 76 24 64 
605 16 68 27 84 87 65 36 24 54 28 76 59 96 99 
606 86 54 36 99 16 64 14 96 1 65 23 27 40 21 
607 84 40 21 39 27 65 68 36 59 64 99 23 87 76 1 96 54 38 24 
608 40 21 1 54 76 96 86 23 84 59 38 64 68 27 36 87 24 
609 1 86 99 59 11 64 40 36 68 39 76 38 23 27 21 28 
610 84 87 25 59 86 14 38 27 24 1 76 23 
611 27 14 54 84 21 11 25 23 65 1 99 64 38 28 
612 76 16 25 1 23 21 36 65 38 14 86 
613 96 28 11 39 59 23 86 36 16 38 
614 21 25 76 87 59 96 1 68 64 36 54 23 11 39 
615 84 65 99 39 23 76 11 38 27 21 87 16 68 36 
616 84 87 14 27 40 99 54 65 64 96 36 39 23 16 24 
617 24 76 84 59 87 68 14 54 64 28 11 65 21 36 99 23 
618 36 27 39 76 23 25 65 99 64 16 87 38 54 21 86 11 84 
619 21 84 23 68 96 99 14 24 59 86 11 39 
620 99 36 1 40 59 21 54 23 96 84 86 16 24 
621 76 54 16 84 87 65 1 38 86 14 40 59 99 24 21 68 
622 65 16 96 11 39 1 86 14 21 27 25 
623 99 59 11 54 96 24 65 86 25 16 39 36 23 
624 23 27 14 65 16 87 99 38 11 84 64 68 28 24 76 96 
625 84 40 23 1 14 68 21 76 24 25 86 87 54 39 28 38 
626 59 11 87 1 65 68 39 28 14 64 23 21 36 40 27 16 
627 84 25 16 87 38 27 21 11 24 39 40 96 99 54 36 59 
628 1 99 96 64 16 40 28 21 68 84 36 11 54 27 24 
629 28 40 14 16 86 24 99 36 87 59 64 
630 68 39 59 65 25 84 64 38 23 87 14 1 76 27 24 99 96 86 36 
631 21 11 40 38 64 23 86 99 68 36 25 76 65 59 96 28 24 
632 11 27 28 99 96 68 24 64 38 59 76 87 65 21 39 
633 64 59 54 24 99 23 1 25 27 16 14 40 68 38 
634 39 40 84 54 36 11 99 87 38 25 27 1 68 23 14 59 16 24 
635 11 54 87 86 68 59 21 76 64 96 38 25 23 14 39 16 
636 16 54 64 27 14 21 96 86 68 65 28 
637 65 84 27 38 68 87 1 54 23 39 99 21 86 24 
638 86 76 11 24 21 36 16 84 28 54 96 59 
639 59 36 76 24 21 64 14 38 25 23 1 84 40 16 87 11 68 27 
640 11 64 39 1 84 65 21 23 28 87 
641 14 87 24 59 76 23 11 40 64 27 28 86 39 21 84 16 
642 86 84 24 99 39 27 21 54 68 64 14 36 59 
643 84 87 24 21 39 23 59 99 64 68 16 96 86 25 
644 14 16 87 28 99 1 96 21 76 59 24 38 11 
645 59 99 38 84 54 16 86 64 28 21 76 36 14 
646 84 16 99 64 11 1 96 68 38 54 24 76 21 28 36 40 
647 21 54 24 1 11 84 16 23 65 64 76 38 40 27 
648 21 99 59 36 27 40 28 68 38 54 64 14 
649 54 23 14 86 76 40 59 96 99 36 65 64 39 24 1 25 87 16 
650 59 76 84 40 21 54 39 68 64 11 28 99 
651 68 36 1 96 25 86 99 24 21 59 54 16 76 28 40 
652 86 87 84 28 1 40 21 36 39 27 
653 24 39 27 99 54 11 16 76 25 21 87 65 96 64 23 84 28 
654 59 76 25 14 39 36 21 68 23 99 24 96 54 84 87 
655 99 21 38 84 39 1 14 68 59 40 96 23 
656 1 64 28 27 16 99 11 59 24 68 84 14 38 54 65 40 76 
657 86 65 1 14 99 11 76 87 59 54 39 36 68 27 
658 38 54 36 87 28 76 65 59 25 1 68 40 86 39 24 
659 38 54 36 40 24 14 39 68 25 16 76 21 23 
660 24 96 99 54 36 11 14 59 27 40 84 23 21 76 39 65 
661 76 23 21 86 99 68 64 16 28 40 38 65 87 
662 1 64 23 87 40 59 16 21 38 84 28 11 14 24 68 25 
663 86 11 25 28 84 24 23 14 21 36 38 59 40 
664 54 86 84 27 25 1 99 11 87 76 38 28 36 23 68 24 16 
665 84 65 64 16 59 28 86 25 87 27 
666 59 84 40 11 1 86 96 68 25 36 76 65 23 87 64 39 
667 86 36 23 76 16 11 38 28 54 59 27 99 39 24 
668 68 25 1 84 38 54 14 64 87 28 24 96 59 40 76 
669 16 65 96 39 99 59 64 38 36 28 11 54 40 
670 65 16 68 27 54 39 40 86 64 1 11 59 84 38 76 14 
671 96 16 99 84 23 14 1 39 65 28 21 38 25 68 
672 59 65 11 64 25 36 76 38 14 87 40 
673 24 86 27 14 21 87 59 25 16 28 40 1 11 65 64 23 99 
674 36 87 11 59 76 27 84 40 25 14 
675 11 25 36 14 24 21 99 86 65 87 96 68 76 27 28 59 38 
676 28 65 25 23 59 1 64 96 54 36 14 68 84 87 11 
677 76 24 59 21 86 1 25 54 84 39 68 65 87 96 27 
678 39 96 76 65 54 36 40 99 
679 65 84 23 16 21 96 59 39 64 99 36 76 28 1 27 87 
680 39 84 59 86 36 24 16 28 68 65 11 25 1 76 96 64 
681 86 87 24 99 84 65 11 16 21 38 96 64 23 28 25 
682 84 68 40 65 1 64 14 87 36 38 16 
683 65 96 28 87 27 24 59 86 99 40 25 54 68 64 21 76 36 
684 64 38 54 40 99 23 24 68 25 87 21 96 86 76 27 16 28 
685 39 24 59 54 25 84 96 38 87 65 76 64 36 
686 28 65 99 68 23 76 16 86 40 39 87 54 24 11 
687 39 27 68 86 24 1 65 21 76 23 16 14 28 59 11 99 36 
688 99 68 86 54 39 24 1 40 38 64 59 96 16 14 76 28 25 
689 27 11 84 21 86 40 14 65 24 38 23 54 68 59 
690 59 11 87 1 96 99 68 27 65 86 24 
691 68 38 27 40 99 39 87 76 59 65 86 25 14 64 96 23 11 16 
692 59 21 86 96 38 64 65 68 76 11 40 24 
693 99 59 11 38 28 76 14 86 36 1 84 54 68 
694 14 76 21 1 38 24 96 23 16 59 25 36 27 
695 87 16 84 54 64 21 24 76 27 28 65 99 40 68 14 96 
696 65 14 24 54 1 64 76 40 86 99 87 28 25 96 59 11 84 
697 36 87 86 99 11 84 65 1 64 14 76 38 54 16 
698 68 28 1 59 65 11 25 54 64 14 36 24 96 84 21 86 99 23 87 
699 38 1 64 76 68 23 24 16 40 11 87 96 14 65 86 99 
700 14 28 76 1 68 11 59 38 64 
701 1 24 27 76 84 86 28 65 54 59 21 96 16 68 14 39 
702 86 39 59 1 25 28 65 76 38 36 54 23 27 24 
703 21 64 1 96 38 11 23 59 99 16 87 68 84 25 39 28 
704 25 64 96 86 39 65 59 27 21 14 16 40 99 11 
705 86 84 23 59 36 24 28 76 1 40 96 68 64 16 25 14 
706 86 65 64 27 1 38 84 28 24 96 87 16 40 
707 21 23 86 16 27 36 40 25 96 99 84 87 76 54 
708 38 76 14 84 40 23 86 11 54 
709 99 11 16 24 87 68 38 25 64 36 86 76 23 65 1 59 
710 39 64 36 76 68 99 38 1 11 54 28 21 25 24 16 40 
711 25 64 24 76 21 59 54 87 1 86 23 27 99 68 16 39 96 65 
712 68 38 59 21 25 14 36 11 54 64 87 40 27 24 65 76 28 
713 21 23 16 68 64 24 1 65 59 38 
714 54 87 86 28 21 40 76 36 1 16 59 68 14 11 
715 59 21 1 87 84 40 96 39 86 76 36 65 99 24 27 11 
716 96 40 25 59 86 76 11 23 14 
717 99 36 23 24 87 21 38 65 76 27 86 11 14 39 40 
718 65 24 64 76 84 39 38 86 68 11 28 40 
719 27 96 68 11 64 87 65 76 23 28 24 84 59 54 99 25 40 
720 21 14 36 39 24 40 68 38 25 
721 21 68 38 11 84 36 64 25 24 1 28 40 99 16 
722 86 21 68 16 11 54 14 24 39 28 40 23 84 64 
723 54 16 87 64 40 65 76 24 27 99 36 1 86 38 68 39 
724 99 38 16 23 76 21 25 14 1 54 64 28 86 
725 27 16 14 65 38 39 36 54 25 59 28 21 64 1 96 84 23 99 40 76 
726 38 24 39 11 65 16 68 96 76 99 86 23 
727 25 76 65 54 84 87 96 64 28 1 23 16 14 
728 28 1 54 65 96 38 39 11 23 99 84 68 
729 40 65 11 54 64 27 99 25 24 96 16 1 84 14 23 68 87 
730 27 40 24 21 1 87 59 76 65 86 54 23 11 64 96 84 
731 40 16 87 21 84 23 1 64 11 28 86 38 14 24 68 54 
732 28 76 16 14 39 84 38 64 27 68 11 54 
733 59 99 24 84 28 65 21 86 87 1 76 27 36 11 
734 99 27 14 54 76 39 86 23 96 84 1 64 36 
735 1 38 36 16 87 14 23 25 54 21 86 24 68 11 
736 1 99 38 21 96 64 16 68 25 27 40 59 24 
737 76 64 24 99 96 86 23 40 54 87 59 84 14 1 11 36 68 
738 54 39 86 64 99 38 87 11 21 96 76 65 36 14 28 
739 68 24 21 86 28 87 16 1 40 39 23 38 84 
740 68 84 39 21 36 76 11 23 87 40 54 14 99 25 86 
741 59 84 96 65 76 40 68 99 64 25 54 39 23 28 
742 87 65 84 54 86 99 25 64 16 96 38 40 21 39 23 68 1 27 24 
743 99 87 65 14 28 24 1 86 11 38 84 54 68 64 39 
744 65 84 99 11 76 68 59 86 27 14 96 21 87 38 16 39 28 
745 38 84 65 14 86 11 59 27 64 21 99 68 76 87 
746 38 59 54 64 14 21 68 27 96 40 86 28 84 
747 11 59 68 21 25 84 24 39 23 28 64 36 76 16 
748 36 40 23 87 28 21 76 38 84 14 1 27 11 54 25 86 99 65 
749 38 36 24 14 28 40 84 54 27 
750 86 54 99 64 11 27 24 76 23 36 84 65 14 28 
751 11 28 68 38 65 54 
752 65 76 86 99 59 11 16 14 39 36 28 25 21 38 64 23 54 
753 36 16 76 25 87 21 23 24 96 11 54 28 68 27 
754 59 23 11 27 99 87 1 96 86 68 36 21 39 54 
755 84 23 86 68 27 99 40 59 87 1 38 
756 64 23 99 54 39 24 86 68 1 38 36 65 76 87 
757 65 40 1 76 24 11 59 86 16 96 23 27 
758 76 16 68 1 38 65 25 36 21 99 27 96 64 14 24 86 54 28 
759 38 16 14 76 68 64 54 28 21 39 23 27 40 
760 1 84 27 76 99 14 40 54 28 96 86 65 
761 87 76 11 59 54 84 16 65 36 25 23 40 99 96 86 
762 40 25 84 24 86 64 11 28 96 59 87 1 38 14 
763 86 40 27 59 1 25 23 68 54 87 21 64 
764 87 40 21 84 36 28 64 39 65 24 11 27 76 14 16 
765 21 11 23 1 39 27 68 38 25 16 87 28 
766 68 28 24 54 39 14 96 11 84 64 1 25 36 59 
767 65 76 64 16 1 68 38 86 99 59 11 96 39 54 28 24 27 14 21 84 36 
768 64 87 59 84 40 86 65 38 36 24 28 96 99 14 39 21 76 
769 99 65 40 96 23 76 1 11 21 36 38 86 64 
770 38 65 11 25 14 59 1 86 36 39 23 68 27 28 76 64 87 40 
771 25 96 23 28 16 65 11 27 54 84 14 
772 11 84 27 14 21 96 25 40 1 38 64 28 68 76 54 23 16 59 24 
773 21 11 84 65 39 24 28 23 16 38 36 86 
774 65 99 38 84 39 87 14 76 23 28 54 68 25 27 40 96 21 86 
775 23 24 99 28 40 84 36 21 96 76 27 1 54 64 16 
776 27 40 54 39 38 21 11 68 84 36 23 59 14 28 25 64 
777 38 23 84 27 54 65 21 76 64 87 1 96 36 24 
778 68 96 11 24 21 64 99 14 1 27 87 59 28 54 
779 59 54 25 27 84 16 28 99 65 38 23 76 14 
780 99 11 64 1 87 54 36 59 38 27 
781 87 23 27 16 39 54 36 99 40 76 84 65 11 14 
782 14 96 11 84 28 59 86 24 1 64 36 76 21 65 39 27 
783 86 25 38 23 36 68 54 11 65 16 24 
784 96 76 11 38 23 1 68 28 16 86 99 36 24 64 21 54 14 39 25 
785 25 28 86 16 84 14 36 23 64 76 38 27 96 87 1 
786 1 39 24 16 87 68 38 59 96 99 23 65 86 27 
787 39 87 24 25 14 65 23 16 27 28 21 1 68 84 
788 87 68 23 21 25 96 59 38 16 99 64 40 84 76 
789 76 23 40 64 86 21 25 87 39 59 99 16 1 27 28 
790 59 96 14 40 1 86 65 76 84 64 11 54 27 28 
791 54 99 40 11 84 27 1 96 65 76 64 23 86 16 
792 76 38 16 21 65 25 84 28 87 40 24 54 39 99 23 
793 87 76 25 1 64 24 84 23 14 28 38 99 39 86 
794 64 68 1 27 54 11 38 25 84 21 36 86 39 
795 40 64 96 39 23 24 84 27 1 65 
796 1 21 25 40 87 68 36 23 64 24 59 76 
797 86 76 84 23 96 64 40 65 24 1 99 38 27 87 
798 99 68 64 36 96 54 86 84 23 24 21 25 87 39 11 16 
799 1 11 25 24 54 64 39 87 96 27 86 68 38 76 
800 54 76 25 39 11 38 23 59 27 16 99 36 14 
801 64 39 36 86 25 23 14 96 99 87 21 16 1 38 65 40 
802 64 65 87 25 14 86 99 11 28 84 39 23 36 68 27 
803 59 27 28 87 21 11 84 40 14 68 38 23 86 16 64 39 36 
804 65 38 99 64 23 16 68 11 36 28 40 59 87 
805 27 59 25 65 39 14 21 1 64 16 99 87 23 38 
806 21 84 23 24 86 38 39 76 59 14 36 27 99 28 1 65 
807 76 84 96 54 59 27 16 36 28 21 38 87 11 14 
808 1 76 59 11 38 84 54 21 68 36 87 28 
809 36 59 68 21 96 24 54 11 84 23 27 65 1 28 86 
810 86 68 84 28 64 1 23 27 40 54 59 16 99 
811 1 96 84 16 36 99 40 65 68 27 28 14 39 21 
812 25 68 21 87 96 27 36 16 86 84 65 38 59 
813 21 23 99 25 28 39 16 40 65 1 96 27 54 87 11 14 24 84 
814 86 54 64 36 11 84 99 16 76 87 59 68 21 23 
815 96 64 28 76 38 16 1 11 36 27 14 54 39 23 24 86 25 
816 68 40 16 1 39 27 99 87 24 21 86 
817 64 86 36 87 40 68 27 96 28 38 1 11 
818 11 87 68 23 59 36 21 1 27 99 25 84 76 64 40 
819 27 96 99 84 11 64 16 38 40 24 25 54 14 59 23 1 86 68 
820 25 36 87 59 64 21 38 23 14 68 40 24 16 96 
821 99 36 11 40 28 24 86 68 21 1 65 25 23 87 
822 1 65 11 39 54 99 84 68 23 28 21 59 16 
823 21 54 27 16 24 39 40 14 84 59 86 23 1 64 36 76 
824 54 64 87 28 38 39 36 86 99 68 84 14 96 27 
825 96 84 76 40 23 16 28 21 86 54 14 24 36 65 11 27 1 
826 96 99 64 54 39 76 40 11 68 25 36 86 65 27 
827 65 24 14 25 27 96 54 68 64 87 21 99 38 36 59 
828 87 65 36 1 23 14 99 38 59 27 11 84 
829 38 65 86 11 25 54 14 59 76 99 23 27 87 24 68 
830 84 24 68 14 59 1 25 54 39 76 99 65 21 86 23 27 28 96 11 
831 64 24 65 1 36 23 11 14 86 99 25 87 28 76 59 84 39 38 40 
832 23 28 1 96 16 24 86 38 25 54 11 
833 96 16 36 86 68 11 39 76 28 65 21 64 24 99 87 
834 24 25 38 65 21 99 68 84 54 39 36 11 16 87 23 
835 27 96 36 54 16 59 39 65 84 86 21 76 87 40 
836 16 76 99 11 86 64 1 96 28 40 84 23 39 59 25 
837 1 23 86 68 76 27 24 11 14 54 84 65 25 96 39 16 28 87 
838 28 38 40 25 76 16 86 99 23 96 39 64 59 84 
839 84 21 54 36 68 28 25 86 14 99 64 96 27 24 16 
840 84 21 96 25 38 54 64 16 87 68 36 86 14 1 76 
841 38 84 65 36 87 14 86 96 68 1 54 11 64 16 28 
842 65 28 96 27 36 24 59 64 39 76 11 25 14 23 16 87 
843 24 65 25 28 11 54 1 76 27 21 87 14 84 68 
844 54 23 65 87 59 21 86 84 24 64 1 68 11 39 76 16 
845 68 54 87 84 36 23 16 1 14 28 21 76 59 39 40 24 
846 54 16 23 65 68 64 25 87 24 86 96 39 36 40 1 
847 36 76 39 84 59 99 38 16 87 11 96 64 23 25 1 86 24 68 14 
848 54 99 36 14 21 38 25 11 23 16 28 96 65 24 76 39 
849 38 87 76 68 25 65 99 64 27 40 23 
850 36 76 14 86 54 11 64 16 87 21 68 40 24 65 99 25 28 
851 68 11 38 39 1 23 21 36 28 84 40 14 86 24 
852 84 21 87 1 25 28 40 65 68 11 64 39 59 24 
853 40 24 38 36 23 68 99 54 21 1 96 11 86 64 87 
854 21 84 25 65 1 23 27 68 39 36 11 86 38 87 
855 84 23 24 16 14 59 96 64 1 38 27 28 25 36 
856 38 65 25 28 21 99 39 27 64 87 16 1 68 
857 28 24 21 76 25 59 96 39 14 86 84 23 
858 39 40 27 86 87 59 14 16 64 84 54 1 25 
859 40 24 38 54 64 23 28 59 27 76 87 21 99 36 39 25 
860 64 23 27 14 65 11 24 99 54 87 36 21 76 68 28 
861 59 68 84 27 38 64 1 99 76 39 14 
862 59 38 28 24 21 68 11 23 1 39 99 16 40 
863 59 38 14 65 39 16 54 64 36 27 25 84 28 
864 39 96 68 59 86 23 28 27 84 16 99 54 21 11 87 76 24 
865 87 76 14 21 54 11 68 27 96 24 64 40 39 
866 27 16 24 21 36 28 68 39 14 96 86 84 59 23 1 54 40 11 38 64 
867 68 64 21 76 38 84 14 96 23 86 25 40 27 65 99 
868 24 23 21 68 54 87 64 84 1 11 39 38 59 27 40 
869 23 99 64 59 84 36 65 25 14 11 16 21 96 38 87 28 
870 68 38 99 96 86 24 27 40 25 54 
871 38 28 24 16 84 27 14 65 86 11 99 54 68 87 
872 96 86 11 38 64 39 36 65 76 99 84 54 1 25 14 
873 54 36 14 21 1 16 68 84 76 40 
874 11 28 21 96 36 59 39 23 87 99 54 38 84 64 
875 65 68 76 36 16 59 96 99 38 25 54 21 86 84 64 87 23 
876 64 14 36 40 21 86 84 87 76 11 54 16 28 96 1 38 
877 99 27 76 68 38 28 36 25 84 24 87 11 23 65 
878 1 68 36 99 14 11 39 27 24 21 28 23 40 96 76 
879 87 14 64 25 11 39 23 1 76 84 40 28 59 16 
880 64 59 39 28 24 23 87 14 96 68 84 
881 11 16 28 99 36 23 59 38 1 
882 87 59 38 86 40 68 36 23 16 28 1 76 39 24 
883 25 14 59 54 16 99 84 65 64 28 40 96 27 
884 1 14 64 40 86 39 76 36 28 68 25 38 59 11 
885 25 11 23 28 65 76 68 21 99 39 96 16 27 1 
886 11 25 87 39 16 99 68 24 86 40 27 59 54 
887 1 68 27 86 84 87 24 11 40 21 38 64 25 65 36 99 39 59 76 23 
888 59 84 1 86 36 16 99 39 87 68 40 
889 59 86 21 96 54 23 65 39 14 40 
890 21 54 65 39 25 87 14 76 38 64 36 28 68 84 
891 84 25 14 24 68 86 54 1 99 64 28 87 23 
892 59 27 23 24 68 54 96 76 64 87 99 14 16 
893 23 40 68 36 27 39 14 64 16 1 84 28 24 
894 59 87 21 1 40 99 36 16 96 11 14 24 
895 16 38 23 28 99 14 40 11 64 21 68 25 86 
896 64 65 23 76 11 14 84 36 86 59 1 54 
897 28 40 87 16 76 14 27 21 96 59 39 65 
898 64 39 65 76 68 36 11 23 99 16 86 25 54 24 59 
899 24 27 59 21 76 86 68 14 54 11 25 16 40 36 87 
900 27 59 40 28 21 68 76 36 54 64 38 99 25 86 23 
901 86 39 24 87 68 1 84 11 54 65 25 28 38 23 40 21 
902 64 59 38 23 27 86 76 65 40 16 84 
903 39 23 64 65 86 87 40 1 68 11 21 59 76 24 38 
904 84 16 87 11 36 64 86 99 38 54 23 14 39 65 24 
905 99 25 64 23 1 96 24 21 86 59 36 68 76 
906 21 36 16 40 11 23 24 59 84 27 87 68 76 65 14 
907 86 36 87 1 16 64 27 25 84 38 96 39 24 76 
908 39 59 21 40 36 11 86 64 28 24 16 
909 76 64 14 16 68 38 1 86 11 27 87 40 96 65 54 
910 59 99 36 14 40 21 86 25 64 23 76 38 54 28 
911 1 76 99 25 84 24 86 64 38 96 68 11 36 21 54 23 65 28 59 27 40 
912 96 27 86 68 84 40 76 99 38 59 65 1 25 39 21 64 28 
913 16 65 24 87 23 1 68 38 27 96 25 39 28 40 
914 54 16 40 86 24 39 65 11 25 1 64 14 87 38 99 
915 65 64 68 1 96 54 36 40 38 11 25 76 86 24 
916 86 65 16 24 76 21 27 40 38 25 84 54 99 68 39 59 14 
917 96 16 59 76 64 23 65 21 11 1 38 14 28 84 87 40 54 27 
918 21 11 84 39 24 65 86 36 76 27 38 25 40 96 64 23 1 99 87 
919 99 36 59 96 16 28 86 39 23 65 1 24 76 21 38 87 40 
920 21 96 38 11 54 64 39 28 27 40 68 84 65 
921 68 40 54 14 76 39 36 86 99 25 16 65 96 
922 27 14 87 59 68 16 40 96 76 86 25 39 28 24 
923 65 68 84 76 14 99 23 24 39 27 21 36 1 38 
924 76 38 64 40 65 1 99 54 68 27 14 21 96 84 39 36 87 28 86 59 
925 86 21 1 96 28 14 16 59 25 65 23 99 68 64 39 
926 76 65 40 54 1 86 39 14 24 21 25 28 87 96 59 23 11 
927 11 21 99 24 84 36 23 27 54 64 16 28 86 25 40 59 
928 65 96 76 68 21 1 54 87 14 23 40 25 36 11 39 59 
929 40 65 23 28 54 64 21 16 39 76 36 27 1 
930 1 36 68 40 84 16 28 11 64 23 54 76 65 96 25 
931 1 99 38 84 16 14 40 36 28 27 59 68 86 87 21 
932 38 40 86 25 64 36 14 28 27 84 87 
933 86 54 40 14 87 84 28 99 96 23 27 
934 86 87 99 11 25 23 84 59 27 28 40 76 68 14 96 24 38 
935 54 68 39 86 38 1 36 87 59 96 65 28 21 24 76 
936 27 25 1 54 64 40 76 87 68 38 59 11 28 21 96 24 
937 64 54 16 11 25 27 28 76 68 96 86 23 
938 68 86 21 27 14 23 24 76 16 99 39 36 11 87 65 
939 21 38 28 65 84 99 76 27 11 59 39 14 96 16 87 
940 54 23 11 24 76 36 27 86 38 40 65 96 59 1 28 87 
941 54 36 99 87 65 23 40 86 59 96 39 24 
942 59 86 64 1 39 99 28 96 23 24 11 38 65 16 
943 84 87 86 99 54 23 14 28 16 65 96 24 21 64 
944 86 23 59 99 84 21 38 76 54 64 14 25 1 16 39 40 
945 96 54 24 25 64 11 38 14 21 65 68 76 99 
946 64 1 27 11 25 84 23 14 68 16 99 40 86 76 38 39 36 
947 1 25 21 68 86 14 28 24 40 96 76 84 16 27 87 
948 59 76 11 96 1 27 36 87 24 
949 59 39 24 99 25 86 87 21 1 76 38 54 40 11 28 
950 21 14 64 36 1 38 24 11 39 40 65 
951 23 24 68 28 86 99 76 84 87 40 
952 36 54 64 25 23 24 21 76 68 59 14 1 40 86 11 84 65 27 
953 28 38 39 16 21 11 27 96 24 1 68 23 65 87 14 
954 86 16 99 28 40 23 1 21 27 76 11 59 38 
955 87 64 39 65 1 76 36 23 11 21 84 68 16 
956 64 23 11 38 59 28 99 84 27 14 1 76 36 16 68 25 40 
957 25 64 24 65 14 40 11 23 39 27 16 21 86 28 
958 28 68 25 39 65 38 59 1 21 86 36 76 23 16 64 87 40 
959 16 87 65 76 68 11 28 96 25 54 23 24 99 84 64 
960 23 27 25 68 84 16 40 36 14 99 65 86 
961 99 76 23 87 36 59 96 68 11 64 16 84 54 27 
962 38 76 11 86 87 14 24 1 25 84 27 28 16 39 23 
963 39 59 99 27 1 14 96 28 86 23 84 
964 64 14 65 59 96 11 54 39 16 38 23 25 84 28 21 40 
965 25 14 99 59 40 36 21 1 28 87 68 84 54 64 39 86 38 16 
966 59 39 38 54 36 99 87 40 65 76 84 21 14 24 25 27 
967 99 68 40 59 86 54 24 27 76 64 25 36 96 23 14 
968 25 39 40 65 87 86 16 96 84 
969 21 39 24 65 86 68 87 23 76 54 38 64 
970 65 54 25 59 76 36 64 27 38 11 40 86 68 14 
971 21 14 99 36 86 28 24 64 23 65 38 39 76 68 11 84 16 
972 1 99 27 54 23 87 59 21 86 76 39 38 24 
973 65 14 87 25 23 99 24 64 86 36 11 
974 28 14 38 54 23 1 24 84 27 65 68 
975 28 21 16 99 68 54 25 11 39 23 36 87 59 
976 64 24 76 23 27 40 99 25 39 36 21 68 54 14 86 11 84 
977 65 96 87 76 21 25 59 39 64 99 
978 65 28 1 76 39 68 25 27 40 21 99 87 
979 36 16 68 59 65 99 40 96 27 21 11 87 24 25 23 
980 84 27 14 40 36 99 76 65 86 38 96 1 68 11 
981 16 38 54 14 23 59 96 65 99 87 84 64 21 1 76 11 
982 1 25 87 28 54 59 84 65 21 16 99 11 23 27 40 
983 23 38 24 76 25 84 11 59 21 1 96 64 87 40 
984 96 14 59 40 99 54 86 38 84 21 24 
985 59 68 39 54 38 23 21 36 86 1 99 28 96 11 84 
986 64 87 99 86 23 68 39 84 65 59 14 28 24 16 
987 68 54 16 23 27 96 39 24 28 76 84 65 1 25 36 40 
988 21 76 59 84 64 27 96 40 24 99 38 14 28 
989 14 87 40 24 36 23 28 76 64 39 59 21 25 96 1 86 54 
990 59 96 76 1 99 27 21 86 87 36 68 24 39 23 54 25 84 
991 76 99 96 38 54 68 36 28 40 86 39 
992 1 36 14 24 23 54 21 76 38 28 99 96 39 27 16 84 87 40 
993 68 54 36 65 1 76 16 11 40 64 21 27 14 28 96 39 23 24 
994 96 36 54 1 11 87 28 40 14 86 23 16 25 
995 59 86 40 11 23 39 16 99 87 28 1 38 76 36 84 14 65 
996 86 76 36 65 38 28 24 21 64 16 25 96 27 
997 40 64 36 87 96 99 28 84 25 59 24 1 76 23 
998 59 14 38 76 11 87 24 54 68 65 21 99 84 86 
999 59 21 24 68 38 1 40 25 84 76 16 87 39 86 11 64 
