0 10.8987596 44.6644459 228 1.0 3
1 10.8982148 44.6645818 34 1.0 33
2 10.8993774 44.6642877 179 1.0 1
3 10.8991216 44.6649888 10110 1.0 38
4 10.8984116 44.6650589 32 1.0 72
5 10.8989342 44.663761 5998 1.0 22
6 10.8991127 44.6637986 6008 1.0 84
7 10.8988508 44.663607 16957 1.0 95
8 10.898197 44.6651028 35 1.0 44
9 10.897847 44.6646754 237 0.0 81
10 10.8995825 44.6651201 219 1.0 90
11 10.8994219 44.6653618 227 1.0 17
12 10.8992855 44.6654683 31 1.0 89
13 10.8984773 44.6630897 16953 1.0 1
14 10.8986097 44.6630565 16961 1.0 82
15 10.8987301 44.6630264 5990 1.0 39
16 10.8988482 44.6630185 5997 1.0 27
17 10.8989643 44.6630108 5996 1.0 19
18 10.8991035 44.6630075 5979 1.0 56
19 10.898801 44.6659451 31 0.0 80
20 10.8978152 44.6632581 16964 1.0 66
21 10.8988499 44.6627348 5992 1.0 32
22 10.8989562 44.6627303 346 1.0 1
23 10.8988502 44.6626728 5980 1.0 39
24 10.8986342 44.6626661 5989 0.0 78
25 10.8983006 44.6627086 16951 0.0 80
26 10.8984401 44.6626342 16954 1.0 27
27 10.8982792 44.6626666 16951 1.0 44
28 10.8986171 44.6626018 5982 1.0 65
29 10.8988691 44.662573 348 1.0 74
30 10.8989517 44.6625747 346 0.0 12
31 10.8981189 44.6624163 20216 1.0 27
32 10.8980572 44.6622885 16755 1.0 16
33 10.9004556 44.6629328 5974 1.0 79
34 10.8996232 44.6665502 11239 1.0 80
35 10.8982278 44.6622141 8835 1.0 89
36 10.8968361 44.6631016 14742 1.0 77
37 10.900419 44.6661109 230 1.0 78
38 10.8968147 44.6630597 16955 1.0 13
39 10.8979982 44.6621683 16755 0.0 37
40 10.8989429 44.6619939 347 1.0 78
41 10.8990365 44.6619905 5975 0.0 5
42 10.8990944 44.6619862 5955 1.0 36
43 10.8980673 44.6668559 33 1.0 16
44 10.8980948 44.6619604 16757 1.0 42
45 10.8988503 44.6618304 5968 1.0 76
46 10.8964918 44.6631342 14415 1.0 55
47 10.8989404 44.6618292 351 1.0 25
48 10.899022 44.6618278 5957 1.0 62
49 10.8964435 44.6630964 7402 1.0 27
