0 10.8729007 44.6330521 1455 0.0 86
1 10.8729106 44.6330067 1438 1.0 79
2 10.8729559 44.632805 1438 0.0 6
3 10.8730214 44.6324983 1440 1.0 8
4 10.8729832 44.6339556 10252 0.0 40
5 10.8726524 44.6340361 1456 1.0 36
6 10.8718968 44.6328951 1452 0.0 76
7 10.8719411 44.6326898 1439 1.0 13
8 10.8731784 44.6317884 3780 1.0 62
9 10.8713755 44.6326255 1465 0.0 26
10 10.8713287 44.6328326 1447 1.0 42
11 10.8714613 44.6337406 1462 0.0 96
12 10.874386 44.6322874 3781 1.0 40
13 10.8715547 44.6318333 1468 1.0 11
14 10.8709645 44.6325789 1446 1.0 55
15 10.8709083 44.6327863 1446 0.0 88
16 10.8733379 44.6310479 10239 1.0 17
17 10.8713093 44.6344147 1506 0.0 28
18 10.8710916 44.6341365 1462 1.0 82
19 10.8744389 44.6315912 5639 0.0 77
20 10.8741419 44.6309627 10239 0.0 37
21 10.8724552 44.6354824 7649 0.0 48
22 10.8713524 44.6351771 7654 1.0 28
23 10.873492 44.630361 10425 1.0 48
24 10.8701416 44.6328388 1455 1.0 13
25 10.8700978 44.6328543 1475 0.0 40
26 10.8700248 44.632689 1448 1.0 88
27 10.8715162 44.6357309 7649 1.0 80
28 10.8718355 44.6301771 1505 1.0 51
29 10.8714272 44.6303618 15047 1.0 43
30 10.8703038 44.6347459 1508 1.0 34
31 10.8698403 44.6324473 1458 0.0 68
32 10.8735799 44.629969 10423 0.0 46
33 10.8700574 44.6316762 1478 0.0 24
34 10.8727979 44.6298027 12932 1.0 78
35 10.8718132 44.6361367 10643 1.0 48
36 10.8722671 44.6362681 13644 1.0 10
37 10.8705096 44.6353874 2941 1.0 9
38 10.8716391 44.6361505 2942 1.0 17
39 10.8703973 44.6307623 17469 1.0 82
40 10.8727661 44.6364618 16816 1.0 64
41 10.8701939 44.6308785 1478 1.0 84
42 10.869578 44.6319917 1435 1.0 83
43 10.8695233 44.6320031 1461 1.0 44
44 10.870131 44.6305966 17468 1.0 14
45 10.8726582 44.6293535 10424 1.0 5
46 10.8711795 44.629725 15046 1.0 65
47 10.8692758 44.6340147 14655 0.0 17
48 10.8717219 44.6294358 12668 1.0 57
49 10.8693655 44.6316377 1435 0.0 25
