0 0.0 0.0 7494 0.0 45
1 0.0 0.0 12707 1.0 21
2 0.0 0.0 7811 0.0 13
3 0.0 0.0 3226 1.0 75
4 0.0 0.0 4459 1.0 2
5 0.0 0.0 18811 1.0 14
6 0.0 0.0 424 1.0 18
7 0.0 0.0 16895 1.0 80
8 0.0 0.0 8263 1.0 67
9 0.0 0.0 1219 1.0 80
10 0.0 0.0 13376 0.0 7
11 0.0 0.0 18943 1.0 65
12 0.0 0.0 16223 1.0 78
13 0.0 0.0 9708 0.0 45
14 0.0 0.0 20267 0.0 99
15 0.0 0.0 19188 1.0 98
16 0.0 0.0 14543 0.0 88
17 0.0 0.0 17261 0.0 38
18 0.0 0.0 4979 1.0 23
19 0.0 0.0 8785 1.0 42
20 0.0 0.0 17671 0.0 99
21 0.0 0.0 19819 1.0 54
22 0.0 0.0 8632 0.0 96
23 0.0 0.0 16178 1.0 29
24 0.0 0.0 6729 0.0 7
25 0.0 0.0 10862 1.0 11
26 0.0 0.0 3892 1.0 98
27 0.0 0.0 19855 1.0 44
28 0.0 0.0 15062 1.0 93
29 0.0 0.0 19599 1.0 52
30 0.0 0.0 13447 1.0 2
31 0.0 0.0 16618 1.0 13
32 0.0 0.0 10247 0.0 22
33 0.0 0.0 15544 0.0 24
34 0.0 0.0 8167 1.0 13
35 0.0 0.0 8208 0.0 73
36 0.0 0.0 1380 1.0 47
37 0.0 0.0 13897 1.0 34
38 0.0 0.0 19431 0.0 21
39 0.0 0.0 16329 0.0 84
40 0.0 0.0 13505 0.0 55
41 0.0 0.0 425 1.0 42
42 0.0 0.0 4115 1.0 72
43 0.0 0.0 16881 1.0 15
44 0.0 0.0 6258 0.0 50
45 0.0 0.0 13297 1.0 15
46 0.0 0.0 16884 1.0 17
47 0.0 0.0 19091 0.0 3
48 0.0 0.0 504 1.0 98
49 0.0 0.0 15289 0.0 57
