0 0.0 0.0 7346 1.0 31
1 0.0 0.0 8622 1.0 32
2 0.0 0.0 11584 1.0 34
3 0.0 0.0 10750 1.0 37
4 0.0 0.0 15611 1.0 52
5 0.0 0.0 1197 0.0 56
6 0.0 0.0 3623 0.0 73
7 0.0 0.0 17428 0.0 24
8 0.0 0.0 17468 0.0 24
9 0.0 0.0 1609 1.0 42
10 0.0 0.0 19474 1.0 94
11 0.0 0.0 11461 1.0 31
12 0.0 0.0 12390 1.0 73
13 0.0 0.0 1209 1.0 93
14 0.0 0.0 1173 1.0 58
15 0.0 0.0 4273 0.0 53
16 0.0 0.0 7589 1.0 73
17 0.0 0.0 18470 1.0 17
18 0.0 0.0 4222 0.0 29
19 0.0 0.0 3096 1.0 86
20 0.0 0.0 17609 0.0 49
21 0.0 0.0 6920 0.0 84
22 0.0 0.0 11702 0.0 83
23 0.0 0.0 18372 1.0 91
24 0.0 0.0 1301 0.0 86
25 0.0 0.0 16214 0.0 54
26 0.0 0.0 14220 0.0 95
27 0.0 0.0 2989 1.0 75
28 0.0 0.0 19428 0.0 73
29 0.0 0.0 20226 0.0 17
30 0.0 0.0 14451 0.0 89
31 0.0 0.0 17689 1.0 41
32 0.0 0.0 19084 0.0 29
33 0.0 0.0 15168 1.0 53
34 0.0 0.0 15593 1.0 40
35 0.0 0.0 1536 1.0 70
36 0.0 0.0 12385 0.0 82
37 0.0 0.0 2535 0.0 18
38 0.0 0.0 16682 0.0 63
39 0.0 0.0 8177 1.0 7
40 0.0 0.0 11800 0.0 91
41 0.0 0.0 12411 0.0 79
42 0.0 0.0 19324 0.0 87
43 0.0 0.0 18463 1.0 13
44 0.0 0.0 1179 0.0 30
45 0.0 0.0 2532 1.0 65
46 0.0 0.0 15014 1.0 3
47 0.0 0.0 13001 0.0 95
48 0.0 0.0 9554 0.0 88
49 0.0 0.0 12443 0.0 88
