150 4.888303 52.382072 45218 1.0 97
260 4.894256 52.350494 23644 1.0 53
315 4.897886 52.375156 27110 1.0 87
322 4.888989 52.383644 38922 1.0 5
14 4.900075 52.376286 28254 1.0 63
321 4.888711 52.367733 74982 1.0 42
40 4.889413 52.35261 28494 1.0 57
257 4.890077 52.355175 78986 1.0 68
20 4.897403 52.374832 27080 1.0 78
314 4.897886 52.375156 27110 1.0 72
165 4.876666 52.374798 31618 1.0 44
115 4.857243 52.322254 114008 0.335 63
258 4.898502 52.357353 28784 0.0 51
247 4.910611 52.356457 77222 1.0 76
166 4.876461 52.365665 31868 1.0 76
75 4.89528 52.37235 28412 1.0 75
71 4.847595 52.35157 53030 0.0 5
64 4.938297 52.391163 10104 1.0 57
223 4.881442 52.365547 30030 0.0 66
296 4.895666 52.376095 28084 0.0 22
224 4.901063 52.37523 27230 0.769 76
110 4.887408 52.38086 44996 0.625 9
158 4.895335 52.371666 27376 1.0 70
288 4.855361 52.35469 79634 1.0 72
100 4.920781 52.36918 77856 0.0 73
203 4.864303 52.362404 54750 1.0 23
1 4.93037 52.36327 16014 1.0 20
74 4.910926 52.391148 37538 0.0 66
108 4.851331 52.370117 1206 1.0 89
107 4.886416 52.378017 31132 1.0 89
136 4.896595 52.3683 27672 1.0 2
197 4.882711 52.375713 30502 0.0 68
265 4.896827 52.357014 28676 1.0 51
98 4.891013 52.380543 38754 1.0 97
44 4.910691 52.370186 26002 1.0 37
336 4.890187 52.372482 77518 1.0 76
46 4.887901 52.36255 29760 1.0 70
268 4.887771 52.38009 45408 0.0 46
227 4.897154 52.366253 27888 1.0 74
171 4.907659 52.37164 26082 0.491 32
111 4.870631 52.36351 33022 1.0 19
183 4.884624 52.363323 29818 1.0 60
251 4.893429 52.35502 93174 1.0 27
294 4.861176 52.363823 54880 1.0 71
67 4.927645 52.355724 17956 1.0 39
96 4.912863 52.39175 38488 1.0 16
188 4.886158 52.362267 29866 1.0 33
283 4.895579 52.365704 85880 1.0 7
81 4.882372 52.380417 45182 1.0 34
324 4.866832 52.353634 32612 0.0 43
