116 13.410003 52.582073 206276 1.0 0
71 13.36526 52.56239 344390 1.0 0
167 13.568935 52.545013 207116 1.0 0
18 13.235855 52.62065 412766 1.0 0
135 13.479835 52.428368 270344 1.0 0
103 13.441099 52.530594 217842 1.0 0
174 13.332343 52.59847 51688 0.0 0
88 13.266398 52.513147 14870 0.429 0
40 13.243504 52.6017 222456 1.0 0
171 13.421672 52.514008 455786 1.0 0
104 13.367434 52.561516 83892 1.0 0
131 13.436799 52.456997 61636 1.0 0
45 13.449723 52.45611 62702 0.0 0
4 13.301191 52.515804 500450 1.0 0
83 13.237425 52.43278 36960 1.0 0
151 13.32066 52.48429 334266 1.0 0
16 13.390625 52.49232 486036 1.0 0
9 13.581378 52.51405 275092 1.0 0
11 13.551647 52.553593 255342 1.0 0
50 13.265585 52.41819 504196 1.0 0
0 13.540479 52.521614 359328 1.0 0
158 13.30655 52.577553 260246 1.0 0
84 13.465465 52.436302 280234 1.0 0
107 13.487003 52.422855 270302 1.0 0
52 13.345196 52.490314 4256 1.0 0
91 13.452345 52.43871 62272 1.0 0
105 13.330525 52.571224 343906 1.0 0
44 13.499274 52.524307 385154 1.0 0
93 13.528095 52.55653 281208 1.0 0
60 13.400249 52.394833 398886 1.0 0
170 13.309344 52.49251 491308 1.0 0
32 13.578497 52.452175 204102 1.0 0
38 13.351233 52.43988 267858 1.0 0
12 13.478583 52.4839 290356 1.0 0
152 13.28759 52.49575 468494 0.539 0
46 13.575798 52.48981 325298 1.0 0
69 13.180447 52.504757 267184 1.0 0
98 13.574478 52.504673 163526 1.0 0
87 13.328953 52.561626 32140 1.0 0
7 13.696143 52.437023 292680 1.0 0
97 13.45 52.61792 501910 0.0 0
79 13.371105 52.558712 23280 1.0 0
102 13.418234 52.528347 206234 1.0 0
76 13.221825 52.536648 274116 1.0 0
140 13.199311 52.54281 502148 1.0 0
56 13.347304 52.596687 259432 1.0 0
63 13.31912 52.49963 8234 0.0 0
154 13.294289 52.50166 2100 1.0 0
111 13.384579 52.470093 13780 1.0 0
178 13.241099 52.537926 372534 1.0 0