0 0.0 0.0 7494 0.0 1
1 0.0 0.0 12707 1.0 90
2 0.0 0.0 7811 0.0 41
3 0.0 0.0 3226 1.0 100
4 0.0 0.0 4459 1.0 50
5 0.0 0.0 18811 1.0 15
6 0.0 0.0 424 1.0 34
7 0.0 0.0 16895 1.0 23
8 0.0 0.0 8263 1.0 75
9 0.0 0.0 1219 1.0 20
10 0.0 0.0 13376 0.0 51
11 0.0 0.0 18943 1.0 28
12 0.0 0.0 16223 1.0 12
13 0.0 0.0 9708 0.0 20
14 0.0 0.0 20267 0.0 49
15 0.0 0.0 19188 1.0 22
16 0.0 0.0 14543 0.0 76
17 0.0 0.0 17261 0.0 37
18 0.0 0.0 4979 1.0 34
19 0.0 0.0 8785 1.0 56
20 0.0 0.0 17671 0.0 33
21 0.0 0.0 19819 1.0 54
22 0.0 0.0 8632 0.0 36
23 0.0 0.0 16178 1.0 26
24 0.0 0.0 6729 0.0 2
25 0.0 0.0 10862 1.0 44
26 0.0 0.0 3892 1.0 24
27 0.0 0.0 19855 1.0 63
28 0.0 0.0 15062 1.0 63
29 0.0 0.0 19599 1.0 57
30 0.0 0.0 13447 1.0 46
31 0.0 0.0 16618 1.0 5
32 0.0 0.0 10247 0.0 21
33 0.0 0.0 15544 0.0 33
34 0.0 0.0 8167 1.0 55
35 0.0 0.0 8208 0.0 37
36 0.0 0.0 1380 1.0 47
37 0.0 0.0 13897 1.0 20
38 0.0 0.0 19431 0.0 27
39 0.0 0.0 16329 0.0 21
40 0.0 0.0 13505 0.0 26
41 0.0 0.0 425 1.0 52
42 0.0 0.0 4115 1.0 17
43 0.0 0.0 16881 1.0 29
44 0.0 0.0 6258 0.0 67
45 0.0 0.0 13297 1.0 45
46 0.0 0.0 16884 1.0 86
47 0.0 0.0 19091 0.0 92
48 0.0 0.0 504 1.0 69
49 0.0 0.0 15289 0.0 59
