323 4.889351 52.352028 34246 1.0 31
118 4.892996 52.355923 93166 1.0 33
412 4.901088 52.375317 27232 1.0 83
197 4.900716 52.35547 28632 0.0 69
48 4.827646 52.350025 129516 0.0 85
312 4.896078 52.37635 28130 0.0 73
102 4.884297 52.354187 29524 0.0 40
402 4.873113 52.33768 83116 1.0 97
252 4.879471 52.38936 44718 1.0 84
42 4.867975 52.341496 1222 1.0 93
7 4.908151 52.381794 80868 1.0 21
134 4.888802 52.372185 30392 1.0 86
177 4.892547 52.35586 28698 1.0 99
245 4.898226 52.36408 26810 0.0 21
29 4.870489 52.3668 32094 1.0 93
223 4.891485 52.369232 26872 1.0 17
201 4.886309 52.378937 45466 1.0 70
80 4.886786 52.372288 30332 1.0 94
109 4.847451 52.34673 52470 1.0 81
65 4.896776 52.37153 27354 1.0 34
301 4.888866 52.357372 29612 1.0 8
408 4.885838 52.380314 45292 1.0 83
415 4.893363 52.372228 28466 0.019 21
16 4.89138 52.367184 82922 0.0 24
12 4.927231 52.35666 113950 1.0 1
