34 4.925542 52.359882 50826 1.0 61
22 4.846973 52.37633 107504 1.0 57
5 4.906079 52.36767 110936 1.0 36
37 4.875339 52.332085 16657 0.551 33
12 4.836856 52.36355 113213 0.832 95
15 4.882052 52.37862 76503 1.0 69
30 4.891603 52.36151 14513 1.0 67
28 4.919383 52.35369 36502 1.0 7
40 4.803939 52.35931 100748 1.0 75
19 4.915005 52.408867 96750 1.0 78
14 4.936015 52.37433 100885 1.0 50
38 4.91244 52.38973 18430 1.0 17
41 4.821822 52.35607 76809 1.0 19
10 4.914047 52.357113 12651 1.0 26
8 4.812624 52.35589 30205 1.0 76
49 4.991116 52.35763 73039 1.0 15
1 4.89868 52.36288 14538 1.0 93
2 4.896958 52.34287 12203 1.0 23
46 4.809815 52.345688 32073 1.0 43
33 4.91682 52.3571 8912 1.0 40
6 4.785801 52.34997 124059 1.0 83
13 4.882195 52.352066 14635 1.0 13
45 4.840693 52.34878 79044 1.0 69
42 4.826976 52.35719 47834 1.0 74
31 4.891057 52.353462 111254 1.0 1
