0 10.802155 59.860302 34970 0.0
1 10.738157 59.913055 138232 0.889
2 10.749122 59.912025 260358 1.0
3 10.867138 59.951633 39437 1.0
4 10.867085 59.95159 289847 0.0
5 10.799877 59.861435 244646 1.0
6 10.717214 59.92947 1203 1.0
7 10.784583 59.881714 297370 1.0
8 10.715596 59.929134 113586 1.0
9 10.765555 59.94959 50757 1.0
10 10.781745 59.945545 160730 1.0
11 10.867358 59.95069 115748 1.0
12 10.70415 59.942513 219680 1.0
13 10.748508 59.914383 28267 0.0
14 10.763607 59.93398 148475 1.0
15 10.764833 59.935104 148081 1.0
16 10.813336 59.896927 267437 0.0
17 10.748612 59.914448 11858 1.0
18 10.716476 59.92911 113789 0.0
19 10.868026 59.95193 213384 0.0
20 10.727453 59.91317 144681 1.0
21 10.819152 59.907593 263613 0.0
22 10.819152 59.907593 263613 0.0
23 10.732013 59.912815 315038 1.0
24 10.728292 59.910885 98248 1.0
25 10.754557 59.937733 279835 1.0
26 10.715917 59.94852 37122 1.0
27 10.812381 59.942245 284469 1.0
28 10.736235 59.912655 246520 1.0
29 10.676813 59.921757 269374 0.0
30 10.845581 59.882484 159256 1.0
31 10.926679 59.960876 229649 1.0
32 10.722002 59.908264 117724 0.24
33 10.749297 59.91094 209919 1.0
34 10.751578 59.911705 260375 1.0
35 10.725353 59.90972 49185 1.0
36 10.758911 59.90855 161829 1.0
37 10.703959 59.942516 219720 1.0
38 10.844721 59.924763 241231 1.0
39 10.740073 59.913513 3195 0.0
40 10.752281 59.91427 112294 1.0
41 10.779148 59.908157 12137 0.0
42 10.781745 59.945545 160730 1.0
43 10.781105 59.945538 234242 0.0
44 10.781745 59.945545 160730 1.0
45 10.847761 59.943806 137150 1.0
46 10.725408 59.912415 156606 1.0
47 10.878538 59.95173 40833 1.0
48 10.780719 59.907417 243597 1.0
49 10.781745 59.945545 160730 1.0
50 10.781745 59.945545 160730 1.0
