0 10.8676 59.9305 28428 1 
1 10.7498 59.9286 119818 1 
2 10.8093 59.9423 124257 1 
3 10.7114 59.9202 8001 1 
4 10.7599 59.9475 8665 0 
5 10.8894 59.9363 129608 1 
6 10.7918 59.9108 282707 1 
7 10.7768 59.9458 80410 1 
8 10.7821 59.9638 291993 1 
9 10.6595 59.9288 156408 0 
10 10.6751 59.951 305986 1 
11 10.7288 59.9263 10141 1 
12 10.8348 59.8499 31126 0.227 
13 10.8198 59.8789 321755 1 
14 10.6603 59.9296 98440 1 
15 10.744 59.9353 163642 1 
16 10.8838 59.9602 247217 0.127 
17 10.7771 59.9144 162350 0 
18 10.6359 59.9268 184577 1 
19 10.8784 59.9476 214703 1 
20 10.9105 59.9527 195912 1 
21 10.7899 59.9016 261864 1 
22 10.8386 59.9436 270753 1 
23 10.7091 59.9184 276653 1 
24 10.6417 59.9621 54604 1 
25 10.7255 59.9503 3263 1 
26 10.8477 59.9156 327152 1 
27 10.705 59.9102 77243 1 
28 10.9074 59.9627 68364 1 
29 10.8207 59.9106 34439 1 
30 10.8044 59.8475 315849 1 
31 10.7512 59.9209 154163 1 
32 10.7101 59.9092 242726 1 
33 10.8399 59.8936 266561 1 
34 10.8248 59.9267 173902 1 
35 10.8423 59.9233 137333 0 
36 10.8522 59.8987 309878 1 
37 10.8853 59.9593 68907 0.703 
38 10.8437 59.9226 241227 1 
39 10.7143 59.9093 54398 1 
40 10.6435 59.9476 274392 1 
41 10.7053 59.9426 219661 1 
42 10.6414 59.9625 54600 1 
43 10.8336 59.944 53125 1 
44 10.7555 59.9385 1321 1 
45 10.769 59.9391 148057 1 
46 10.7769 59.9261 160135 1 
47 10.7571 59.9235 147818 1 
48 10.7534 59.9134 286393 0 
49 10.7447 59.9127 209948 0 
50 10.9086 59.9528 184819 1 
51 10.8562 59.9222 182343 0 
52 10.7939 59.9396 71348 1 
53 10.7571 59.9224 147811 0.942 
54 10.7204 59.9268 276999 1 
55 10.7434 59.9138 145227 1 
56 10.6764 59.9272 105001 1 
57 10.7162 59.9286 213131 1 
58 10.8299 59.8487 145939 0 
59 10.7738 59.9468 80445 0 
60 10.7352 59.9379 196790 1 
61 10.8819 59.9328 71097 1 
62 10.8478 59.9438 137150 1 
63 10.8407 59.8945 293881 1 
64 10.8483 59.9261 241759 1 
65 10.7616 59.9343 119669 1 
66 10.6937 59.9507 166343 1 
67 10.7083 59.9196 234714 1 
68 10.7333 59.9499 4178 1 
69 10.764 59.9127 295587 1 
70 10.9239 59.9616 112077 1 
71 10.929 59.9725 108729 1 
72 10.7595 59.9121 250357 1 
73 10.7316 59.9149 134666 1 
74 10.7593 59.9085 300332 0 
75 10.8221 59.9035 267979 0.894 
76 10.8137 59.8968 310223 1 
77 10.7769 59.9261 160135 1 
78 10.7963 59.8351 192550 0 
79 10.9086 59.9528 184819 1 
80 10.6846 59.92 48093 1 
81 10.7502 59.9118 244223 0 
82 10.7761 59.9144 29230 1 
83 10.909 59.9529 195824 1 
84 10.7208 59.94 7111 1 
85 10.7534 59.9134 286393 0 
86 10.7434 59.9138 145227 1 
87 10.6764 59.9272 105001 1 
88 10.7045 59.9425 219636 0 
89 10.7939 59.9396 71348 1 
90 10.7454 59.926 278737 1 
91 10.8819 59.9328 71097 1 
92 10.7322 59.9277 9933 1 
93 10.8407 59.8945 293881 1 
94 10.7283 59.9136 97848 0 
95 10.7952 59.8343 244560 1 
96 10.7406 59.9237 278887 1 
97 10.8299 59.8487 145939 0 
98 10.7738 59.9468 80445 0 
99 10.7352 59.9379 196790 1 
100 10.8456 59.8825 159256 1 
101 10.7532 59.9111 307704 1 
102 10.781 59.9381 235140 1 
103 10.7616 59.9343 119669 1 