0 10.8676 59.9305 28428 1 
1 10.7715 59.9219 148893 1 
2 10.8093 59.9423 124257 1 
3 10.7114 59.9202 8001 1 
4 10.7599 59.9475 8665 0 
5 10.8894 59.9363 129608 1 
6 10.7918 59.9108 282707 1 
7 10.7768 59.9458 80410 1 
8 10.7821 59.9638 291993 1 
9 10.6595 59.9288 156408 0 
10 10.6847 59.9378 114144 0 
11 10.8262 59.9353 284108 1 
12 10.9389 59.9476 298578 1 
13 10.7288 59.9263 10141 1 
14 10.8148 59.8977 75261 1 
15 10.6758 59.9216 21365 1 
16 10.744 59.9353 163642 1 
17 10.7734 59.8803 268950 1 
18 10.8838 59.9602 247217 0.127 
19 10.7771 59.9144 162350 0 
20 10.7221 59.9325 300251 1 
21 10.7908 59.872 33476 1 
22 10.6359 59.9268 184577 1 
23 10.6361 59.9213 265097 1 
24 10.6607 59.9178 159856 1 
25 10.8386 59.9436 270753 1 
26 10.724 59.9485 137900 1 
27 10.8452 59.9251 69116 1 
28 10.7091 59.9184 276653 1 
29 10.6417 59.9621 54604 1 
30 10.7255 59.9503 3263 1 
31 10.8005 59.9165 273098 1 
32 10.705 59.9102 77243 1 
33 10.9074 59.9627 68364 1 
34 10.8207 59.9106 34439 1 
35 10.8317 59.9258 300036 0.012 
36 10.8433 59.9226 69065 1 
37 10.8334 59.944 66917 1 
38 10.7586 59.8927 261091 1 
39 10.8434 59.8741 276370 1 
40 10.8044 59.8475 315849 1 
41 10.7512 59.9209 154163 1 
42 10.7101 59.9092 242726 1 
43 10.8399 59.8936 266561 1 
44 10.7781 59.9479 37029 1 
45 10.8509 59.9276 42200 1 
46 10.8248 59.9267 173902 1 
47 10.8108 59.912 4582 1 
48 10.8065 59.8715 190634 1 
49 10.778 59.9324 270063 1 
50 10.8023 59.896 263097 0 
51 10.8423 59.9233 137333 0 
52 10.8853 59.9593 68907 0.703 
53 10.8437 59.9226 241227 1 
54 10.7203 59.9345 254417 1 
55 10.7506 59.9498 262700 1 
56 10.7599 59.9223 147515 0.776 
57 10.7053 59.9426 219661 1 
58 10.8056 59.8946 7763 1 
59 10.7583 59.9271 304163 0 
60 10.6597 59.9179 165048 1 
61 10.6414 59.9625 54600 1 
62 10.8873 59.8181 324961 1 
63 10.869 59.9524 68764 0.222 
64 10.8845 59.9493 243863 1 
65 10.9286 59.9361 184242 1 
66 10.8105 59.9276 66501 1 
67 10.8261 59.9357 284110 1 
68 10.8606 59.9328 157383 1 
69 10.8336 59.944 53125 1 
70 10.7502 59.9118 244223 0 
71 10.7588 59.9171 29749 1 
72 10.8221 59.9035 267979 0.894 
73 10.8137 59.8968 310223 1 
74 10.7571 59.9235 147818 1 
75 10.7208 59.94 7111 1 
76 10.7381 59.9126 138219 1 
77 10.7089 59.9152 161476 1 
78 10.7534 59.9134 286393 0 
79 10.7447 59.9127 209948 0 
80 10.9086 59.9528 184819 1 
81 10.6846 59.92 48093 1 
82 10.777 59.9658 281370 1 
83 10.8562 59.9222 182343 0 
84 10.7939 59.9396 71348 1 
85 10.7454 59.926 278737 1 
86 10.7761 59.9144 29230 1 
87 10.909 59.9529 195824 1 
88 10.7571 59.9224 147811 0.942 
89 10.7204 59.9268 276999 1 
90 10.7285 59.9405 1898 1 
91 10.7283 59.9136 97848 0 
92 10.8435 59.8753 299891 1 
93 10.7952 59.8343 244560 1 
94 10.7162 59.9286 213131 1 
95 10.7045 59.9425 219636 0 
96 10.7738 59.9468 80445 0 
97 10.7352 59.9379 196790 1 
98 10.8456 59.8825 159256 1 
99 10.8478 59.9438 137150 1 
100 10.781 59.9381 235140 1 
101 10.8483 59.9261 241759 1 
102 10.7616 59.9343 119669 1 
103 10.6937 59.9507 166343 1 
104 10.7083 59.9196 234714 1 
105 10.7333 59.9499 4178 1 
106 10.7406 59.9237 278887 1 
107 10.764 59.9127 295587 1 
108 10.9239 59.9616 112077 1 
109 10.929 59.9725 108729 1 
110 10.7595 59.9121 250357 1 
111 10.7316 59.9149 134666 1 
112 10.7593 59.9085 300332 0 
113 10.8221 59.9035 267979 0.894 
114 10.8137 59.8968 310223 1 
115 10.7769 59.9261 160135 1 
116 10.7571 59.9235 147818 1 
117 10.7872 59.9044 274807 1 
118 10.7963 59.8351 192550 0 
119 10.8111 59.8735 32961 0 
120 10.7447 59.9127 209948 0 
121 10.7379 59.9211 122540 1 
122 10.9086 59.9528 184819 1 
123 10.6846 59.92 48093 1 
124 10.7502 59.9118 244223 0 
125 10.7588 59.9171 29749 1 
126 10.7555 59.9385 1321 1 
127 10.769 59.9391 148057 1 
128 10.7761 59.9144 29230 1 
129 10.7571 59.9224 147811 0.942 
130 10.7534 59.9134 286393 0 
131 10.6764 59.9272 105001 1 
132 10.7162 59.9286 213131 1 
133 10.777 59.9658 281370 1 
134 10.8562 59.9222 182343 0 
135 10.7939 59.9396 71348 1 
136 10.7454 59.926 278737 1 
137 10.8819 59.9328 71097 1 
138 10.8478 59.9438 137150 1 
139 10.7322 59.9277 9933 1 
140 10.8407 59.8945 293881 1 
141 10.7283 59.9136 97848 0 
142 10.8435 59.8753 299891 1 
143 10.7952 59.8343 244560 1 
144 10.7083 59.9196 234714 1 
145 10.7333 59.9499 4178 1 
146 10.7406 59.9237 278887 1 
147 10.8299 59.8487 145939 0 
148 10.7738 59.9468 80445 0 
149 10.7515 59.9116 260376 1 
150 10.7532 59.9111 307704 1 
151 10.7316 59.9149 134666 1 
152 10.7593 59.9085 300332 0 
153 10.8115 59.9427 83560 1 
154 10.8483 59.9261 241759 1 
155 10.7616 59.9343 119669 1 
156 10.7872 59.9044 274807 1 
157 10.7963 59.8351 192550 0 