0 10.7715 59.9219 148893 1 
1 10.7918 59.9108 282707 1 
2 10.7768 59.9458 80410 1 
3 10.7821 59.9638 291993 1 
4 10.6595 59.9288 156408 0 
5 10.6758 59.9216 21365 1 
6 10.8452 59.9251 69116 1 
7 10.7255 59.9503 3263 1 
8 10.8477 59.9156 327152 1 
9 10.9074 59.9627 68364 1 
10 10.8317 59.9258 300036 0.012 
11 10.7586 59.8927 261091 1 
12 10.8434 59.8741 276370 1 
13 10.8023 59.896 263097 0 
14 10.8423 59.9233 137333 0 
15 10.7143 59.9093 54398 1 
16 10.7203 59.9345 254417 1 
17 10.7599 59.9223 147515 0.776 
18 10.7053 59.9426 219661 1 
19 10.7583 59.9271 304163 0 
20 10.6597 59.9179 165048 1 
21 10.6414 59.9625 54600 1 
22 10.8845 59.9493 243863 1 
23 10.8105 59.9276 66501 1 
24 10.8111 59.8735 32961 0 
25 10.7502 59.9118 244223 0 
26 10.7769 59.9261 160135 1 
27 10.7208 59.94 7111 1 
28 10.7379 59.9211 122540 1 
29 10.6846 59.92 48093 1 
30 10.777 59.9658 281370 1 
31 10.7454 59.926 278737 1 
32 10.6764 59.9272 105001 1 
33 10.7045 59.9425 219636 0 
34 10.7322 59.9277 9933 1 
35 10.8115 59.9427 83560 1 
36 10.781 59.9381 235140 1 
37 10.8483 59.9261 241759 1 
38 10.6937 59.9507 166343 1 
39 10.7083 59.9196 234714 1 
40 10.7406 59.9237 278887 1 
41 10.8221 59.9035 267979 0.894 
42 10.8137 59.8968 310223 1 
43 10.7963 59.8351 192550 0 
44 10.8089 59.945 321631 1 
45 10.9086 59.9528 184819 1 
46 10.7555 59.9385 1321 1 
47 10.7761 59.9144 29230 1 
48 10.909 59.9529 195824 1 
49 10.7571 59.9224 147811 0.942 
50 10.7204 59.9268 276999 1 
51 10.7162 59.9286 213131 1 
52 10.7045 59.9425 219636 0 