0 10.8676 59.9305 28428 1
1 10.7498 59.9286 119818 1
2 10.7715 59.9219 148893 1
3 10.8225 59.9312 253999 1
4 10.8093 59.9423 124257 1
5 10.7114 59.9202 8001 1
6 10.7599 59.9475 8665 0
7 10.8894 59.9363 129608 1
8 10.7918 59.9108 282707 1
9 10.7768 59.9458 80410 1
10 10.7821 59.9638 291993 1
11 10.6595 59.9288 156408 0
12 10.6847 59.9378 114144 0
13 10.8262 59.9353 284108 1
14 10.9389 59.9476 298578 1
15 10.6751 59.951 305986 1
16 10.7787 59.9481 214571 1
17 10.7288 59.9263 10141 1
18 10.8348 59.8499 31126 0.227
19 10.8148 59.8977 75261 1
20 10.811 59.8753 26311 1
21 10.8198 59.8789 321755 1
22 10.6603 59.9296 98440 1
23 10.6758 59.9216 21365 1
24 10.744 59.9353 163642 1
25 10.7734 59.8803 268950 1
26 10.8838 59.9602 247217 0.127
27 10.7771 59.9144 162350 0
28 10.7221 59.9325 300251 1
29 10.7908 59.872 33476 1
30 10.6359 59.9268 184577 1
31 10.6361 59.9213 265097 1
32 10.6607 59.9178 159856 1
33 10.8784 59.9476 214703 1
34 10.9105 59.9527 195912 1
35 10.7899 59.9016 261864 1
36 10.8386 59.9436 270753 1
37 10.724 59.9485 137900 1
38 10.8452 59.9251 69116 1
39 10.7091 59.9184 276653 1
40 10.6417 59.9621 54604 1
41 10.7255 59.9503 3263 1
42 10.8477 59.9156 327152 1
43 10.8005 59.9165 273098 1
44 10.705 59.9102 77243 1
45 10.9074 59.9627 68364 1
46 10.8207 59.9106 34439 1
47 10.8317 59.9258 300036 0.012
48 10.8433 59.9226 69065 1
49 10.8334 59.944 66917 1
50 10.7586 59.8927 261091 1
51 10.8434 59.8741 276370 1
52 10.8044 59.8475 315849 1
53 10.7512 59.9209 154163 1
54 10.7101 59.9092 242726 1
55 10.8399 59.8936 266561 1
56 10.7781 59.9479 37029 1
57 10.8509 59.9276 42200 1
58 10.8248 59.9267 173902 1
59 10.8108 59.912 4582 1
60 10.8065 59.8715 190634 1
61 10.778 59.9324 270063 1
62 10.8023 59.896 263097 0
63 10.8423 59.9233 137333 0
64 10.8522 59.8987 309878 1
65 10.8853 59.9593 68907 0.703
66 10.8334 59.9004 186783 1
67 10.8437 59.9226 241227 1
68 10.7143 59.9093 54398 1
69 10.8431 59.8832 268349 1
70 10.7203 59.9345 254417 1
71 10.7506 59.9498 262700 1
72 10.6435 59.9476 274392 1
73 10.8433 59.8834 187075 1
74 10.7599 59.9223 147515 0.776
75 10.7053 59.9426 219661 1
76 10.8056 59.8946 7763 1
77 10.7583 59.9271 304163 0
78 10.6597 59.9179 165048 1
79 10.6414 59.9625 54600 1
80 10.8873 59.8181 324961 1
81 10.869 59.9524 68764 0.222
82 10.8845 59.9493 243863 1
83 10.9286 59.9361 184242 1
84 10.8105 59.9276 66501 1
85 10.8261 59.9357 284110 1
86 10.8606 59.9328 157383 1
87 10.8336 59.944 53125 1
88 10.8111 59.8735 32961 0
89 10.7502 59.9118 244223 0
90 10.7588 59.9171 29749 1
91 10.7555 59.9385 1321 1
92 10.769 59.9391 148057 1
93 10.8221 59.9035 267979 0.894
94 10.8137 59.8968 310223 1
95 10.7769 59.9261 160135 1
96 10.7571 59.9235 147818 1
97 10.7208 59.94 7111 1
98 10.7381 59.9126 138219 1
99 10.7089 59.9152 161476 1
100 10.7534 59.9134 286393 0
101 10.7447 59.9127 209948 0
102 10.7379 59.9211 122540 1
103 10.9086 59.9528 184819 1
104 10.6846 59.92 48093 1
105 10.777 59.9658 281370 1
106 10.8562 59.9222 182343 0
107 10.7939 59.9396 71348 1
108 10.7454 59.926 278737 1
109 10.7761 59.9144 29230 1
110 10.909 59.9529 195824 1
111 10.7571 59.9224 147811 0.942
112 10.7204 59.9268 276999 1
113 10.7285 59.9405 1898 1
114 10.7283 59.9136 97848 0
115 10.8435 59.8753 299891 1
116 10.7952 59.8343 244560 1
117 10.7434 59.9138 145227 1
118 10.6764 59.9272 105001 1
119 10.7162 59.9286 213131 1
120 10.7045 59.9425 219636 0
121 10.8299 59.8487 145939 0
122 10.7738 59.9468 80445 0
123 10.7352 59.9379 196790 1
124 10.8456 59.8825 159256 1
125 10.8819 59.9328 71097 1
126 10.8478 59.9438 137150 1
127 10.7322 59.9277 9933 1
128 10.8407 59.8945 293881 1
129 10.8115 59.9427 83560 1
130 10.781 59.9381 235140 1
131 10.8483 59.9261 241759 1
132 10.7616 59.9343 119669 1
133 10.6937 59.9507 166343 1
134 10.7083 59.9196 234714 1
135 10.7333 59.9499 4178 1
136 10.7406 59.9237 278887 1
137 10.764 59.9127 295587 1
138 10.9239 59.9616 112077 1
139 10.929 59.9725 108729 1
140 10.7595 59.9121 250357 1
141 10.7515 59.9116 260376 1
142 10.7532 59.9111 307704 1
143 10.7316 59.9149 134666 1
144 10.7593 59.9085 300332 0
145 10.8221 59.9035 267979 0.894
146 10.8137 59.8968 310223 1
147 10.7769 59.9261 160135 1
148 10.7571 59.9235 147818 1
149 10.7872 59.9044 274807 1
150 10.7963 59.8351 192550 0
151 10.8089 59.945 321631 1
152 10.8111 59.8735 32961 0
153 10.7447 59.9127 209948 0
154 10.7379 59.9211 122540 1
155 10.9086 59.9528 184819 1
156 10.6846 59.92 48093 1
157 10.7502 59.9118 244223 0
158 10.7588 59.9171 29749 1
159 10.7555 59.9385 1321 1
160 10.769 59.9391 148057 1
161 10.7761 59.9144 29230 1
162 10.909 59.9529 195824 1
163 10.7571 59.9224 147811 0.942
164 10.7204 59.9268 276999 1
165 10.7208 59.94 7111 1
166 10.7381 59.9126 138219 1
167 10.7089 59.9152 161476 1
168 10.7534 59.9134 286393 0
169 10.7434 59.9138 145227 1
170 10.6764 59.9272 105001 1
171 10.7162 59.9286 213131 1
172 10.7045 59.9425 219636 0
173 10.777 59.9658 281370 1
174 10.8562 59.9222 182343 0
175 10.7939 59.9396 71348 1
176 10.7454 59.926 278737 1
177 10.8819 59.9328 71097 1
178 10.8478 59.9438 137150 1
179 10.7322 59.9277 9933 1
180 10.8407 59.8945 293881 1
181 10.7285 59.9405 1898 1
182 10.7283 59.9136 97848 0
183 10.8435 59.8753 299891 1
184 10.7952 59.8343 244560 1
185 10.6937 59.9507 166343 1
186 10.7083 59.9196 234714 1
187 10.7333 59.9499 4178 1
188 10.7406 59.9237 278887 1
189 10.8299 59.8487 145939 0
190 10.7738 59.9468 80445 0
191 10.7352 59.9379 196790 1
192 10.8456 59.8825 159256 1
193 10.7515 59.9116 260376 1
194 10.7532 59.9111 307704 1
195 10.7316 59.9149 134666 1
196 10.7593 59.9085 300332 0
197 10.8115 59.9427 83560 1
198 10.781 59.9381 235140 1
199 10.8483 59.9261 241759 1
200 10.7616 59.9343 119669 1
201 10.7872 59.9044 274807 1
202 10.7963 59.8351 192550 0
203 10.8089 59.945 321631 1
204 10.764 59.9127 295587 1
205 10.9239 59.9616 112077 1
206 10.929 59.9725 108729 1
207 10.7595 59.9121 250357 1
