0  31 40 138 172 192 167 167 99 174 55 36 117 163 149 201 204 43 132 27
1  80 206 31 32 22 23 183 54 106 20 66 63 135 187 25 93 146 136 108 35 90 111 201 151 4 8 8 43
2  45 52 120 75 68 128 119 60 97 41 67 48 195 187 102 188 3 194 163 149 203 132
3  30 103 11 52 44 124 167 126 28 38 38 113 87 93 76 85 24 122
4  206 15 7 185 81 54 86 174 180 55 60 178 178 67 127 123 47 19 136 153 157 193 53 158 2
5  206 31 11 65 104 184 51 174 106 180 164 28 143 87 49 166 159 197 149 74
6  30 110 12 33 44 134 73 86 171 126 47 94 153 142 140 207 77 92
7  104 18 81 60 102 19 141 71 35 158 159 96 74 109 2 2 107
8  206 83 34 7 7 7 82 82 177 44 57 29 187 102 154 117 129 190 160 107
9  206 110 116 125 51 5 21 28 41 67 135 50 146 196 196 173 74 27
10  80 31 110 121 81 183 134 106 180 119 126 199 112 20 25 49 98 146 193 197 4 4 16 175 95
11  110 116 121 121 119 119 171 55 60 152 29 66 63 123 13 58 1 207 10 159 148 96 204 74 74 61
12  72 72 118 12 177 183 69 38 135 58 24 129 148 201 6 4 77 74 122 122 9
13  139 118 7 65 82 177 73 64 55 199 164 29 187 25 87 123 47 145 141 59 203
14  14 34 162 170 189 183 115 115 99 69 55 55 131 63 63 17 135 49 76 193 173 204 4 74 92
15  156 121 52 0 186 68 152 38 48 135 187 146 62 193 1 163 204 151 4 74 200 95
16  7 12 189 192 55 38 191 108 203 161 109 147
17  206 139 22 104 115 183 120 54 128 126 38 67 17 188 144 4 74 109
18  80 22 104 184 134 134 60 29 49 153 105 59 10 91
19  206 155 156 115 115 44 172 120 186 68 55 49 98 123 145 93 153 6 190 122
20  34 155 7 125 18 33 75 186 39 68 68 171 38 63 195 108 194 159 137 77 132 161
21  99 106 128 42 88 126 199 164 182 113 49 102 62 168 90 175 175
22  118 0 183 69 68 180 178 131 48 66 195 36 166 123 13 24 193 207 90 149 84 77 160 16 107
23  80 80 31 83 78 170 104 42 178 112 28 38 127 102 13 108 193 35 158 197 84 8 200 161 27 130
24  11 23 82 125 189 185 44 124 124 186 134 86 70 38 38 67 17 195 179 166 111 147
25  139 22 104 150 121 133 81 124 54 186 164 113 17 135 87 101 76 108 144 105 201 4 84
26  30 79 7 44 99 68 106 60 178 199 199 50 117 13 58 142 207 111 137 151 4 147
27  23 12 177 39 128 114 66 25 87 50 94 76 58 62 89 207 129 163 204 151 74 122 160
28  155 23 116 18 121 75 167 69 39 5 37 29 67 48 135 49 123 85 85 53 144 201 27
29  155 7 202 125 185 81 75 21 199 28 41 29 114 63 127 50 188 46 141 10 149 203 61
30  206 206 45 103 170 125 185 180 57 152 131 165 102 13 168 100 173 207 200 107
31  31 79 110 32 23 125 52 52 124 124 86 143 143 98 19 169 1 10 158 129 111 74
32  31 34 45 11 23 118 156 0 115 134 186 5 57 152 47 117 194 91 129 148 9
33  170 192 167 167 134 73 68 106 128 20 127 76 62 137 200 122 16
34  205 7 202 177 189 189 124 99 57 60 114 25 25 179 145 146 117 24 53 163 6 161 122 92 9 147 130
35  30 30 72 65 82 81 44 54 73 5 180 60 29 36 179 46 13 176 141 105 140 35 158 158 151 4 200 109 130
36  78 15 156 116 133 44 134 119 88 178 178 20 113 36 191 105 207 10 109 122 92
37  206 205 72 22 26 202 121 81 186 68 106 20 20 37 135 93 94 76 176 1 1 59 90 148
38  34 15 65 65 185 124 134 5 180 178 97 165 29 63 85 100 91 203 122 190
39  22 82 121 121 33 133 0 0 124 167 186 68 119 42 164 97 165 143 49 102 50 169 142 196 105 35 204 6 43 132
40  80 30 72 34 45 23 184 115 99 73 174 57 21 21 41 17 71 71 35 201 151 4 200 2 16 175
41  138 110 104 52 174 131 29 113 188 13 13 3 197 163 201
42  79 118 170 104 52 81 183 106 88 199 131 37 41 195 146 136 188 76 89 108 196 90 149 149 2 130
43  79 83 138 23 26 33 174 152 112 97 37 113 93 145 58 24 108 193 71 53 173 140 91 111 201 151 74 92 16
44  30 162 118 118 177 189 37 38 166 169 188 58 24 100 35 91 137
45  138 162 11 65 189 172 99 39 64 126 97 25 94 117 71 196 129 148 16 16
46  40 138 65 82 12 150 75 99 180 199 70 37 48 36 25 123 102 169 62 142 100 148
47  31 34 15 75 73 5 106 126 199 112 48 25 144 148
48  205 110 32 26 189 172 192 106 57 178 199 67 48 25 13 176 71 207 90
49  14 118 18 0 183 75 134 5 171 42 152 152 21 131 112 70 114 36 102 153 10 90 43 9
50  26 120 54 69 68 119 171 112 112 48 123 13 157 90 129 200 107 198
51  32 104 185 38 143 36 127 153 193 194 10 158 90 96 151 2 56
52  65 202 121 174 66 66 136 24 193 194 6 147
53  14 206 7 18 33 174 112 182 36 135 47 102 50 19 101 157 108 129 149 204 122 92
54  139 40 45 78 118 156 125 115 171 88 37 93 102 24 108 129 111 96 201 92 175
55  40 23 7 121 52 51 134 60 60 152 28 41 145 169 136 89 142 140 203 77 8 132 200 160
56  14 138 162 103 7 26 52 44 120 167 174 67 135 166 123 47 154 188 62 193 144 144 91 204 147 198 198
57  177 189 33 115 75 99 186 186 39 131 164 67 17 123 117 108 1 90 197 204 4 109 122
58  79 26 184 150 177 52 0 172 73 73 42 152 195 36 25 127 98 196 1 10 111 6 6 151 161 122 2 95
59  79 40 33 134 68 106 21 67 87 24 24 27 122 9 198
60  79 32 118 82 125 121 75 106 131 195 62 100 35 163 148 151 190 190 92
61  80 206 83 103 22 177 18 44 199 165 97 135 25 123 47 142 53 1 151 200 109 9 130
62  11 22 104 12 202 133 133 52 152 88 199 20 38 191 50 85 204 27 92 92 56 107
63  162 18 81 174 164 165 28 188 3
64  162 12 120 75 152 20 29 63 191 102 24 157 157 108 53 144 111 149 160 147 95
65  83 103 22 65 26 52 183 21 28 66 181 17 17 87 169 3 71 196 59 129 132 27 160
66  72 150 68 180 37 38 41 113 195 98 94 35 111 6 77
67  14 31 72 162 15 7 65 65 171 60 152 41 143 36 50 19 94 168 173 35 35 149 6 160 130
68  30 155 32 15 52 115 99 69 119 131 28 48 179 49 98 191 8 160 147
69  205 34 162 78 23 184 133 124 5 126 112 165 20 123 145 117 151 77 77 43 132 161 27 56 147
70  15 23 0 75 54 119 88 164 41 143 135 58 108 193 140 197 151 190
71  45 162 22 177 185 51 186 69 60 178 97 25 76 108 129 96 95
72  72 11 104 12 0 99 64 42 60 181 17 101 76 144 207 197 197 107 198
73  82 184 0 183 187 47 154 141 111 111 8 122 9
74  34 15 15 15 150 52 52 81 192 73 88 188 62 108 173 90 148 204 175 175
75  80 206 206 15 115 165 146 117 136 153 46 137
76  11 88 41 187 135 98 47 102 136 101 76 46 24 24 24 141 71 132 132 122
77  31 205 205 39 64 29 48 182 25 191 19 94 163 200
78  138 72 121 69 37 67 182 135 25 123 85 62 71 168 90 158 111 77 109 109 190 16 9
79  83 83 82 186 126 98 154 76 62 207 10 91 111 148 27 122 107
80  80 72 162 26 104 124 164 70 70 25 47 47 50 19 108 196 10 148 149 137 74 61
81  83 110 202 51 115 167 5 55 114 63 127 179 127 98 123 76 13 58 141 142 59 201 201 109 175 61
82  80 155 26 184 18 120 174 57 126 114 135 166 93 102 59 59 91 111 43 122 16
83  110 15 177 177 64 128 171 97 67 135 50 194 105 173 160
84  162 82 150 115 39 126 97 17 143 154 58 129 149 137 16
85  79 184 18 120 167 57 29 143 179 191 47 146 117 136 85 85 89 196 158 111 201 6
86  110 22 15 82 156 12 150 75 54 54 64 5 171 113 98 62 173 8 109
87  83 205 162 65 115 186 97 28 41 113 195 195 127 166 102 50 94 188 153 101 46 24 141 3 90 148 148 203 74
88  103 184 150 81 68 180 126 199 179 188 136 136 46 85 53 158 159 197 151 200 56 9 95 147
89  156 104 116 73 171 126 126 178 66 113 113 143 154 102 117 188 13 176 100 144 207 149 137 8 43 109
90  80 34 103 7 121 54 5 68 128 128 131 195 49 47 76 62 157 173 158 111 137 27 61
91  14 118 184 116 150 133 57 114 114 143 108 141 53 1 207 91 148 148 8 160
92  205 125 177 39 171 178 38 50 76 76 89 159 84 190 190
93  14 80 45 110 11 81 192 55 42 131 70 146 137 190 95
94  31 30 170 82 104 12 18 121 68 42 88 165 20 187 93 94 46 173 158 159 91 200 9
95  79 184 18 81 51 51 186 119 126 113 25 145 102 94 46 105 111 137 6 77
96  45 22 15 26 133 134 55 165 87 98 123 102 105 158 137 6 203 74 8 27 56
97  162 18 81 115 86 64 180 152 21 182 113 123 102 101 108 194 4 74 43 16
98  155 11 32 23 7 82 60 41 29 143 127 46 24 141 168 144 144 201 8 190 2 107 175 61
99  79 79 110 155 118 65 156 33 99 134 20 38 127 87 102 117 58 62 3 105 59 204 200 109 147 95 130
100  205 162 32 33 174 178 48 87 19 146 153 190 130
101  79 72 11 118 115 174 180 112 112 20 17 143 93 3 3 1
102  205 205 103 7 7 12 202 120 167 64 64 68 174 174 88 37 94 136 188 136 46 100 196 173 105 161 160
103  133 99 68 88 131 143 36 93 94 94 76 196 1 173 122 2
104  40 45 22 15 170 54 88 88 181 13 24 168 144 1 1 35 10 197
105  138 45 170 65 26 185 133 44 119 29 195 166 191 154 35 10 159 111 6 4 77 27 27 9
106  11 11 23 12 18 133 73 63 168 105 35 84 77 190 56 130
107  79 162 118 26 12 184 116 150 120 88 199 181 17 179 50 136 101 176 91 163 84 16
108  34 45 32 185 133 81 0 73 106 171 57 178 131 131 20 28 48 182 66 154 58 35 43 2 2
109  110 7 150 33 167 186 87 94 101 141 90 4 109 9
110  31 11 104 150 51 39 70 181 113 143 135 102 154 94 117 13 141 142 168 196 196 173 35 158 91 129 148 74 8 132 161 161 56 175 147
111  11 202 125 18 51 51 120 106 57 164 112 70 182 135 19 117 85 105 149 4 109 9
112  31 72 156 177 125 115 86 112 70 117 53 173 4 200 109 160
113  30 40 15 7 202 133 167 186 94 136 62 59 129 96
114  45 162 81 39 39 180 180 21 76 46 140 129 148 204 109
115  15 202 177 125 186 69 195 49 153 58 193 141 207 10 132 56 107
116  14 40 205 170 150 33 120 86 119 21 199 164 143 187 123 19 94 58 24 157 108 3 10 151 161 160 16 61
117  11 184 202 120 124 174 174 106 178 112 63 146 3 168 207 96 203 160
118  14 79 34 15 170 12 116 18 33 185 44 75 192 192 106 57 60 164 17 3 111 43 27 2 107 107 198
119  139 170 150 115 64 178 181 93 154 188 142 142 35 91 43
120  40 11 26 116 125 185 124 192 69 20 113 94 13 58 142 8 198
121  26 115 172 99 55 131 41 66 195 50 50 101 101 13 173 207 74 198
122  40 7 26 189 121 189 124 54 99 67 48 187 87 168 168 197 84 77 43
123  80 26 82 33 115 68 106 174 42 88 112 70 114 114 87 93 94 108 1 90
124  83 34 12 64 152 126 165 38 38 41 181 25 25 127 49 102 19 101 101 140 207 137 77
125  7 26 12 189 5 57 126 126 131 37 98 145 50 188 188 58 168 90 96 200 175 95
126  205 138 202 44 167 180 171 88 131 187 123 47 47 47 19 100 168 129 8
127  14 72 78 11 33 51 106 174 128 126 126 199 165 28 17 187 127 145 136 101 168 140 90 149 203 4 109 95 95
128  138 26 44 128 126 153 46 46 144 207 140 129 197 151 56 16 175
129  139 139 33 183 54 55 21 97 38 29 67 127 166 19 117 169 101 13 62 157 173 111 137 160
130  80 83 72 22 23 7 33 0 88 178 97 135 49 102 141 194 142 91 111 96 137 9 198
131  79 205 26 12 116 172 75 134 113 117 71 140 207 149 151 27
132  80 30 79 45 162 155 7 26 18 120 120 99 64 152 88 21 70 41 187 25 145 50 94 169 58 176 3 197 148 77 160 61
133  31 162 32 65 120 120 99 174 55 114 135 187 49 169 24 157 157 193 142 142 207 6 203 74 200
134  78 150 33 185 119 57 60 21 28 114 49 166 24 176 176 193 142 168 53 137 107
135  206 79 205 32 133 133 133 51 51 75 192 186 106 21 70 154 46 85 144 91 197 163 111 2 2 56 175
136  31 83 34 23 118 7 65 156 184 115 73 69 39 152 165 48 25 179 127 123 94 24 71 144 43 132 107
137  83 155 11 125 18 81 115 73 68 25 127 117 24 168 53 196 144 1 197 149 149 204 203 27 190 95 95 147
138  45 172 192 57 178 48 154 146 169 176 71 35 158 201 204 2 56
139  31 83 118 0 186 174 55 112 17 179 50 24 168 53 163 203
140  72 7 171 178 165 114 87 123 123 13 176 196 207 122 190
141  138 170 118 104 54 174 58 53 158 149 201 190 16
142  14 206 7 26 116 150 51 183 75 167 128 171 131 37 169 136 101 76 13 194 1 140 197 111 149
143  14 40 72 118 184 115 44 75 167 86 68 37 63 17 36 123 191 50 193 53 158 201 137 4 8 2
144  40 82 185 52 106 180 165 182 187 87 98 154 136 85 71 168 148 132 27
145  139 34 12 116 186 174 55 42 199 48 182 17 17 143 187 98 93 94 85 58 141 3 194 142 53 159 148 201 203 84 77 175 107
146  40 82 121 185 52 52 0 120 75 5 42 37 143 24 157 168 144 144 1 173 140 10 10 158 151 8 43
147  40 184 18 185 44 167 191 154 46 141 10 4 95
148  138 72 78 15 118 170 68 174 131 38 145 13 59 207 8 43 200 190
149  14 110 15 118 12 116 167 186 69 199 112 97 37 28 38 114 113 166 47 102 19 168 100
150  206 45 170 51 115 172 38 36 187 35 77 95
151  80 79 34 32 57 24 108 53 132 16 9
152  80 79 205 45 32 15 82 104 52 51 86 64 128 152 199 50 24 108 176 193 144 105 77 92
153  184 177 121 189 183 73 41 181 195 36 98 136 188 194 1 173 16
154  79 23 156 189 52 44 134 73 68 42 199 48 187 25 94 101 13 62 89 141 53 173 151 107
155  110 103 78 65 125 0 124 99 55 165 20 25 191 101 141 168 100 90 197 151 122 175 147
156  206 139 31 138 18 189 41 66 187 179 49 94 146 176 91 137 4 84 16 198
157  82 104 33 33 115 167 186 171 126 131 195 36 135 196 149 201 92 95 130
158  14 103 22 118 202 64 70 48 182 114 114 179 145 102 3 194 144 59 140 96 8 43 132
159  72 125 185 124 152 37 29 187 145 19 117 188 76 157 176 100 144 140 149 137
160  103 116 75 174 119 88 178 21 21 97 165 41 29 66 195 36 193 71 168 158 129 190 61
161  30 34 155 150 174 38 29 67 47 145 62 24 100 100 203 8 27 175
162  79 40 15 15 116 125 75 69 106 70 29 67 36 25 76 157 142 8 130
163  14 138 205 7 156 202 177 55 38 66 123 169 85 24 71 173 59 207 77 2 92 61
164  180 126 199 70 87 47 58 53 4 109 9
165  206 103 65 0 124 199 112 97 36 19 76 3 53 201 151 8 43
166  80 139 31 162 7 133 81 0 120 120 99 134 39 68 42 164 181 36 93 19 94 94 108 193 71 100 197 163 163 163 77 109 109 190
167  31 205 64 174 37 63 187 102 188 46 157 194 142 1 105 158 158 90 111 137 6 190
168  205 45 12 185 81 81 51 120 120 174 180 88 21 131 182 182 19 46 4 74 56
169  205 162 23 7 125 33 52 51 44 44 5 180 97 28 66 98 76 62 194 196 149 201 151 4 8 160
170  32 156 150 18 33 52 192 86 128 178 164 165 97 36 179 191 47 47 93 50 24 173 204 200 27 2 56
171  45 45 103 78 115 186 57 178 87 13 176 142 168 53 105 158 159 203 84 74 74 122 56 16
172  72 103 23 170 12 189 189 81 21 131 165 41 182 101 76 58 197 43
173  14 83 155 118 26 57 63 179 93 188 85 58 207 140 200 56
174  32 118 133 99 99 69 70 38 66 187 157 193 35 90 96 6 151 43 16 9 107
175  34 23 116 184 177 33 81 99 106 174 57 131 182 49 191 93 136 153 76 58 157 71 71 168 173 132
176  206 155 32 150 177 18 121 192 68 57 178 164 169 176 176 141 144 196 35 10 148 84 77
177  40 83 205 156 18 180 171 55 165 28 47 154 101 194 142 203 122
178  162 78 23 156 54 180 180 165 28 182 135 87 49 93 76 13 141 140 10 27
179  30 79 79 155 23 170 18 189 54 186 126 41 67 113 176 3 35 161 190 2 56 61
180  40 103 118 125 54 134 69 174 128 179 127 50 46 141 90 197 163 96 149 4
181  79 11 7 26 121 185 44 99 73 69 164 188 46 62 108 53 53 111 201 201 204 6 77 43 109 122
182  31 30 138 103 11 32 7 184 125 186 69 39 5 97 37 28 41 179 166 123 154 117 62 158 92
183  79 65 202 125 189 189 33 0 120 73 128 88 1 207 90 159 159 197 151 4 122
184  162 155 51 115 69 39 68 128 60 152 66 87 166 62 193 197 43
185  31 155 156 125 185 54 199 29 49 142 207 35 4 61
186  83 138 34 22 170 121 185 81 51 44 44 64 57 178 29 67 49 153 142 71 1 105 59 90 91 6 132 95
187  80 205 104 202 121 183 120 73 131 29 143 127 49 49 191 50 50 19 117 85 58 207 190 92
188  72 12 64 171 165 37 66 66 87 98 102 50 153 46 85 58 194 144 1 59 151 43 109
189  205 125 180 55 199 37 123 153 89 108 144 74 56
190  14 138 78 26 185 172 128 180 113 127 19 58 129 74 92 56 9
191  72 11 21 87 117 111 203 2
192  11 177 18 189 133 183 119 55 41 17 191 47 50 144 96 204 160
193  31 30 110 103 33 172 134 134 174 57 114 63 98 94 117 85 144 196 207 159 43 107
194  40 83 45 12 121 33 75 60 157 108 141 100 173 140 140 6 77 43 16 147 95
195  40 45 22 65 156 52 0 99 64 199 131 29 48 114 135 135 49 154 50 94 146 146 117 193 3 105 105 197 132
196  79 7 156 121 99 64 128 180 60 131 131 70 97 67 114 36 136 53 173 148 203 77 122 175 107
197  80 139 72 103 170 65 156 202 171 42 126 102 117 169 153 153 76 46 58 24 176 35 197 163 111
198  14 31 31 103 22 26 116 177 133 54 186 152 66 135 127 87 153 89 108 140 10 163 96 149 147
199  110 78 121 52 115 192 54 69 64 174 106 57 131 41 67 114 195 36 135 87 102 13 141 53 59 207 207 137 198 130 61
200  14 31 83 104 189 189 167 69 174 126 195 166 123 145 50 188 85 53 105 140 151 161 160
201  206 116 133 81 44 172 5 68 171 21 195 93 142 100 201 132 147
202  34 78 23 7 26 202 121 172 174 199 67 181 181 123 193 142 159 204 137 137 6 8 43 27 160
203  139 45 18 81 51 44 42 182 195 187 169 85 89 141 197 148 200
204  206 30 11 189 185 183 120 54 69 5 60 152 152 28 48 135 187 93 13 62 108 141 71 140 158 201 201 201 204 200
205  78 189 33 124 167 167 128 119 131 28 179 87 169 153 13 59 10 10 6 200
206  110 162 65 12 52 0 75 54 119 119 119 57 152 17 143 179 117 62 141 1 59 140 151 203 8 132 95
207  80 205 78 11 150 54 54 48 181 87 188 188 101 101 89 196 140 197 163 200
208  22 185 192 134 180 70 28 195 49 169 136 100 53 1 140 207 158 159 84 109 27 27 122
209  205 150 165 28 41 181 181 181 19 94 153 58 140 35 137 4 56
210  14 11 11 15 104 177 115 42 37 48 63 195 87 49 49 153 71 168 111 148 92
211  162 11 184 125 185 0 120 186 69 39 128 178 178 165 76 46 142 59 90 149 132 161 122 2 160 56 9 147
212  80 72 65 184 150 202 177 120 106 171 60 112 48 66 25 153 71 196 207 197 151 74
213  40 78 22 15 18 134 73 39 38 36 123 145 58 193 91 148 132 2 92 95
214  14 83 5 171 60 21 112 38 113 191 94 146 108 193 53 173 59 6
215  31 138 23 170 156 177 18 189 185 51 68 128 119 119 178 131 70 66 63 63 127 154 101 10 91 163 147
216  34 116 18 33 81 99 69 64 5 131 181 36 93 93 94 76 108 129 56
217  30 79 72 12 116 185 64 199 20 37 28 98 93 19 76 147
218  162 155 32 156 177 0 172 67 182 145 102 85 168 91 95
219  14 31 65 116 51 5 63 181 113 94 142 71 144 59 111 151 132 92 95
220  14 170 185 167 178 97 165 48 66 63 113 143 25 47 19 117 117 101 141 59 96 148 6 6 92 9
221  103 65 12 124 55 112 164 97 38 29 187 127 50 85 58 144 196 10 16
222  205 34 202 177 124 192 64 55 152 88 126 126 178 199 67 85 194 197 2 2 9
223  116 52 183 99 60 60 165 182 135 179 154 169 89 59 159 137 77 43 190 175
224  14 206 45 110 110 170 170 184 44 54 5 5 174 171 42 42 152 17 195 102 136 53 129 163 4 109 27 190
225  202 125 33 124 69 86 68 131 66 17 123 154 157 71 71 105 207 96 204 204
226  40 115 128 178 199 70 181 13 89 108 53 1 173 163 111 96 77 147
227  14 139 134 106 126 37 191 19 129 201
228  139 162 189 120 195 36 187 135 102 169 153 141 142 144 35 163 6 160 147 198
229  206 205 72 170 184 177 121 44 120 119 60 165 67 127 146 24 71 53 1 137 74 107
230  162 15 150 189 0 51 75 128 20 176 140 204 107
231  30 83 118 124 167 186 178 66 123 89 3 1 207 163 96 4 109
232  80 155 65 33 51 167 186 106 119 119 165 41 66 17 94 193 129 197 197 111 204 132 161 109 16 175
233  110 65 125 18 185 133 54 134 68 55 21 135 127 49 49 58 158 90 163 6 74 9
234  82 104 156 104 152 37 181 87 191 47 153 193 53 140 96 203 203 4
235  80 202 172 54 39 128 48 113 113 87 145 19 117 117 85 194 59 59 84 8 2 16
236  34 162 170 26 82 0 115 171 152 28 182 17 98 166 19 169 46 13 159 201 149 43
237  139 138 78 78 125 119 152 113 49 145 154 117 207 163 198 198
238  104 202 18 189 51 51 186 134 86 64 68 174 60 165 28 195 187 102 154 19 108 142 168 129 77 200 200 122 198
239  72 155 170 170 156 186 199 37 66 17 25 50 3 142 196 158 197 151 84 109 9
240  40 83 116 115 192 186 5 68 119 66 113 58 157 173 59 140 158 163 84
241  80 79 83 78 23 7 104 0 99 64 128 164 70 66 145 24 100 91 137 8
242  83 45 103 103 103 121 185 192 54 5 106 128 88 131 70 48 66 143 47 176 142 173 207 10 91 149 204 8 61
243  80 110 82 12 183 183 128 28 17 76 53 204 137 9 147
244  206 72 22 33 99 99 64 42 112 164 164 179 98 146 136 141 168 144 173 149 203 161 130
245  14 72 155 170 12 52 37 38 38 135 49 123 58 173 90 4 84 160
246  138 138 125 133 115 134 64 5 29 67 146 194 71 196 173 137 122 147 130
247  205 72 54 68 174 106 191 101 168 100 140 207 91 159 137 6 6 43 161 161 175
248  110 11 156 128 178 21 181 17 25 93 117 76 46 173 10 158 204 84 74 8 61
249  14 103 202 28 38 114 113 195 98 47 59 148 77 74 122 160 61
250  14 110 22 133 69 86 86 97 182 127 166 24 108 193 8 2 95
251  80 138 72 118 177 73 164 113 187 47 145 194 90 84 2 9
252  139 30 45 22 177 125 185 69 86 42 114 127 85 108 53 173 91 151 74 109
253  192 99 152 165 37 29 182 181 17 127 24 71 1 105 201 4 43
254  206 30 34 110 11 22 26 202 0 54 42 42 152 20 63 102 176 144 1 59 140 148 149 203 74 92 9
255  40 110 156 12 185 120 99 128 152 178 131 112 37 113 127 1 129 8 132 198
256  124 106 180 88 154 169 13 89 207 8 200
257  150 183 120 124 152 20 49 46 46 13 173 35 6 56
258  22 118 183 120 134 199 70 181 135 127 102 102 94 13 24 193 194 105 201 74 8 2 147
259  80 139 45 32 65 125 18 134 69 174 88 70 165 36 25 25 49 47 154 3 71 111 163 163 109 92
260  103 26 33 44 134 171 112 63 195 176 1 190 175
261  139 22 18 134 60 164 179 19 146 169 3 71 71 100 140 10 197 151 8 175 61
262  184 202 86 97 67 179 117 136 136 46 3 144 35 159 147
263  72 7 54 57 60 131 48 145 50 204 122 122
264  103 7 116 202 115 164 37 143 146 136 85 194 144 137 161 92
265  80 138 110 155 170 156 0 134 165 48 181 49 145 168 53 173 4 77 132 161 2 95
266  30 83 72 184 33 33 134 164 20 179 166 145 102 169 153 101 101 142 142 140 149 6 27
267  14 31 31 31 72 45 110 65 33 183 75 192 164 37 28 127 93 102 89 196 1 105 159 203 27 190
268  79 72 72 45 32 82 156 125 52 86 5 126 199 67 66 187 101 158 91 6 43 198 130
269  14 139 138 150 192 99 106 178 165 98 76 176 59 207 201 107
270  80 206 30 205 12 150 44 172 167 73 119 57 152 182 17 102 101 141 194 53 144 10 111 77 61
271  82 12 81 81 75 134 106 128 128 119 199 112 145 136 101 100 168 197
272  170 104 184 33 81 115 180 195 87 188 176 90 91 137
273  79 138 118 167 186 64 64 21 112 20 113 25 179 87 62 3 142 105 59 207 158 91 96 203
274  110 23 120 73 86 38 182 50 50 19 58 3 91 74 200 109
275  83 103 78 26 104 183 70 114 143 25 49 47 145 19 188 46 24 176 144 91 43 92 16
276  79 26 18 69 5 60 193 196 144 158 204 203 84 77 161 27 160 56 16
277  79 11 22 7 86 42 60 88 20 67 17 49 47 141 142 129 163 6 4 160 16 198
278  30 83 138 110 103 118 82 156 116 185 124 54 39 39 5 171 178 37 29 195 36 25 191 93 46 137 4 8 92
279  82 156 150 167 134 64 88 152 123 19 85 74 130
280  40 78 12 12 52 115 69 5 50 94 188 196 158 96 204 77 109 27 190 56 198
281  14 40 26 116 125 172 42 70 182 117 96 77 27 122 56
282  32 15 177 51 64 5 165 28 187 166 46 108 168 1 198
283  83 155 23 33 124 186 171 88 112 97 97 93 94 141 163 137 160 16 175
284  138 177 186 69 70 28 113 166 146 13 142 168 197 149 6 161
285  72 162 15 12 69 39 131 70 20 28 98 94 94 129 109 56 107 175
286  14 80 79 0 192 167 69 174 57 152 199 41 29 67 195 135 179 49 93 53 10 201 137 132 2 160
287  138 34 155 22 15 18 44 192 167 86 64 119 55 42 178 20 143 49 191 85 24 71 71 10 96 8 8 2 175
288  170 125 133 81 0 51 183 186 186 86 128 37 41 195 127 87 98 154 19 136 153 71 91 111 8 200 175 130
289  14 40 103 12 33 172 75 171 57 38 67 114 135 135 191 94 46 157 176 194 140 96 107
290  30 121 75 69 86 128 119 28 38 182 49 169 176 1 163
291  65 121 120 54 180 171 28 36 123 154 146 117 169 89 100 35 111 204 6 203 132 56 147
292  139 40 45 156 69 64 171 57 25 154 19 146 101 157 91 111 43 43 122 9 107 147
293  40 32 82 33 86 57 70 48 63 98 94 136 89 176 149 84 190
294  139 32 32 65 172 75 192 186 73 97 181 127 47 146 157 144 35 35 137 161
295  172 75 124 88 112 28 135 117 13 100 197 149 4 61
296  14 45 15 170 26 12 121 124 124 21 17 143 145 71 201 137 4 74 132 9 175 95
297  11 7 65 104 150 55 42 37 37 182 98 105 59 140 77 190 107
298  31 110 155 22 202 115 44 39 86 68 21 63 195 135 179 47 93 50 53 207 6 203 43 27 190 2
299  82 183 167 152 199 131 29 181 17 187 85 193 59 107
300  139 155 183 99 64 128 112 164 165 166 123 93 93 102 154 94 176 53 35 84 107 147 147
301  118 18 133 131 112 67 182 182 113 36 87 98 191 47 47 154 108 1 91 111 201 74 43 160 9
302  80 162 26 120 68 17 187 179 98 101 13 141 100 53 10 137 151 84 77 74 8 175
303  79 45 192 180 199 127 179 166 47 146 76 207 77 74 200
304  79 40 150 51 171 42 199 41 127 153 140 159 129 200 160 92 147 95 130
305  14 14 78 82 183 57 179 191 47 153 142 196 90 158 6 74 2 56
306  205 138 78 82 189 121 88 131 165 28 36 179 47 108 141 140 84 43 9
307  206 30 121 0 115 171 181 17 13 89 144 35 91 148 6 4 132
308  40 110 32 7 184 202 183 167 171 171 178 164 29 135 49 136 62 176 1 173 59 129 148 149 201 16 107 107 107
309  26 202 121 121 33 172 124 63 181 17 154 158 90 149 161 9
310  155 155 118 177 18 39 180 164 196 148 137 203 74 200
311  138 34 156 12 125 183 120 180 17 123 169 89 176 141 194 100 91 6 6 84
312  14 110 170 104 125 33 119 152 112 63 113 181 135 87 98 191 24 157 141 144 90 159 43 160 107 95 130
313  14 138 162 103 32 22 52 73 128 21 131 97 187 166 154 19 188 85 108 158 90 91 151 8 8 27
314  45 184 189 185 52 73 39 119 37 114 49 58 141 100 148 96 175
315  14 32 33 73 68 20 38 63 63 98 58 142 59 91 4 161
316  14 205 138 12 150 5 106 165 48 143 166 166 191 146 136 136 76 157 159 84 132 9
317  206 139 22 125 185 51 172 39 63 36 101 158 197 151 161 56 56
318  103 184 150 125 192 73 86 68 128 55 42 60 97 97 179 145 136 13 74 8 2
319  14 30 79 79 138 177 120 69 128 42 131 98 102 117 85 157 53 196 200 92 147
320  139 139 31 79 79 116 121 167 186 60 48 63 191 47 169 62 142 168 1 173 158 91 148 43 122 175 147
321  72 32 202 121 172 186 60 178 143 157 100 140 111 151 43 161 130
322  31 116 125 52 5 112 94 62 62 168 1 90 4 9
323  170 26 33 52 115 134 178 70 182 63 181 179 166 46 13 140 201 8 160 92 16 175
324  14 206 30 23 44 5 174 119 60 178 49 50 46 71 144 159 6 77 77 122 56
325  138 26 184 55 152 166 46 3 168 90 91 84 16 95
326  83 205 118 116 177 125 133 185 0 124 186 57 42 126 20 195 135 179 94 46 157 176 108 105 204 203 43 122 16
327  83 78 23 65 5 106 88 88 41 195 49 98 193 129 111 74 160
328  14 23 65 156 52 134 73 55 126 41 113 113 17 71 168 105 129 163 147
329  15 7 177 75 171 88 199 164 38 181 195 49 191 93 50 94 46 58 89 159 91 151 2 95
330  110 155 104 12 116 184 150 121 54 106 70 135 13 53 90 203 95 95
331  206 138 34 170 26 150 44 75 73 171 42 195 135 127 93 58 35 197 201
332  110 133 81 124 54 171 21 113 169 136 188 58 3 144 59 111 204 77 132 190 122 16
333  30 22 177 121 192 124 54 119 178 41 181 50 169 169 136 62 157 176 158 111 163
334  139 23 156 12 192 39 21 199 97 97 29 67 114 17 47 145 154 58 129 148 204 204 203 74 95
335  79 22 118 18 73 57 164 62 157 100 207 137 43 122 16 61
336  155 78 78 184 44 134 119 41 67 67 66 25 98 50 108 8 8 109 122 16 95
337  206 40 170 192 54 134 134 5 37 28 41 29 63 113 135 94 94 117 58 1 35 91 149 204 6 132
338  72 110 22 177 177 124 99 73 69 106 128 171 70 29 179 166 166 19 146 169 71 59 111 161 95
339  206 40 110 118 202 52 81 51 167 119 178 112 97 187 25 94 117 101 46 3 194 173 173 59 10 10 137 4 109 92 198
340  139 30 125 18 124 134 67 63 143 187 3 194 168 173 91 197 129 201 109 130
341  14 78 170 52 44 167 106 21 165 20 38 135 166 154 50 194 105 158 84 27 2 16
342  23 51 120 128 57 57 199 41 67 48 187 93 145 93 19 62 100 201 132 109 9
343  79 103 78 82 12 5 88 164 29 63 179 154 157 144 10 90 158 197 111 96 190 16
344  14 81 44 192 69 5 68 68 174 128 171 152 20 67 66 181 50 194 71 129 137 84 77 92
345  22 12 51 44 124 99 73 68 68 171 152 88 112 41 182 181 25 146 188 141 168 53 159 149 6 200 2 56 147
346  14 206 206 78 82 202 167 134 39 20 66 187 47 62 142 168 6 84 77 8 175 175 147 198
347  206 30 23 52 172 192 171 165 87 49 142 53 159 91 74 92
348  31 40 170 33 0 73 57 126 38 50 136 129 84 2 92 9 147
349  139 22 156 133 183 42 131 143 36 135 166 169 85 168 90 91 137 43 161 122 175
350  14 45 45 185 192 73 39 164 97 28 48 154 71 53 159 203 122 16 147
351  32 75 73 39 42 37 195 25 47 102 117 188 148 84 43 175
352  14 80 139 156 54 86 180 55 21 29 48 135 123 117 153 144 10 10 163 43 200 56
353  83 32 23 7 7 156 52 51 64 199 182 182 24 89 194 90 77 132 200 160
354  206 162 78 22 184 81 44 73 5 191 13 157 193 3 1 137 6 6 190 9
355  14 79 34 162 22 172 134 64 68 152 127 98 191 154 3 10 96 149 122
356  80 79 110 15 23 88 199 112 127 169 76 13 62 141 142 1 173 59 35 10 159 8 161 161 109 27 9
357  14 139 205 103 133 115 44 54 167 20 181 36 36 187 187 191 102 19 46 85 157 157 142 196 105 163 148 107
358  31 138 34 32 26 44 120 124 124 73 69 106 180 128 119 57 131 164 97 145 19 76 46 196 1 201 190 9
359  45 110 22 23 125 121 52 192 5 55 164 28 28 143 3 197 201 204 9
360  206 170 104 104 177 44 106 29 48 63 166 47 176 100 144 196 105 111 204 151 198 198
361  22 150 150 44 68 21 179 102 188 100 90 111 148 27 130 61
362  11 118 170 26 183 120 64 57 131 37 29 48 63 36 127 169 188 58 24 144 105 140 90 159 163 9 175
363  139 31 138 15 156 184 184 106 88 165 113 36 85 100 10 129 27 27 130
364  170 82 156 18 81 44 44 75 64 106 57 42 131 112 37 38 38 49 166 191 102 50 153 62 62 59 158 129 161 107 107 95
365  14 31 103 155 170 12 183 36 25 47 194 196 207 140 91 175 95 61
366  205 138 72 150 18 133 192 174 106 131 131 20 182 36 135 135 123 154 146 85 141 203 122 16 9
367  72 78 184 116 202 33 33 0 192 99 86 98 102 94 188 153 85 157 176 108 71 140 158 90 148 61
368  139 72 192 165 28 66 191 129 204 6 203 2 9
369  206 206 83 32 170 118 7 82 121 55 25 50 117 91 148 84
370  206 162 184 124 73 171 42 20 29 113 58 3 142 197 163 148
371  40 110 26 33 185 131 20 48 114 179 102 188 101 13 193 100 35 4 132 190 198
372  31 30 172 124 25 117 188 89 168 148 149 161
373  30 162 11 81 199 199 199 70 17 179 166 123 191 85 142 196 140
374  12 18 133 54 25 102 46 196 148 27
375  40 205 162 118 120 167 5 119 42 199 131 17 143 127 93 154 136 101 62 157 161 95 61
376  202 172 5 21 20 37 114 181 17 179 108 168 158 96 43 92 198
377  138 72 12 116 150 183 124 54 126 178 41 181 25 87 13 58 3 144 140 163
378  205 205 82 184 18 133 69 64 60 114 89 35 90 91 148 92 147
379  205 78 26 104 81 192 180 119 57 165 97 20 20 63 113 143 25 98 93 146 10 197
380  30 79 45 110 104 51 164 182 66 153 144 144 10 96 137 74 92
381  83 162 32 0 44 75 41 29 49 166 141 207 129
382  205 150 172 192 124 134 86 106 128 128 37 114 17 36 145 76 163 201 201 190 95
383  34 15 52 172 69 21 97 188 1 207 129 84 147
384  103 155 103 104 81 192 171 42 112 165 28 114 36 191 3 142 129 197 96 204
385  31 7 202 81 73 171 42 97 63 113 195 176 91 129 197 149 160
386  206 162 184 202 185 0 5 68 128 93 153 24 142 100 1 77 8 109 95
387  83 138 205 138 45 162 189 124 86 48 166 123 13 100 196 111 6 95
388  15 65 26 81 75 124 186 86 57 114 63 195 93 85 58 24 3 53 159 163 148
389  31 45 177 125 124 186 186 119 57 199 97 20 38 36 166 117 136 58 149 201 4
390  139 31 79 156 177 33 44 172 86 57 42 38 41 66 179 144 140 96 137 77 95
391  139 30 138 121 70 17 195 135 87 146 146 194 71 140 91 91 148 2
392  138 155 133 44 124 54 39 171 42 20 25 188 157 157 100 173 207 140 90 148 74 109 27 92 175
393  138 189 133 86 119 97 28 25 50 173 197 201 6 190
394  14 80 30 32 15 7 26 150 99 106 21 21 164 165 38 181 49 168 161
395  125 124 54 5 55 21 37 182 46 62 207 6 6 151 9
396  80 30 79 11 15 65 104 116 184 125 121 185 73 174 119 42 70 97 36 127 166 93 188 62 141 141 196 151 92 175 147 147
397  79 83 26 12 120 186 42 42 60 60 17 195 166 50 136 46 58 157 8 132 160 107
398  83 156 81 69 171 25 94 89 141 10 204 4 56 175
399  14 30 15 15 170 150 133 115 75 97 38 41 114 179 49 3 3 3 196 27 175 61
400  139 205 15 202 185 124 131 41 17 166 123 94 141 194 204 160 160 56 175
401  11 11 22 156 121 185 186 119 112 87 93 102 102 140 90 158 96 149 4 77
402  40 138 138 34 78 0 174 199 20 37 49 196 163 201 137 147
403  31 103 170 65 26 125 189 133 81 183 54 186 86 20 113 46 13 157 173 96 96 204 84 43 2 9 198
404  40 22 15 26 116 33 128 21 114 36 145 13 193 193 1
405  26 104 104 150 174 106 174 152 135 87 98 146 108 142 59 140 159 96 204 8
406  206 138 65 185 133 120 192 167 73 86 68 174 60 88 88 37 166 191 47 50 157 176 53 90 204 204 8 43 9
407  79 32 172 75 75 192 54 86 199 199 112 164 70 20 114 49 19 89 158 122 92
408  30 40 72 23 104 202 202 185 124 131 165 29 143 102 76 24 43 2 175
409  40 155 82 133 120 186 20 28 63 49 191 145 176 9 147
410  103 23 125 68 112 164 97 93 13 85 89 89 53 6 151 2 95 198
411  162 7 156 186 64 5 63 113 143 62 193 196 90 204
412  31 72 78 7 65 12 177 115 39 112 112 38 17 127 179 47 117 46 176 59 91 201 149 204 151 122 175
413  72 65 121 189 121 192 69 119 171 55 42 21 20 20 41 66 179 98 166 191 169 108 159 201 6 151
414  206 103 11 118 177 18 189 183 124 124 178 178 38 48 136 24 3 1 105 173 10 158 95
415  14 22 202 18 51 192 180 152 20 37 29 63 146 141 71 100 59 35 159 197 43
416  139 110 78 177 0 106 42 88 97 28 135 13 157 159 148 200 56
417  40 83 110 162 118 26 0 51 64 5 164 20 25 146 117 169 153 193 71 168 151 77
418  79 162 32 22 170 26 189 120 172 172 57 60 152 20 182 127 47 24 105 111 84 43 2 56
419  205 22 170 118 116 120 124 186 37 98 102 50 146 136 141 194 10 190
420  139 15 118 26 156 116 185 133 120 124 167 86 106 88 135 157 59 140 10 149 6 77 200 161 190 92 92 175
421  72 23 82 104 116 177 183 120 75 75 54 112 17 47 193 59 10 90 163 16
422  138 32 170 65 104 125 183 124 42 195 87 191 145 46 108 111 84
423  80 205 138 118 104 133 51 44 44 172 75 5 68 174 60 97 37 191 146 101 158 159 197 163 151 190 9
424  80 206 206 205 110 116 184 121 99 39 57 57 131 181 17 102 136 62 176 194 196 105 10 159 197 74 107
425  80 78 189 52 48 182 114 66 94 117 85 111 163 149 201 92 107
426  31 103 78 156 125 18 68 180 119 112 66 179 154 71 144 1 35 90 158 163 148 137 122 95 61
427  139 139 31 31 30 110 23 156 150 44 64 106 178 25 127 50 169 153 58 89 193 168 111 56
428  30 23 118 189 54 99 180 55 195 85 105 105 59 203 109 190
429  14 30 30 138 34 11 73 64 88 113 113 195 135 179 127 76 1 105 173 140 10 111 122 2 92 92
430  192 167 64 128 60 97 181 143 179 154 204 107
431  14 79 45 78 121 186 86 128 88 21 20 28 108 144 1 173 59 140 158 90 149 160 175
432  139 11 12 202 121 75 192 5 55 21 164 187 179 87 154 13 196 144 207 129 151 43 92 9 175
433  139 139 30 170 156 18 99 73 5 70 41 19 62 108 168 140 163 200 175 95 198
434  79 83 205 11 33 52 120 88 164 38 67 187 191 123 144 8 9 9 147
435  139 103 11 22 202 185 172 186 73 39 112 48 48 143 49 146 136 157 207 43 16
436  30 34 82 202 18 52 115 134 106 180 67 66 113 191 93 46 142 53 90 129 163 137 204 200 161
437  110 78 51 73 88 152 112 70 28 102 19 94 193 3 158 137 204 84 77 43
438  31 83 34 118 65 39 57 42 60 17 62 207 35 159 163 137 203 203 161 107 95 130
439  45 155 156 177 189 192 199 20 20 87 123 19 4 122 61
440  205 45 156 184 52 5 171 126 41 17 166 100 140 201 6 77 132 9 130
441  205 26 104 184 86 180 42 166 169 101 193 193 77 43 27 190 147
442  139 205 72 162 155 202 18 73 60 25 87 102 169 136 188 108 194 91 129 203 27 147
443  40 11 23 118 12 116 150 202 0 68 174 60 126 199 164 41 182 179 102 94 136 90 96 151 161 16 95
444  32 15 65 26 104 183 124 180 131 70 29 36 123 101 85 157 173 35 159 137 77 175
445  82 133 115 115 167 57 42 178 181 187 85 89 157 108 141 59 59 148 84 8 43 56
446  22 22 150 202 189 44 99 180 178 41 123 146 169 153 3 173 2 107 147
447  22 177 121 0 115 174 182 94 169 142 159 2 160
448  72 32 184 125 81 186 39 86 64 180 152 97 67 17 49 191 19 146 58 193 3 137 200 161 27 56 56
449  40 138 11 189 51 186 64 171 55 21 164 38 29 63 143 46 58 89 111
450  80 31 172 192 21 21 131 112 143 195 36 179 123 154 153 168 159 160 95
451  80 79 11 22 172 167 5 42 88 88 88 97 38 123 176 10 129 74 92 9
452  30 72 110 125 51 75 167 186 38 25 123 46 2
453  83 110 32 32 170 54 68 60 88 66 181 195 169 173 140 190 175 198
454  184 202 202 33 133 52 52 52 75 55 60 60 131 41 182 25 123 93 145 136 157 3 194 142 100 100 90 96 175 95
455  150 150 99 174 126 37 67 66 181 17 145 58 193 140 159 151 122
456  155 12 0 183 75 167 171 21 112 41 91 201 201 201 203 161
457  34 45 23 65 33 172 124 167 112 114 135 191 19 117 153 62 193
458  139 45 162 162 202 81 172 106 152 131 97 66 113 195 135 98 176 3 1 96
459  80 31 31 22 116 18 172 120 192 69 69 5 171 165 41 187 123 50 169 136 76 85 58 90 148 96 149 204 204 84 84 43 107
460  40 82 0 152 21 36 127 169 101 101 71 100 207 204 204
461  139 26 150 183 42 152 28 191 62 198
462  83 72 45 155 189 52 0 75 134 178 70 165 195 136 176 1 59 204 109 27
463  79 34 65 26 116 121 33 52 192 69 174 119 48 114 17 123 93 169 13 89 158 204 151
464  78 104 99 99 39 21 112 70 165 19 188 101 62 24 194 100 1 122
465  162 32 170 125 177 81 81 134 55 36 87 102 19 146 207 159 91 197 161 107
466  138 11 7 104 128 20 63 17 153 76 89 194 142 71 144 158 148 148 161 27 92
467  31 31 31 40 34 34 26 177 192 167 99 68 55 126 37 63 179 89 158 90 159 91 148 151 4 200 200 161
468  40 103 11 125 120 172 152 20 114 187 87 146 89 158 90 91 159 161 160
469  14 31 162 15 170 65 12 81 0 172 192 186 68 171 55 57 152 199 28 38 47 94 94 101 176 6 74 200 200 147 198
470  14 64 21 36 47 154 117 173 140 149 27 190 56 175
471  80 103 170 7 133 133 185 171 42 29 94 76 85 194 71 163 163 151 132 27 2
472  118 118 104 177 44 172 60 70 67 67 98 166 47 102 188 157 196 1 1 35 197 149 27 122 147
473  78 22 22 104 12 69 180 171 199 164 41 181 166 94 176 207 92 16
474  31 30 34 45 184 116 189 0 99 73 178 131 37 113 195 195 127 85 71 168 196 207 129 200 16
475  80 155 78 104 33 192 106 57 152 88 199 164 182 113 145 50 58 62 176 71 122 61
476  118 125 186 97 195 98 93 141 141 59 35 159 27 27 107 147 61
477  14 79 78 118 170 115 106 88 126 187 166 50 94 94 153 159 190 190 175
478  162 103 7 7 125 5 119 178 199 131 143 93 102 153 196 197 111 200 109 56 16 107
479  206 162 155 7 177 189 189 167 64 152 126 112 182 50 136 62 193 142 100 144 207 111 132 27 16 9 147
480  40 15 116 44 167 17 25 191 136 71 100 90 4
481  170 125 125 5 174 57 199 49 98 93 62 159 111 148 190 160 9
482  150 133 120 124 174 199 67 48 66 135 187 123 169 193 142 194 207 90 148 151 203 4 74 109 92 9
483  45 162 103 118 121 121 115 54 171 152 164 66 127 123 123 153 62 142 173 96 201 151 84
484  30 26 12 184 202 150 133 167 134 39 20 117 108 71 59 96 149 74 43 122 9
485  79 79 118 121 189 189 54 134 73 73 69 106 97 36 191 13 89 194 132 16 175 198
486  52 183 120 119 41 29 182 143 145 19 169 194 71 35 149 161 95
487  155 32 156 125 51 124 180 171 88 178 70 146 188 62 141 144 137 200
488  73 86 5 171 131 135 13 62 168 59 43 56
489  138 82 183 86 86 171 60 131 181 87 3 100 173 74 8 132 2
490  14 45 82 52 0 115 172 172 55 199 28 113 98 102 141 193 132 109 9
491  80 118 12 99 119 152 97 98 50 188 46 46 24 3 196 140 10 10 151 203 2 2
492  14 15 15 184 116 18 51 152 70 17 127 127 49 166 123 47 169 96 2 160
493  139 45 7 115 44 75 174 180 178 165 37 135 136 62 141 59 96 161 16
494  80 206 40 34 22 125 177 18 121 44 172 128 37 182 63 187 191 145 102 94 53 144 144 1 59 35 158 96 204 27 16 16
495  80 118 65 121 55 21 165 50 85 24 207 35 201 200 175
496  206 110 78 104 18 189 0 73 69 106 181 166 93 146 77 200 198
497  83 34 45 162 78 78 184 0 115 69 64 180 164 20 20 37 29 127 179 123 101 46 142 71 53 59 43
498  32 32 65 82 202 121 99 171 131 181 19 157 3 8 2 16 107 147
499  206 79 34 104 184 202 167 73 39 174 97 114 17 36 98 166 94 188
500  30 133 64 68 57 60 28 113 17 25 94 91 159 96 137 122 122 56 95 61
501  205 72 45 11 22 52 183 54 186 180 60 63 181 25 191 145 19 136 141 193 141 105 158 129 111 137 43 161 130
502  80 79 83 23 65 52 51 172 54 54 70 48 181 93 154 76 194 10 90 148 201 84 9 61
503  80 80 205 184 18 33 172 75 99 69 180 55 164 70 28 29 19 117 136 157 193 163
504  202 115 124 39 199 70 37 143 187 166 153 76 85 62 193 168 105 6 190 92 56 16
505  31 162 155 170 33 115 64 123 93 50 146 136 13 24 108 176 105 35
506  83 205 103 22 23 177 189 48 179 145 145 117 169 13 24 176 176 100 196 151 8 27 9
507  31 40 32 170 0 0 115 134 68 88 70 97 28 181 195 127 93 19 196 105 140 109 147 130
508  31 155 177 177 185 133 81 183 75 55 126 164 70 97 143 93 50 13 24 140 91 96 201 204 8 56
509  118 65 26 73 70 165 17 102 117 169 157 194 129 56 175
510  139 11 156 184 115 124 124 39 199 165 67 67 182 187 25 142 100 53 144 105 105 158 163 201 4 43
511  40 23 82 116 185 134 128 131 112 165 28 166 85 58 157 89 168 149 204 161 198
512  206 150 55 41 17 94 194 173 59 91 129 96 204 9 147
513  162 103 23 202 202 39 180 55 60 88 131 29 63 195 87 98 101 46 58 108 71 196 1 173 158 158 159 132 160 175
514  33 185 0 172 120 167 167 88 178 112 164 67 66 135 179 154 154 76 157 157 141 129 137 6 84 107
515  14 110 125 189 133 120 86 128 55 152 165 38 98 46 3 194 100 196 158 91 159 197
516  15 104 133 51 124 39 39 86 174 70 70 37 188 144 105 159 149 137 6 84 27 27 107
517  138 18 185 0 0 183 131 41 114 127 62 168 144 105 2
518  31 189 5 48 182 135 24 193 163 151 161 56
519  34 45 23 18 185 52 124 69 128 171 164 165 37 87 19 146 85 90 151 122 56 9
520  40 15 23 7 51 64 5 70 38 38 114 101 149 77
521  206 30 18 183 44 75 99 64 199 70 37 181 123 50 3 196 140 10 158 147
522  11 118 0 134 73 68 106 60 48 182 113 25 101 108 207 140 207 207 10 96 132
523  22 22 12 177 81 180 42 60 199 66 166 154 117 58 197 8 8 27 16 107
524  31 83 32 23 125 75 119 21 49 47 102 169 136 140 111 201 203 109 122 56 9 95
525  80 80 205 170 81 186 68 36 146 1 105 10 148 84 8 160 107
526  31 31 79 83 11 150 185 183 75 124 119 126 131 113 19 105 148 190 160 92
527  14 79 40 40 110 155 103 78 52 134 178 165 67 114 63 127 93 169 85 194 158 163 84 200 161 2 160 92
528  30 45 45 103 104 104 184 189 81 69 42 37 48 182 113 102 117 153 108 176 3 100 90 4 161 16
529  206 206 72 11 150 134 39 106 88 131 29 66 63 143 123 145 102 141 129 204 43 109 109 109 130
530  79 118 7 18 185 185 133 0 69 174 128 42 126 38 48 114 17 46 141 3 161 16 95
531  80 205 103 103 23 121 185 185 51 183 172 73 39 174 55 60 199 199 38 17 135 188 53 1 140 203 74 200 92
532  30 72 104 125 171 178 131 114 66 63 179 123 93 188 24 71 144 207 4
533  205 45 118 26 177 52 172 106 112 113 145 100 144 129 201 84 122 107 61
534  83 72 155 118 75 54 134 186 180 152 41 25 49 191 1 149
535  184 177 134 57 38 182 63 25 179 136 108 3 194 144 35 158 159 148 27 107
536  83 12 116 124 39 64 60 88 63 17 135 93 154 108 71 100 173 173 148 96 204 43
537  80 79 33 124 167 186 73 57 57 42 42 38 67 113 179 127 59 149 74 8 8 161 161 122 95 130 198
538  80 83 83 83 138 22 150 134 69 55 60 21 67 66 63 93 169 89 92 107 95
539  118 65 156 172 174 178 29 108 53 105 140 111 77 8 122 9 9
540  139 79 12 121 115 39 171 28 179 141 194 100 144 207 163 96 6 160
541  139 23 82 104 185 38 166 146 101 141 53 59 140 159 43 16
542  80 138 15 183 68 57 112 41 182 195 100 197 111 151 132 109 27 2
543  103 170 65 65 125 112 29 48 17 127 127 47 50 146 194 142 111 137 16 147 95
544  79 72 162 162 155 15 12 184 177 183 120 186 69 64 164 112 20 28 67 48 48 36 123 188 62 141 71 173 77 74 161 9
545  162 78 170 184 202 183 54 134 86 55 42 178 112 17 187 94 94 188 3 151 151 203 161
546  15 184 0 0 44 186 39 171 119 70 20 48 63 166 117 153 53 90 84 8 8 190 16
547  45 150 133 0 75 167 180 60 164 165 146 3 142 71 151 190 2
548  23 177 18 81 73 39 119 178 131 182 145 102 50 19 188 176 207 203 56 107 198
549  80 206 34 34 15 82 52 51 183 186 39 86 68 60 67 66 46 13 194 144 105 10 132
550  45 110 11 11 26 0 192 128 42 135 193 196 91 204 203 151 27 92 16 175 130
551  14 139 83 110 170 65 156 177 81 115 73 68 57 21 131 195 195 187 191 76 157 140 158 2 160 107 61
552  83 110 103 11 82 104 185 0 115 99 69 174 174 178 131 48 87 194 207 35 201 204 200
553  83 72 155 32 23 170 156 184 183 119 179 146 117 169 62 108 4 16 16 107
554  30 205 103 32 15 99 55 55 21 182 114 36 47 102 76 89 193 140 159 148 201 204 84 74 200 27 56
555  80 30 205 22 15 23 82 177 18 20 143 36 62 194 105 197 161 175
556  14 206 40 45 32 15 116 202 133 81 106 171 70 29 114 127 87 157 3 71 148 137 109 2
557  31 72 155 116 52 81 57 199 41 135 58 142 91 129 43 43 132 109
558  40 7 116 116 51 60 21 164 49 145 153 76 100 196 1 59 163 148 137 151 200 200 92 107
559  79 150 18 75 69 174 180 20 182 127 98 47 50 58 157 108 71 140 35 163 160 9
560  11 11 15 23 121 185 172 41 25 50 76 108 10 148 203 77 92
561  72 45 177 33 81 51 73 112 70 20 67 67 114 143 187 25 176 168 74 27 92
562  79 82 82 51 172 120 172 180 128 119 126 48 181 25 87 49 193 6 9 175 175 95
563  139 118 18 44 99 126 199 17 166 101 176 71 168 105 105 35 10 90 149 77
564  118 170 18 189 133 120 54 68 180 42 21 182 63 17 25 191 136 101 153 194 59 158 197 203 84 161 122
565  83 34 110 155 184 184 81 120 119 126 199 135 47 10 77 16
566  155 104 156 150 185 133 75 5 119 88 126 164 70 143 123 153 207 10 129 43 122
567  30 205 138 170 82 133 0 186 64 55 57 60 38 67 114 113 166 154 157 89 141 1 96 96 201 149 77 8
568  206 30 138 26 82 81 115 192 54 134 134 68 68 57 88 178 20 101 62 144 1 129 129 96 203 74 161 92 95
569  156 116 86 5 20 66 181 187 136 173 129 148 201 132
570  206 205 45 23 65 156 116 189 185 64 63 146 1 105 35 204 27 27 175
571  14 139 31 72 116 150 177 52 52 44 63 181 195 188 101 71 140 190
572  206 31 83 110 51 186 134 42 37 66 143 166 176 108 27
573  139 110 15 170 7 65 82 189 44 75 64 68 68 128 180 42 164 70 41 127 137 56 175
574  80 32 32 156 177 54 5 128 67 182 25 25 93 24 176 193 159 197 149 137
575  170 202 177 18 52 0 180 55 178 87 136 141 194 1 173 90 163 109 27 160 16 107
576  80 80 139 139 83 205 72 156 81 73 20 187 24 176 109 95
577  14 139 22 52 86 128 199 179 166 154 46 13 53 144 90 91 151 74
578  14 103 15 75 99 106 106 128 42 70 98 123 93 50 194 163 137 203 203 77 147
579  104 202 189 75 55 42 164 164 67 114 187 93 194 1 1 91 111 9
580  155 23 26 184 184 185 115 183 54 86 55 37 28 114 114 114 127 127 145 117 157 91 197 149 2 107 147
581  52 192 186 128 114 36 145 58 89 132 122 190 56 9 107 175
582  7 121 68 98 191 145 94 188 101 3 71 140 8
583  155 7 120 124 88 126 70 97 41 36 191 94 101 76 90 84 84 2 175
584  103 15 170 118 65 18 133 178 126 123 19 169 46 176 108 194 140 10 129 132 200 27 2
585  155 82 12 18 44 167 186 106 199 67 48 182 19 193 129 92 92
586  31 156 133 44 167 86 64 106 55 55 60 60 126 112 164 187 127 49 50 94 188 13 58 90 204 77 2 198
587  205 177 69 174 106 180 55 152 28 17 166 46 108 3 3 1 151 200
588  206 30 205 110 22 106 180 180 42 112 70 48 195 179 49 166 191 93 154 117 153 6 74 190 2 130
589  206 133 0 115 115 172 120 124 54 187 123 47 47 188 91 129 161 9 175 130
590  138 72 103 172 192 167 152 131 38 48 113 145 154 146 85 89 84 56 107
591  80 40 83 205 22 15 156 184 33 51 134 86 64 70 70 29 182 66 169 169 85 58 1 147
592  14 138 34 32 118 51 183 124 39 64 119 131 165 37 38 179 145 105 35 4 160 92 130
593  79 162 155 155 11 23 156 115 167 48 143 127 49 98 102 169 105 140 140 201 201 4 56 175
594  103 32 23 23 104 167 69 128 119 97 182 193 137 84 190 92 16
595  116 125 177 81 183 120 39 39 64 165 37 17 195 191 136 153 153 62 24 176 6 2
596  139 103 78 177 167 119 119 55 70 29 63 113 127 108 196 105 10 137 109 122 107
597  80 205 26 133 69 21 29 195 87 166 98 136 62 157 137 84 84 74 8
598  79 83 52 51 75 134 39 106 55 97 165 38 38 48 25 49 188 24 24 89 148 96 147 198
599  14 206 83 155 170 118 116 185 51 120 174 165 63 169 71 196 111 151 200 9 107
600  14 22 170 26 125 186 86 20 29 48 182 36 19 117 117 71 196 140 92 56 16 95 61
601  14 104 18 192 192 174 57 70 93 145 94 117 96 148 148 137 161 122 2 56 107
602  78 32 133 75 124 64 68 174 128 70 165 165 195 187 49 157 158 96 8
603  78 7 202 52 183 124 99 39 5 128 20 38 67 67 114 66 63 25 179 158 201 43
604  80 72 22 118 7 65 189 81 69 174 28 182 17 123 24 89 168 196 1 140 204 200 161 122 160 95
605  40 138 22 7 65 116 184 73 64 57 178 67 48 187 93 194 71 144 201 4 77 74 9 107 198
606  40 205 72 155 32 133 134 152 152 88 38 90 163 163 148 203 132 161 107 147
607  34 78 189 121 183 183 119 57 199 114 179 49 145 117 169 101 62 62 159 96
608  30 162 118 177 81 183 192 180 143 194 144 35 158 158 204 6 4 2 9 107 147 198
609  45 51 106 165 37 102 153 153 108 142 158 129 129 111 203 203 77 16
610  206 118 104 44 174 29 29 67 19 76 142 100 168 35 158 151 2
611  14 79 34 15 65 26 18 0 178 199 41 66 143 19 76 46 62 141 142 194 91 129 107
612  80 206 30 138 103 23 177 0 183 183 54 64 112 101 89 108 144 105 197 148 6
613  14 155 23 65 184 150 18 121 86 60 28 38 143 87 98 98 146 169 108 193 194 71 53 159 149 151 4 8 9 107
614  162 32 15 170 82 69 119 37 50 19 149 77 109
615  78 15 156 116 202 192 119 60 88 126 187 141 53 149 4 107 147
616  22 23 170 116 75 124 42 60 60 178 36 87 98 3 196 207 140 35 163 96 149
617  139 170 7 51 172 75 54 99 64 114 49 166 93 169 46 108 100 1 132 175 130
618  205 205 34 32 75 55 165 36 25 179 123 50 19 85 173 105 207 207 197 77 8 161 2 56
619  65 125 81 44 106 126 97 67 66 63 143 25 153 58 129 111 201 27 190 2 56 198
620  139 40 162 32 32 65 189 81 0 75 167 171 97 114 182 143 36 187 76 105 59 159 151 161 122 190 95 61
621  80 72 78 11 118 118 65 65 121 52 44 192 86 195 191 19 24 196 140 35 159 91 148 109
622  206 30 30 83 34 104 125 133 69 64 49 169 153 89 142 196 173 92 56 95 95
623  80 22 12 120 55 152 88 28 181 179 87 94 10 90 201 8
624  65 185 69 180 38 41 195 36 187 135 127 94 100 207 10 84 132
625  31 79 34 155 125 189 185 0 39 128 171 181 17 127 19 136 71 129 111 95
626  15 65 65 65 82 18 73 128 199 131 28 98 102 19 153 89 142 35 163 109 2
627  139 30 138 116 189 119 67 36 87 47 47 50 146 153 159 149 107
628  14 189 185 44 120 126 182 49 94 140 147 95
629  31 162 162 156 104 202 125 18 33 75 68 57 164 164 165 114 113 179 191 123 146 194 197 163
630  162 162 11 116 177 52 120 180 57 88 199 37 135 98 76 46 46 196 96 77 132 2 2
631  40 11 189 106 171 97 67 182 143 36 166 47 188 153 59 111 190
632  45 23 156 150 33 133 115 124 99 73 180 119 88 97 114 191 191 47 19 76 35 159 111 163 149 132 109 147
633  22 26 82 115 75 54 64 128 55 57 131 70 114 135 47 50 58 173 10 149 77 43 190 107
634  14 78 54 199 182 143 123 146 89 193 71 196 196 207 163 148 6 8 56 16
635  31 162 86 86 97 66 153 3 197 6 132 109 160 130
636  34 156 86 21 164 165 66 66 17 127 146 85 24 111 96 201 77 27 160 147
637  44 75 55 57 199 112 181 127 154 146 146 117 117 136 10 90 84 56 147
638  83 72 184 116 64 37 87 102 62 6 160 56 107 95
639  110 22 23 184 202 189 39 106 29 182 127 93 46 71 197 74 74 190
640  83 205 184 0 186 39 68 112 102 108 144 197 149 6 6 203 43 132 161 190 9 130
641  14 206 162 118 7 150 167 5 60 126 21 164 97 29 135 127 194 1 159 129 161 175 175 147 198
642  138 189 81 171 152 152 41 29 143 135 47 141 151 77 132 27 190 190 160 61
643  30 30 79 40 34 11 22 65 120 120 152 165 29 17 143 36 49 47 89 193 3 194 100 173 132 190 130
644  40 138 162 23 156 202 134 69 39 5 41 67 113 195 187 145 154 193 53 207 148 4 77 74
645  205 110 23 118 33 0 120 186 21 164 48 66 195 36 117 85 24 100 204 74 74 147 95
646  34 45 81 64 68 171 29 187 93 101 24 89 3 105 105 163 201 203
647  80 205 34 155 118 156 202 202 99 171 17 195 98 93 196 90
648  33 133 44 192 69 41 98 98 136 153 58 24 89 71 100 140 122 147
649  138 110 125 167 69 42 199 154 117 136 197 111 161 160 95 198
650  30 116 115 5 28 29 181 46 53 151 77 122 16 16
651  40 116 202 52 44 68 42 164 70 29 29 181 191 123 102 50 46 160
652  14 23 189 0 54 174 42 126 112 143 36 36 25 191 145 153 53 59 158 91 84 8 200 92 56 9
653  30 138 110 65 150 202 150 52 97 37 135 179 166 58 58 89 142 53 105 59 10 148
654  83 45 172 86 21 48 114 98 145 94 188 85 85 3 194 168 196 173 200 56 16
655  162 110 7 12 0 183 69 174 128 42 152 38 114 135 179 19 46 207 137 137 27
656  40 110 103 11 32 189 51 28 47 102 136 85 142 140 200 109 122 2
657  14 79 83 116 150 44 120 167 128 57 178 164 143 101 85 144 196 163 200 190 147
658  155 32 23 65 125 52 81 0 115 128 128 171 88 97 67 36 123 50 76 58 108 108 176 159 96 149
659  72 32 104 184 33 52 167 128 93 145 145 188 101 1 197 204 8 16 9
660  104 116 0 44 86 67 153 58 62 157 203 74 109 16
661  26 150 81 88 195 36 36 47 154 154 50 146 136 10 129 84 147
662  72 26 189 120 99 39 55 57 113 191 168 197 204 74 56 16 9
663  110 23 172 68 199 143 191 35 129 111 6 74 109
664  83 205 65 12 202 177 125 125 99 69 39 180 42 70 165 20 17 17 135 179 76 157 3 74 132 92 198
665  79 40 103 78 11 185 52 120 39 64 64 106 106 180 38 145 146 142 96 74 200 190 198
666  110 32 118 189 133 172 5 106 42 21 112 29 87 123 24 176 77 132 92 9
667  40 205 34 189 0 73 5 199 28 38 29 135 179 179 123 123 117 117 117 46 13 193 91 163 149 137 16 61
668  78 156 184 115 73 37 66 63 143 191 117 188 108 176 100 1 59 207 159 111
669  205 7 82 150 202 172 68 68 55 179 101 122 56 175
670  138 103 128 97 165 41 25 127 191 93 93 145 117 188 176 71 105 158 159 96 96 201
671  139 22 81 172 192 114 182 195 191 50 169 62 53 53 163 122 175 130
672  80 139 78 116 177 183 54 180 164 97 181 153 46 157 53 91 201 6
673  14 139 78 32 202 183 172 5 178 21 70 38 195 166 98 145 153 62 62 157 59 140 197 96 149
674  139 138 26 57 42 60 29 66 102 193 173 59 204 151 132 2 95
675  206 40 83 33 134 5 106 67 114 135 127 153 157 141 141 100 144 158 111 84 8 160
676  155 116 189 75 39 106 55 42 152 66 66 85 24 3 168 140 10 109 16
677  31 31 83 11 7 18 51 54 119 42 182 182 181 143 194 71 203 8 61
678  72 34 54 87 191 19 58 58 141 173 158 158 203 84 27 160 107
679  80 139 34 162 78 116 185 81 64 152 165 29 143 166 146 173 90 109 27 2
680  80 206 103 118 33 133 178 179 166 123 123 89 163 148 137 6 132 56
681  138 155 32 15 118 104 183 167 134 21 112 37 37 182 93 19 169 24 53 207 159 151 203 77 56 16
682  40 72 110 155 15 118 121 33 51 39 152 88 67 36 127 145 146 188 85 193 137 203 16 61
683  23 7 26 189 115 44 172 55 97 181 36 36 135 123 154 13 58 141 141 35 158 158 158 90 91 74 132 109
684  30 192 38 41 13 176 193 168 90 197 111 203 4 9 198
685  14 205 103 65 26 150 150 18 121 99 167 68 20 25 49 101 196 173 6 147 130
686  139 30 34 45 78 15 81 0 120 172 124 39 180 128 88 165 37 182 50 76 24 108 193 173 96 190 175
687  11 65 116 44 164 127 87 98 13 176 3 168 53 105 132
688  31 110 103 103 170 118 12 51 73 126 38 187 179 49 176 105 207 35 151 132
689  79 7 82 82 156 12 184 133 42 152 126 17 94 13 194 100 144 35 10 10 129 149 204 8 132 109 109 147
690  121 185 54 174 180 128 119 88 36 136 76 105 207 4
691  78 118 121 0 183 124 134 126 21 187 101 141 71 100 168 140 90 148 96 137 43 175
692  30 79 205 162 189 172 86 178 126 199 37 37 28 166 19 46 194 1 10 107
693  83 138 72 45 32 22 192 99 178 97 20 17 143 98 101 153 62 193 196 159 6 4 77 200 109 190
694  110 65 156 120 172 167 119 171 171 171 55 114 63 113 135 127 169 76 89 89 141 100 197 197 203 2 175 175 130
695  139 79 23 12 33 124 99 112 41 145 19 62 194 1 84 122
696  30 72 7 26 156 68 126 70 48 66 113 46 137 77 74 74 190
697  14 79 103 7 184 180 180 41 48 48 181 195 100 159 159 122
698  118 184 52 178 165 113 143 135 50 188 3 71 168 197 204 160 107
699  206 205 15 7 125 33 44 73 174 41 29 29 29 67 191 93 101 129 74
700  22 82 150 150 189 51 192 64 119 42 178 21 112 37 28 67 63 123 146 94 188 153 85 157 129 148 203 160
701  31 103 22 12 134 68 178 67 179 136 85 35 9 175
702  30 138 78 177 44 120 99 88 126 164 195 127 102 85 71 168 105 27
703  34 156 133 172 5 57 21 143 135 87 123 93 146 188 13 3 144 59 203 132 109
704  45 162 133 126 20 181 195 191 154 50 136 76 46 58 193 141 3 3 59 129 4 77 200
705  14 40 162 7 7 7 150 125 33 51 192 167 106 119 88 165 37 113 181 191 169 62 89 157 176 194 100 77 74 2 56 175
706  31 31 30 15 23 65 82 202 33 120 126 135 154 94 46 58 176 140 201 4
707  22 82 12 0 167 167 99 64 174 180 178 131 48 154 136 153 24 3 149 8 161 190
708  82 116 183 186 134 73 106 41 113 195 87 123 24 89 3 149 43
709  14 83 11 11 33 185 75 42 42 164 169 101 24 1 35 129 111 96 161
710  170 65 115 68 106 55 152 21 63 187 98 154 176 176 158 201 84 84 122 9 107
711  31 104 156 33 183 99 112 112 165 17 87 53 203 84 43 122
712  22 170 184 33 51 51 124 69 60 164 20 145 176 142 90 91 96 74 43
713  155 78 118 131 70 37 37 28 63 36 135 58 71 161 56
714  80 139 31 205 162 26 12 116 177 115 172 39 57 21 165 28 113 87 169 35 159 200
715  139 83 162 23 150 185 167 178 97 48 143 191 154 46 3 3 194 90 90 159 203 77 74
716  139 15 177 125 189 183 167 69 64 60 199 37 28 195 123 145 169 105 129 203 77 27
717  30 170 12 189 0 120 99 21 135 166 102 188 13 194 197 111 109 2 92
718  45 156 52 52 172 172 54 119 70 70 25 98 145 102 50 153 76 58 176 141 194 129 163 147
719  78 39 60 152 152 127 98 76 157 71 77 132 61
720  139 40 22 15 184 150 121 183 119 178 164 25 154 117 85 144 8
721  45 202 33 81 106 21 38 50 169 46 24 1 207 204 6 74 43 122 2
722  11 156 185 186 39 60 97 113 135 141 1 129 163 147 147
723  80 206 31 79 34 45 15 23 33 185 51 120 86 5 88 113 187 123 76 144 158 84 2 16
724  14 206 32 104 81 81 44 120 86 86 38 143 135 187 98 191 93 85 96 149 137
725  139 170 202 0 73 86 5 68 128 180 112 181 85 89 100 100 59 10 200 27 56 198
726  206 138 156 116 177 133 86 174 38 38 41 25 127 49 93 85 142 168 35 197 151 2 107
727  103 121 172 192 69 199 143 154 24 3 53 105 59 159 77
728  155 155 78 12 202 121 51 75 119 29 17 49 93 154 108 200 160
729  206 116 73 69 39 86 5 164 28 41 114 36 127 87 154 13 196 59 35 90 111 137 132 122 2 2
730  14 45 78 170 134 39 5 60 97 37 17 145 188 157 197 201
731  138 78 15 52 172 192 134 5 128 70 187 166 102 168 144 204
732  205 22 51 115 192 152 28 114 25 49 166 153 194 71 144 197 4 190 160
733  138 12 69 180 21 48 63 143 179 49 49 117 188 13 85 105 35 201 122 147
734  110 103 65 189 134 180 97 135 47 169 85 141 3 71 105 148 6 161 9 130
735  30 138 155 155 22 18 185 185 51 124 134 73 68 128 70 165 20 28 41 48 187 187 191 144 105 140 129 203 147
736  139 139 7 150 125 51 192 55 57 152 126 70 70 20 182 63 50 169 101 142 203 109 109 56 61
737  14 7 184 121 44 42 21 165 66 63 47 146 71 35 91 6 77 132 132 147 95
738  139 103 170 150 133 124 64 64 55 112 20 166 102 94 136 176 193 1 151 160 175 95
739  133 81 183 134 86 5 42 60 195 195 47 154 194 163 6 4 160
740  110 12 177 115 44 86 5 60 131 199 37 17 195 145 96 43 200 109 122
741  34 34 34 150 120 39 39 106 21 166 93 154 117 193 144 197 137 122 61
742  31 7 7 116 184 18 128 126 164 112 97 145 154 19 76 13 92 175 147 198
743  80 139 162 155 32 104 116 177 33 64 131 41 195 94 101 62 100 173 200 92
744  83 103 11 23 202 51 172 186 21 199 112 28 67 182 188 24 8 161 16
745  138 162 65 192 73 21 165 37 181 127 193 90 129 163 163 201 161 92 56 95
746  72 155 15 23 18 52 115 172 192 73 73 64 180 37 145 94 169 136 46 13 176 35 148 130
747  80 83 150 202 202 52 99 57 88 70 136 71 35 204 137 8 27 122 107
748  26 185 133 186 86 21 113 13 108 142 59 207 6 161 16
749  34 45 118 133 52 115 54 106 128 171 55 152 126 66 47 47 62 176 141 100 53 144 197 151 43 200
750  205 110 23 104 52 75 167 42 126 112 87 191 117 76 76 46 62 24 3 100 105 148 149 107 130
751  34 12 121 185 119 20 114 50 146 169 136 53 159 132 107
752  31 30 103 155 82 44 86 171 55 165 38 63 143 187 98 46 85 62 176 141 159 159 163 111 111 132 109
753  80 54 48 114 123 169 1 140 10 91 197 96 96 151 84
754  206 78 78 23 0 165 20 67 127 93 101 85 3 90 149 8 56 107
755  22 26 0 73 68 68 131 38 114 146 193 168 105 111 203 95 95 130
756  139 30 34 155 11 116 189 81 124 86 112 97 17 179 127 76 85 157 193 53 77 9 175 61
757  79 138 104 177 183 192 68 106 67 48 166 100 100 59 203 74 161
758  79 26 120 69 165 37 28 143 87 136 89 193 3 142 168 168 159 43 92 147
759  30 40 104 133 0 0 180 171 178 70 49 145 13 168 1 35 197 163 137 198
760  31 40 103 23 82 97 28 41 63 25 25 191 154 146 76 24 176 3 142 53 144 59 90 201 151 84 109 122 56 107
761  206 72 110 177 174 171 171 60 28 114 143 179 123 47 58 58 89 142 71 100 168 53 144 158 159 200 27 9 175
762  138 72 110 110 103 155 11 32 26 156 12 106 174 55 42 21 48 114 135 197 201 161 2 160
763  139 184 18 115 73 69 180 37 166 58 1 59 163 96 190
764  103 118 65 18 121 51 120 75 167 73 68 128 128 21 165 113 25 166 76 24 3 8
765  80 103 103 23 65 202 121 75 54 106 88 178 112 112 20 182 181 36 166 93 50 141 3 1 111 203 190
766  32 22 22 15 7 104 156 177 133 44 5 126 164 38 25 179 145 89 194 71 59 140 96 161 161 27 130
767  110 118 184 184 125 18 167 69 88 21 28 182 181 87 47 93 136 136 1 90 151 27 27 9
768  138 103 15 121 124 54 5 171 171 21 70 165 20 143 143 187 98 154 85 176 108 193 1 4 109 27 56
769  139 31 110 162 52 120 192 124 186 128 97 37 67 123 153 85 24 108 168 6 6 4
770  167 134 55 113 113 47 145 94 101 46 89 100 59 140 35 91 161 190
771  30 32 26 12 116 116 189 33 33 124 124 99 180 119 21 123 93 108 204
772  14 26 185 133 115 44 120 180 182 66 49 153 153 76 137 137 122 160 95 61
773  78 82 189 51 69 181 179 179 49 93 50 19 101 46 176 173 91 111 43 27 9
774  80 30 72 170 156 12 51 183 44 167 60 126 38 29 63 25 127 87 154 169 89 108 176 207 203 74 190 92
775  206 11 82 202 0 172 73 86 68 112 195 179 13 13 89 141 168 53 1 159 175
776  14 14 103 172 119 119 178 199 112 29 98 102 173 163 200 16
777  34 155 103 15 73 86 195 127 123 62 105 161
778  30 83 11 15 156 0 172 167 55 70 37 181 36 145 19 19 188 101 46 53 197 43
779  139 11 23 26 189 121 29 181 13 100 144 91 4 8 16
780  79 72 23 23 156 125 33 51 183 115 124 68 57 131 164 48 48 127 191 47 145 145 154 85 84 77 8 132 200 109
781  79 162 184 99 39 97 63 179 87 93 102 50 144 90 137 190 160 9
782  81 0 39 86 98 117 53 201 8 200 132 147
783  139 40 11 189 81 115 192 124 186 191 13 71 100 1 105 90 160 56
784  82 18 185 81 39 21 164 165 187 166 145 100 53 90 159 163 204 56 175 95
785  31 31 103 155 103 78 11 15 156 12 116 115 180 128 180 57 57 28 191 154 76 62 207 96
786  184 202 189 133 21 20 48 113 187 47 19 117 108 10 158 74 175
787  26 125 128 152 70 29 181 47 94 188 46 157 196 35 90 96 204 109 122
788  206 40 15 116 121 0 99 171 60 126 178 112 113 153 100 196 43 130
789  80 177 121 185 51 180 57 21 114 17 87 49 98 102 19 76 100 1 10 10
790  139 72 103 12 192 54 69 5 20 29 114 182 66 117 101 91 111 149 161 92 16
791  206 72 177 18 183 75 167 99 128 164 154 146 13 193 71 140 96 203 56
792  30 79 79 40 138 162 155 7 156 172 54 152 178 131 37 48 66 49 98 123 123 145 117 13 58 157 168 196 196 173 59 151 77 160 107
793  31 138 34 78 22 156 156 116 33 185 81 99 68 174 180 42 126 126 199 70 29 182 63 181 169 62 157 140 91 84 132 16
794  34 26 116 189 33 0 186 152 135 98 154 94 117 136 85 157 108 3 159 56 107 95
795  80 83 83 162 32 185 44 75 192 134 178 165 113 49 166 166 123 196 74 200 16
796  79 40 162 82 104 124 39 171 171 112 66 113 181 102 19 89 89 142 59 90 149 203 84 122 61
797  30 83 65 202 99 73 86 106 60 21 70 48 114 195 117 173 160 107 147
798  80 139 52 99 64 119 55 41 29 114 195 166 123 146 101 46 193 194 1 105 59 197 200 107
799  80 83 0 5 5 60 48 87 176 173 129 203 77 160 92
800  14 103 11 118 33 185 124 20 66 98 145 176 53 207 74 161 27 190 92
801  170 156 202 185 115 75 134 86 41 102 19 136 46 62 24 157 157 90 159 148 148 74 122 95 130
802  139 11 52 171 178 37 25 94 46 3 59 35 163 148 204 4 84 200 175
803  205 138 155 156 33 183 39 57 164 85 58 108 193 193 158 163 201 151 43 190 56
804  206 83 162 110 118 33 115 134 55 152 182 135 49 47 153 13 108 196 173 173 4 27 9 198
805  45 32 0 192 69 182 25 98 166 101 24 173 173 140 91 204 198
806  205 177 18 185 67 114 36 87 146 169 169 188 153 194 144 144 91 132 190 2 56 198 198
807  79 12 133 51 192 126 20 28 38 195 49 166 188 136 58 176 194 111 111 6 43 200 122 2 160 16 130
808  31 34 162 118 65 18 189 5 199 165 37 135 154 76 76 85 168 163 203 109 92
809  205 15 170 7 82 82 177 125 52 115 186 174 180 113 17 143 187 98 58 100 173 105 35 129 6 109 2 56
810  34 32 116 81 51 120 86 88 126 199 70 29 36 166 123 188 101 153 59 2 130 130
811  205 34 185 54 73 39 106 55 48 25 102 13 85 58 62 176 194 10 132 109 95
812  139 79 150 51 51 115 54 39 86 174 178 97 28 98 146 108 168 105 140 109 107 198
813  11 11 51 115 167 186 119 131 38 49 98 146 136 76 58 24 157 59 10 132 132 61
814  79 138 72 110 78 115 54 186 97 63 181 87 191 3 158 149 201 6 151 43
815  14 80 45 162 12 202 54 171 164 48 36 129 163 96 84 84
816  155 26 52 64 106 180 55 97 97 29 114 113 146 146 76 46 176 27
817  83 150 150 18 120 120 134 73 38 41 67 113 143 87 145 153 89 53 129 43 132 147 95
818  83 121 171 119 169 76 46 141 194 173 35 91 137
819  15 189 133 183 73 42 66 17 195 50 50 146 146 94 144 140 111 151 4 132 27 95
820  30 118 82 184 33 124 174 67 66 195 36 76 76 158 161 130
821  40 138 34 45 103 22 23 86 64 181 187 87 93 19 58 196 207 90 159 203 16
822  110 15 150 172 39 60 152 164 195 187 191 47 136 101 13 3 71 111 148 77 109
823  138 72 15 15 23 202 18 33 133 75 73 126 131 199 38 41 66 181 36 25 47 146 169 13 89 89 105 4 200
824  118 82 104 51 51 183 120 57 67 36 25 191 76 141 59
825  83 78 65 26 26 44 86 112 67 36 191 102 188 13 168 10 197 4 92
826  177 75 106 60 20 48 114 17 49 47 154 146 153 153 53 111 96 6
827  205 110 15 82 121 189 185 81 115 172 167 174 55 178 165 114 114 166 50 101 85 58 157 108 196 207 159 201 151 122 16 175
828  30 34 155 12 116 177 33 183 44 167 167 134 64 128 114 66 187 135 127 87 166 123 47 154 13 71 204 200
829  206 45 155 11 15 82 33 192 131 199 17 179 169 136 13 85 53 1 90 109 160 9
830  14 15 42 164 67 182 101 24 193 53 158 163 6 8 61
831  205 12 184 185 133 128 119 60 178 38 127 94 146 13 58 89 108 204 6 4 95
832  72 22 26 184 115 124 86 28 29 114 98 154 153 196 207 96 203 4
833  78 23 121 39 64 55 20 48 17 143 179 101 62 193 168 196 35 158 91 129 43 190 107 130
834  83 34 23 172 167 106 88 131 70 41 87 49 168 144 158 204 151 4 77 200 61
835  206 72 11 150 125 18 120 69 106 29 66 98 166 46 24 111 4 84 16 130
836  138 118 150 125 33 185 186 64 119 57 112 97 41 48 179 93 176 196 105 122 190 92
837  30 72 34 110 155 11 7 26 156 88 126 21 97 38 63 25 127 166 98 46 13 100 59 96 84 109 160 9
838  139 45 32 22 99 186 182 93 145 146 136 136 193 159 129 148 137 151 27 190 147
839  31 138 78 170 104 150 183 115 64 5 174 57 88 38 41 29 29 182 181 36 166 46 100 196
840  206 79 40 103 32 184 44 134 186 5 174 88 126 187 101 71 53 207 84 160 95
841  206 30 40 45 103 32 32 104 156 185 186 69 5 57 21 28 63 113 169 141 35 10 129 84 74 161 190
842  83 138 82 150 125 52 167 128 88 152 20 20 29 166 191 47 173 10 203 27
843  138 15 118 118 12 116 88 88 178 113 113 195 123 76 108 142 168 196 196 196 35 159 91 204 175 147 95
844  31 30 40 40 11 26 26 82 75 128 60 164 165 67 36 146 101 101 59 10 90 111 201 132 92 107
845  40 78 23 118 156 104 150 18 121 44 192 86 174 88 88 165 97 114 195 193 100 1 111 149 201 9
846  11 116 184 125 121 115 69 55 131 67 181 187 187 87 117 76 89 196 35 90 163 149 203 43
847  139 12 116 0 0 44 165 41 146 89 142 168 207 207 201 77 122
848  78 177 115 115 42 164 97 41 113 47 117 169 173 129 148 6 74 160 160
849  40 34 103 118 202 121 0 119 42 48 181 181 98 191 154 102 50 74 74
850  40 34 78 22 65 12 125 81 164 41 25 87 166 154 19 136 207
851  31 72 125 81 192 167 57 21 112 165 66 195 143 153 13 176 193 3 71 173 91 148 201 204
852  30 110 7 156 121 33 81 73 73 88 114 98 98 191 19 169 3 8 132 92 16
853  83 138 162 110 155 23 26 184 54 167 134 39 119 57 112 28 113 145 101 153 62 89 3 100 53 140 35 158 197 129 129 203 151 84 16 147
854  162 65 82 177 133 52 52 51 120 120 179 87 141 141 100 137 4 8 27 122 92
855  205 11 125 172 187 62 71 173 132
856  162 5 174 36 191 62 137 109 92 56
857  139 54 55 60 131 179 179 191 188 188 76 24 194 53 207 129 96 204 203 200 2 160 95
858  14 32 7 104 202 202 54 69 86 126 70 154 19 136 101 153 153 89 157 89 193 196 163 148 203 74 200 61
859  14 80 40 83 138 34 162 155 118 150 18 121 33 60 199 37 113 47 145 93 146 101 108 168 1 159 151 77 190
860  206 206 45 118 65 202 185 172 99 134 73 174 88 112 164 135 166 169 193 207 35 151 109 27 56
861  155 32 23 52 75 167 167 5 126 131 41 48 63 49 146 111 96 203 84 147 95
862  45 12 121 75 99 174 178 38 182 182 25 123 93 76 193 141 194 168 53 140 163 74 132 9
863  34 7 7 82 133 99 119 21 20 182 143 143 154 50 19 169 176 194 142 105 10 158 148 137 16
864  110 22 82 12 52 81 51 86 60 112 97 20 66 113 87 154 154 154 154 13 13 89 89 142 142 173 84 61 61
865  80 139 205 162 103 52 69 131 48 102 94 146 76 24 157 89 142 140 200 122
866  79 110 7 51 86 70 36 166 24 173 159 137 84 200 92
867  206 30 40 32 54 127 49 98 98 146 117 188 58 62 141 91 111 6 161 109 109 56
868  138 45 156 104 104 133 52 44 167 131 131 181 49 47 145 157 157 141 100 168 196 105 35 109 109 160 130 61
869  170 41 181 127 145 50 76 91 163 161 92
870  78 52 183 68 128 126 178 178 195 166 24 196
871  205 11 26 18 189 44 134 119 181 17 49 98 166 145 145 117 153 76 13 58 71 144 203 175
872  138 103 78 82 82 104 12 69 5 174 165 114 98 19 144 149 161 2
873  206 30 45 170 150 0 120 174 55 55 21 165 28 29 63 195 136 188 108 168 91 163 27 16
874  72 192 99 186 128 119 55 164 143 145 157 89 142 207 148 161
875  65 82 184 202 60 131 66 181 187 94 58 207 203 161 130 61
876  40 205 45 184 81 99 73 69 64 5 119 152 126 67 17 47 146 157 141 194 140 207 197
877  14 83 72 15 7 44 99 73 86 70 143 187 87 49 102 89 142 173 204
878  206 79 45 110 11 15 82 189 121 172 126 127 136 76 62 62 3 168 144 163 84 43
879  110 15 73 171 70 20 28 41 67 67 182 181 154 168 59 59 201 92
880  7 65 82 44 172 186 186 86 41 66 181 143 98 47 19 76 91 43 200
881  22 189 52 5 180 131 48 113 145 154 62 24 89 108 176 100 151 4 92 147
882  80 205 11 32 65 82 156 184 52 52 120 73 69 68 60 126 181 94 146 24 141 173 59 197 197 148 201 8 43 190 9
883  14 206 139 78 82 116 185 124 99 199 97 28 67 181 154 50 50 101 173 77
884  80 80 11 82 82 75 75 128 119 171 29 17 36 50 188 58 176 142 196 105 10 129 200 160
885  14 30 83 103 32 170 26 121 54 57 57 38 41 113 87 87 169 46 157 89 193 194 10 201
886  79 34 78 184 18 133 44 69 119 119 55 57 126 164 41 67 113 181 87 93 188 188 193 168 8
887  139 177 185 115 183 124 54 54 42 28 41 67 63 191 117 62 168 105 148 149 6 84 43 27 130
888  80 206 30 40 155 104 112 38 195 191 47 169 188 90 91 96 148 203 74
889  7 125 0 5 106 126 112 165 28 29 135 89 203 109 190 107
890  206 79 162 78 32 32 133 115 39 55 152 113 127 49 50 142 197 109 107
891  40 83 26 99 99 167 134 64 5 171 88 187 87 93 101 76 158 201 151 4 8
892  155 155 26 82 116 183 120 99 55 181 153 46 13 108 201 204
893  138 72 110 78 32 150 64 68 67 66 63 17 187 93 154 94 117 136 10 159 27 160 160
894  162 104 184 150 189 121 115 68 119 55 88 152 164 164 97 143 187 136 89 168 201 56 107
895  14 30 40 45 81 192 54 99 186 68 20 20 66 66 187 179 102 157 53 173 207 10 159 129 148 74 160
896  14 31 30 72 34 34 150 120 192 134 57 41 114 63 87 94 117 188 194 100 173 90 92
897  40 33 51 172 75 54 171 199 112 70 28 181 25 191 102 117 188 1 10 10
898  31 40 202 115 178 182 66 113 191 46 163 147
899  31 34 156 99 99 106 178 20 37 38 114 176 142 1 140 91 148 149 137 4 190
900  31 78 22 12 189 33 44 99 99 134 152 97 20 41 66 181 135 87 13 85 176 105 137
901  206 11 32 116 125 177 125 133 133 115 124 39 86 180 199 112 28 17 135 93 19 196 105 190
902  206 40 72 45 170 99 134 69 39 5 126 126 114 63 179 117 76 46 108 108 142 53 196 6 84 198
903  31 79 79 45 125 133 192 167 164 143 191 19 153 58 157 157 207 109 9
904  72 34 170 170 172 73 39 29 66 17 187 179 117 136 168 149 204
905  139 150 125 81 183 57 178 164 20 66 113 169 188 153 85 3 173 105
906  103 78 32 104 202 150 18 192 134 186 174 57 37 38 182 182 17 94 58 24 10 111 4 4 2 95
907  139 79 78 12 12 51 119 112 165 166 50 101 89 194 142 173 163 132 190 92
908  121 0 128 60 63 63 143 102 89 142 10 90 159 159 161 56
909  139 40 23 23 133 120 186 186 86 67 98 24 141 142 91 204 132 122 16
910  83 205 32 118 156 81 64 128 60 152 126 21 97 187 127 191 19 117 151 77 200 92
911  206 31 30 138 170 12 125 189 134 126 135 169 188 85 62 207 43 27 160
912  155 104 189 133 124 57 88 126 63 195 187 187 127 85 142 1 6 4 9
913  139 32 22 156 121 39 39 60 112 112 67 182 195 87 62 90 96 201 43 200
914  155 78 32 172 120 97 63 102 142 144 140 129 8 8 147 147
915  30 205 155 155 15 15 104 116 18 189 183 192 39 86 180 55 41 29 63 87 146 101 157 3 194 1 59 163 6 198
916  184 81 54 134 131 70 28 47 50 101 46 89 160
917  34 22 23 23 150 121 167 164 37 37 36 166 123 188 96
918  156 33 0 171 57 126 20 48 89 157 157 53 59 163 148 204 84
919  45 65 120 42 164 97 63 36 49 154 19 163 137 132
920  34 110 78 118 150 172 192 99 134 69 39 88 48 182 66 17 25 127 49 102 188 188 24 96 8 190 175
921  206 30 78 11 15 23 150 99 69 180 63 87 117 157 196 35 158 159 163 84 27
922  206 30 26 116 183 44 99 69 106 119 28 38 63 117 188 153 3 159 200 175
923  30 83 110 155 177 51 183 75 64 88 63 93 176 194 196 158 158 137 74 92 160
924  155 116 125 183 39 39 55 152 113 179 191 101 85 89 71 61
925  34 26 128 126 70 143 49 101 129 160 16 95
926  40 110 170 104 116 177 189 75 54 42 199 97 123 136 85 91 84
927  83 45 162 185 0 51 106 181 36 154 194 173 197 96 84 61
928  83 7 82 185 81 51 51 183 38 29 47 145 193 142 142 59 35 96 77 109 109 107 175
929  205 82 104 184 81 192 106 174 114 181 143 143 87 146 94 173 84 132 56 95
930  45 162 12 125 18 81 44 174 128 60 178 70 114 182 66 179 62 157 141 149 6 200 2 95
931  30 34 23 69 39 21 21 98 117 117 76 76 13 168 91 151 27 198
932  184 128 42 199 20 37 66 181 87 19 169 153 108 91
933  138 155 156 125 186 69 39 86 126 187 85 89 89 108 71 100 196 207 197 4 77 43 161 161 2
934  150 183 54 186 55 60 38 25 49 191 47 145 169 153 24 141 3 71 173 207 158 129 84 77 190 92 107
935  138 205 110 170 65 104 52 51 172 171 21 179 98 153 108 176 141 3 207 148 148 149 204 4 8 132 95
936  40 78 22 177 99 86 174 70 48 114 114 113 36 146 85 24 194 196 10 96 96 4 43 16
937  52 183 115 180 57 37 50 13 149 137 6 151 200 161 190
938  72 45 116 64 55 131 165 165 76 76 108 53 35 204 151 95
939  83 170 82 18 51 171 57 42 88 21 131 114 154 146 89 168 129 203 43 27 56
940  83 34 170 75 68 180 178 66 154 188 85 141 149 149 160
941  80 162 103 22 133 134 86 88 131 49 19 141 196 158 77 77 92 9
942  80 138 103 32 7 18 172 112 114 36 135 47 145 188 46 13 142 71 197 6 132 200 16
943  170 186 186 21 48 182 85 89 89 141 71 168 53 196 59 4 92
944  32 65 104 104 120 134 152 126 29 67 63 181 93 50 94 136 76 62 3 59 203 56 107
945  80 139 78 189 51 131 195 145 19 193 159 6 151 161 160
946  83 72 155 81 172 119 112 143 136 188 58 108 176 74
947  139 162 162 32 23 26 44 54 39 174 180 131 70 37 28 41 47 193 3 168 74 132
948  30 34 133 81 81 124 124 192 167 99 86 48 114 63 87 89 176 59 59 35 149 122 190 2 61
949  82 189 121 88 97 66 47 145 19 94 101 153 62 196 35 159 129 6 4 109 95 130
950  103 22 116 167 167 167 73 73 171 97 41 67 46 53 149 74 200
951  45 133 185 42 131 114 182 87 87 142 144 35 151 200 2
952  139 75 192 64 28 93 117 101 157 89 197 147
953  45 11 125 177 18 33 64 68 106 126 70 179 98 98 123 19 188 62 193 10 84 56 175
954  206 83 54 99 134 69 42 70 182 66 49 24 53 96 201 203 2 130
955  12 184 52 120 124 21 28 29 181 145 102 53 105 159 197 111 56 175 130
956  183 44 172 88 152 152 164 41 154 102 50 169 85 85 71 53 203 84 161 16 95
957  72 110 11 12 134 68 152 143 10 129 122 92 56
958  155 115 183 192 174 178 112 28 63 195 36 36 25 123 146 136 13 157 105 10 158 111 4 84 84
959  31 202 177 54 167 106 25 179 127 94 13 85 3 1 197 111 61
960  110 15 116 125 42 38 93 153 85 71 168 204 204 190 92 16 147
961  162 170 104 150 172 55 41 93 19 193 141 168 203 43 160 56 147
962  155 82 133 54 134 134 134 171 164 37 114 113 17 25 127 145 146 157 35 197 203 190 160 9
963  205 162 78 170 177 18 33 73 39 106 128 66 113 145 62 157 108 105 74
964  139 83 15 170 75 54 180 42 38 102 153 13 62 142 53 144 105 10 91 27 122
965  45 170 0 51 75 64 5 180 20 187 179 169 188 85 27
966  7 82 150 172 75 73 126 41 187 157 176 141 144 6 4
967  206 79 72 45 162 22 177 69 106 29 87 101 91 163 201 8 200 107 61
968  31 79 11 32 172 75 164 28 66 187 25 136 58 58 100 35 159 91 132 2
969  80 34 45 60 112 195 127 123 93 19 101 58 3 142 140 137 203 84 74
970  80 103 184 184 33 86 174 60 152 126 66 146 157 89 100 100 4 4 84 160 130
971  45 103 186 119 152 178 21 165 67 93 154 19 46 193 159 111 203 8 109 122 130 198
972  78 22 104 202 29 114 182 145 146 46 108 108 148 77 43 132 92
973  72 34 26 202 133 152 48 17 127 85 62 137 132 160 95
974  31 110 33 33 75 42 195 76 85 176 193 168 35 16 61
975  118 65 124 192 192 73 86 174 106 88 20 143 135 188 1 35 90 159 197 201 149 132 175 107
976  22 104 116 121 189 121 81 44 128 164 143 135 50 169 101 46 100 35 149
977  34 51 44 75 64 42 165 28 48 179 58 193 193 100 196 105 111 148 96 201 8 43 95 61
978  80 185 183 183 60 126 20 63 181 36 101 24 89 176 194 100 95
979  40 40 72 162 170 12 184 116 121 185 124 68 152 97 66 50 19 62 89
980  11 22 65 65 156 18 133 39 86 5 106 57 152 165 182 17 195 127 87 47 168 105 105 163 190 160
981  31 34 110 23 65 104 69 171 60 182 63 135 191 188 76 1 90 161 27 160 61
982  80 15 26 54 69 64 128 37 29 169 13 58 4 190 198
983  205 205 34 45 45 110 7 7 183 75 73 119 164 97 29 143 36 187 188 62 194 10 84 92 198
984  79 32 65 82 202 5 21 113 143 25 98 191 102 101 153 24 24 6 43 122 9
985  80 72 155 78 104 125 39 86 5 68 68 180 171 57 57 88 181 143 136 13 176 144 35 190 92
986  40 72 72 186 134 97 48 49 176 91 129 149 27 175
987  40 45 110 11 23 150 18 0 64 5 119 164 20 48 187 153 24 149 137 4 77 161 2
988  80 75 39 174 143 191 47 94 76 105 105 111 96 8 132 190 56 175 175 175
989  205 205 18 185 183 192 186 126 37 36 50 19 24 157 142 105 96 107
990  40 83 205 72 65 68 178 199 100 144 59 35 96 4
991  138 104 202 51 75 192 106 152 152 48 143 102 136 153 153 194 1 59 111 137 200 130
992  80 80 206 79 118 82 12 150 81 28 67 182 25 166 169 13 173 204 151 160 175
993  83 45 110 11 26 12 202 183 39 5 68 178 97 20 63 47 154 117 58 3 142 53 197
994  32 104 121 185 183 73 86 64 5 28 191 19 58 100 197 4 200 161
995  118 7 12 44 172 99 68 174 60 21 41 63 123 53 53 207 91 197 96 96 137 84 9
996  32 202 125 86 171 171 67 166 169 89 194 100 173 59 10 129 151 161 107 198
997  34 11 156 12 75 75 69 5 180 119 55 57 88 199 38 179 98 166 101 35 149 92 147
998  32 121 81 115 192 54 186 66 87 145 101 89 194 194 105 10 158 90 77
999  206 34 103 78 78 15 7 18 172 192 180 180 57 126 199 182 93 94 94 94 117 188 46 193 105 59 90 96 190
