4 4.871937 52.35423 80104 1.0 12
76 4.899655 52.372814 28120 1.0 37
36 4.878695 52.363594 113324 1.0 78
46 4.91206 52.39027 37198 1.0 26
37 4.928536 52.354977 113916 1.0 75
74 4.877086 52.372433 116192 1.0 68
19 4.90622 52.343952 23212 1.0 29
89 4.884929 52.378616 45462 1.0 35
77 4.890752 52.37171 78632 1.0 98
1 4.85204 52.35105 53024 0.0 85
40 4.861893 52.34804 53558 1.0 18
72 4.870814 52.371098 88328 1.0 93
114 4.883147 52.364395 29978 0.0 57
3 4.882629 52.32604 21658 1.0 89
0 4.875785 52.33201 107748 1.0 29
51 4.85027 52.369804 109946 1.0 12
141 4.826843 52.355072 82284 1.0 48
87 4.879949 52.373253 31178 1.0 12
56 4.88903 52.36694 75000 1.0 30
94 4.862902 52.36486 32064 1.0 22
103 4.886022 52.383305 45210 1.0 10
104 4.891739 52.40101 87550 0.0 22
31 4.899655 52.372814 28120 1.0 89
98 4.887614 52.37336 81054 1.0 26
67 4.853511 52.364265 55978 0.0 58
