29 4.918013 52.357418 17818 1.0 82
85 4.940002 52.363796 15930 1.0 8
146 4.857206 52.348705 53334 1.0 32
154 4.7954 52.357628 67310 1.0 25
294 4.898849 52.375824 27134 0.0 5
188 4.894707 52.37886 38980 1.0 16
142 4.89095 52.372646 28096 1.0 75
268 4.87362 52.39091 44210 0.0 9
144 4.813023 52.378525 51150 1.0 44
245 4.925255 52.39149 116126 0.0 31
316 4.886793 52.34982 34692 1.0 75
143 4.928049 52.36234 15388 1.0 48
198 4.895711 52.375614 112880 1.0 71
238 4.867586 52.324646 22072 1.0 38
306 4.853318 52.37345 55808 1.0 55
95 4.840032 52.34969 82386 1.0 84
66 4.878884 52.369465 30422 1.0 79
114 4.868477 52.33151 36384 1.0 88
242 4.925197 52.39123 11440 1.0 74
90 4.842111 52.341675 52838 1.0 99
190 4.892704 52.373672 27676 1.0 49
42 4.90077 52.355484 24986 0.0 68
166 4.901749 52.354282 25008 1.0 70
292 4.894791 52.372208 27308 1.0 75
253 4.895378 52.375004 112904 0.0 14
